17 108
12 6
16 5
2 9
1 9
5 7
17 6
6 11
7 4
4 6
8 5
14 17
8 3
15 4
4 1
17 8
15 8
17 1
12 14
14 9
7 2
8 4
6 16
17 9
8 2
7 15
11 1
10 15
16 12
5 17
16 17
11 13
16 2
12 3
5 9
17 3
8 7
2 12
13 12
14 5
10 1
4 10
6 3
12 9
4 17
13 7
8 14
11 10
14 7
10 3
11 2
17 10
13 15
10 12
8 10
16 10
16 3
9 4
8 6
7 12
16 1
3 13
4 13
17 2
7 9
13 17
5 1
7 17
8 16
1 2
15 14
5 3
3 2
14 2
11 9
12 15
11 17
13 16
6 13
7 10
10 5
4 5
6 14
5 15
5 11
7 11
3 14
9 15
14 1
4 16
7 3
4 3
16 15
2 4
10 2
1 12
13 1
12 8
14 4
3 15
17 12
8 9
3 9
2 5
9 13
6 15
13 5
2 13
16 14
3 13
11 8
2 10
1 15
2 3
11 10
17 12
4 16
12 13
15 7
7 8
5 16
6 14
4 9
14 9
5 17
