1022063726392
455933480700
995562035902
809728053971
2037971345516
1348251259205
2198918551874
2238413484274
1398022722420
2790048042366
1354950760721
627872817877
979347120386
2004881211366
1550656668795
1234923041483
1775550415787
1762255354392
2310920094508
3437381595705
2637638838965
3727447387854
5099623127083
5575598064184
5658742130920
530663565981
1877021066532
1067068629947
973722771166
1819914125329
2332443646649
1695118565226
1192096963310
2674186816731
3424341934179
2823920951922
3014304395077
3719501929144
4291322841960
3096558812216
4382976011941
4417708397951
5048239026455
5107804866266
3968470604303
5184582218671
4600050953030
4863027588831
854525088412
1991830925733
2005105758140
2517721674427
2370381354812
1552535473715
2040664475514
2177575180238
906878944213
1517222914251
1489582837141
3140829421873
2286451064326
2344279212487
3670360581034
1813250992100
3206913793610
3551509093558
2798651807425
1219089056214
1812363551134
2837950441878
2668577166067
3450537953536
3920630577433
4379673584709
4436233443668
3778436855773
3626511470582
2854876641519
2959686533609
3348336826911
3955260890281
3517053033799
2097156438487
2822404925712
3041842940500
2826046060727
3128338145775
4234013688244
2806140744707
3849325855520
3774435826600
3341074544112
3592982933693
4147709940609
4379963189320
4681473788426
3208894681129
3460308340069
3967635618790
4610945140201
3156737637001
4016874559926
3951072128241
4184295923020
3928130151240
4305554878373
4318223656827
5481111370780
3795464836335
4198755136328
4465667065331
4637469071213
4642801108039
4905894676294
5380235129864
6262975078220
5087353915840
5579217943371
6880459195297
7411079490277
8109279001527
5920295682678
6354231803181
6692997917672
7669077817132
7699306313788
3247355988023
3474392865495
4005011154075
4564403956894
5527791390725
5551026665377
6077113163740
6570853846165
6205151176302
6124028642241
6833103694315
6472533929328
6448841007152
7681591901207
4094692540878
5000616521622
5098669874117
5717727136438
5250777608274
6160938840651
5698121205180
6435440278836
1561641965816
2478629735427
2942401263942
3020436355494
2006066080936
2201506687736
2520594186494
4328396606986
4131995383219
4161852795507
5096679360223
3096945569595
2371792084766
3227664761848
3335904774850
3400921075166
3149871195873
3539415495568
2988494150660
4118294148532
3781541845508
4944183299469
4932052942467
5753585366890
3039202815562
3835263832589
3886208270157
4830139291235
3951595758269
4992658930790
4532566317800
5970755917275
5797272353714
4729822531831
5201101527496
5992576621552
5193967703714
5445450929855
3345620821088
4117480057748
4558430979539
5301750837688
5627893342881
6619374136006
4741545038421
6096140460241
6335050979246
4332499759131
5271098145007
5479711438833
4601884179580
2391146548415
3355624837074
2898955275111
3633738744624
3084676248460
3192863290247
4127555346628
2999582271635
4413310222245
3922169506173
4585676469889
4710877673363
4121339007254
4915467440358
4307175272418
5459867624134
5138786259076
3288711381369
4310696134058
4817337306746
4280390430337
4337922663414
5010979041443
5445836428849
6773385256800
5971035240133
6866925954069
5249593564243
3435017459751
3827009172134
4912291471670
5545868401611
4018353522874
928096433147
1314043699244
2082593930725
1554805098687
1390810095080
1690696507978
2327167462844
2349141021403
2746042964983
2548621148996
1783324557282
2452557056668
2468636640272
2960645113082
2959036757853
2036242194768
2610231244119
3422088622188
3129152686531
3698056008439
4097284083669
4773246022770
3621811218304
1870255249563
2978542934318
2027582376064
2436870475001
2353769024507
3480069127607
3135919790290
4517734984326
2280985330631
3209620271649
3311166026225
2817267251442
2142441360078
2727332676248
3565685146603
2780086029863
2317303455655
3177226887363
3187835085120
3877501505942
4814766216886
4754783888214
3735425720857
349891650800
1327927877445
1075593060451
1545176100313
473509790824
663225598226
1223179858457
1757947653016
2131024073821
2719227529100
1788977654466
1868997616739
2322034494532
2456174085576
3319940773739
4155588979900
2199469814223
3016796984188
3512487383354
2473829325361
1572351563102
1720404731693
735382104568
1939112778092
1112967545936
2016905767057
1914797919780
1718360506202
1554797945339
797550874903
896686721065
2019004623962
1203929756521
2297699474426
2510885667087
1838136139106
2712090709406
1132744254820
2029006633021
1452464974361
1604829181799
1420904088064
2295387360420
3477370967828
3000154516606
2304803445669
3610472466464
4021139054878
2195398513660
3054387085523
2361256765595
3197127237728
2490956717318
3341648526597
3174670331495
2645044315962
4145112246776
3775232267149
3073919639718
4731577412806
4309732749611
3150687437162
4528149430911
4637320157809
6219454190478
4647685819417
5504811381424
6080078324325
5249933983701
3709829766387
4360541017012
5409778801061
4480869914359
5068815106624
5708234097560
4763898832334
5744049538896
5803989308829
4985349891785
5651376306952
6843064116184
4105409742628
2870613826955
3168225778752
3330450159308
3472826459149
3418632212260
3748785165118
3935106415239
4874081949895
4184555365237
5619462669775
1973356762558
3325368256153
2623441405763
3387994933072
2108571707128
3292086320761
2789003423824
1984643491880
2289271247245
2887676592453
2938407336537
3844785621095
3420582593073
4536267129777
4973808572074
5315245021428
4049498548950
5080353498479
5411775541491
5349518559240
6394210823884
6553167287016
7214536422164
8176766446588
7331334076000
3589182366359
773182839734
760346964019
1160879995208
1420175160319
1299433778509
2178122710449
1774443135456
1857137711959
2516004316750
2985261530561
4209368780636
1239501673214
2492897983043
2575518610584
2924957563907
2595583330044
3485492312039
3163201869247
3744053125380
3388700395342
4549019575716
4485502359122
4784415664022
4177833957956
2039496451130
2485429864678
1663228842244
2067481219521
2967158017573
1958086356369
2994954278400
2991546121568
4380282223773
4845654673392
5160371856689
787407246588
1896259811243
1701151686156
2550007050710
3386698030886
1449834267878
2555799274548
3029796676291
2899064347274
3263991511945
3519464305196
1226691039363
2333070110759
1774181599984
2526715029740
2698284647880
3039493773429
3784082645969
4074235798675
4487971577351
4311291470127
5204000932096
4236956812679
2390863048781
4097434412023
3297052906671
3915490851803
4143375010821
3654736937884
3523363236702
3901228517523
4605843800978
2685920760192
3677390636597
3212130930148
3310221664646
2830434606018
3222013134878
3699943831043
3543275529447
4217553269642
1177276020217
2498444925929
2233047044740
2399903215596
2052513810189
3193692545798
3219867331568
3598319333552
1449816976486
2557162033058
3119489232266
2419855652798
2173169289361
2117993397398
3496546313239
2409850793576
2654440649779
3499032191194
3719672002010
3347122098011
4182728335586
2734795272542
4466212124156
4046560814110
3994275412089
4539727478281
3043828573927
3247738515845
2674764678766
3069199712045
3151981365701
2933489181906
3620460765209
4349972690133
4070655531509
1576099173170
2158298151340
3209370331280
2681264606560
2373380271250
2855171194940
3252742578243
4846122787940
2256738461078
2966264561749
3594141084041
4026916654321
3819406084226
3988462484668
5067110541666
2311382270841
2577165133185
3446207701229
3657943181588
3759302069110
3666653519573
2170238324541
3250850103869
3910585446217
3625941303468
2967988746976
3822940239308
4367907912212
4474683471381
4910464159289
4047126989271
5034536186275
5361298467951
4783719898193
6071616203971
6902400119012
6569006947836
7233268677559
6898264259224
5899724251726
4279072203748
5706974034787
6019546295160
6050008442276
6603328503222
7621185429679
6726402449272
3032505125535
3729520535375
3750660888991
5416138243737
4988848513195
4136872752301
4558241381754
3639864400032
4421133902235
4518105348410
4043120520034
5098556727736
5015924376728
5790456154062
6155462273003
4120236625038
4685140881297
4999218029585
5728808269586
6928385203305
7104730381905
8014159161888
6651182135098
7133624506904
7560027703978
5656670216965
6317224468007
6405155880548
7246808649406
8646776408233
8712094149788
9678918446258
7578803232803
7661219066994
8933990281011
4659002346556
4796384843744
5104736044065
5839096447000
6415952011731
6578333365299
5975156312767
5965631054106
6628796003668
5418234881482
6157772597775
5979631522953
5073622542752
5861478248101
6211158111275
5867381644233
6546873825575
7311929861098
6865057572542
6691204694975
7288098837892
7839797800017
7287346375262
7901720594470
7937150482476
8157029840783
9285945947489
4172068706260
5243350495343
5243806942469
5109400102983
5344540193714
5179736656003
5944386012827
6326456170784
5574028812406
6602065536561
6612396319111
7244441772094
7501110268699
7179850207121
6575459427829
7341782199906
8287287689965
8545241543880
6458039789597
7220795340096
4529069251728
5409157093880
5481844982293
4970709920557
6023922884466
6135460679878
5203323087822
6768889102598
6416476057060
5726642991988
6131625067455
6548848445837
6840097211451
7397657710762
7793199956034
7240586627342
7901105083874
8204375390415
8389207886013
7929700586918
8386701649526
9031862808807
9166395862287
9182323152503
9327263747117
2928624538158
3771943151517
4513352831403
4857677034120
3991544315249
3677937849562
4024797946794
3605338565809
3943044216236
4788248906008
4753244742181
4908530289725
4630001662002
5272441864048
6275660840894
6230951964213
4402695736643
5599494041141
5064457337740
5255342349874
5600076913441
5290404556719
6752193908331
7454038927220
5740308766895
5884242073357
7073307457825
5830043162994
4541779438265
5120034392870
4115972625529
4642950700975
4921835781336
5280874383368
5808715234254
6172835593801
5299798274251
6701802350111
6591272847409
5611474561260
6006898030979
5859260111951
7003408379140
4554104732586
5501939847808
5782796474511
5624804701736
6469315741617
6297993288524
6518554043330
6374376385114
5932743371433
6784226579725
7774753534461
6605579172251
5470484631481
5740821495430
5847096321889
6130429103099
7178792222220
7231561505425
5521004440750
6421902323691
5830461025781
6770189850122
6285028951441
6970863350192
7309189337940
6666094672876
7420681572987
7798873634147
6713704245753
6773401899180
7446771379641
6619754798583
7429831604758
6892959317136
7548077059516
7930557650563
8730101021238
8137572350939
8124714134900
9317572940509
9186591339597
9837928652242
8934325400299
9428258608097
10451561908281
9130968082441
10059265924920
10665695067094
10043744257467
678998278470
1500852393434
1294100331390
1777289213654
1789862770155
2585672946724
2369049736732
3138555942776
3793474400190
4341991239900
4497138644863
5647536579318
6003931839940
4336744999684
5695567474138
5839705784528
5566614033031
2652878733137
3188102871004
3842470316250
4404066660150
3851682780541
3907304840567
4614275319476
4510286953278
3998299117409
4832850918625
6238373968851
1450737624324
1875017488726
1786200228482
3409568752388
2473210051175
3184521793596
3890416765252
4805860830183
2652097974243
3714301994813
3024063788612
3429555902085
1674398609788
2890486502963
2380537423912
2863508707924
3675704312530
3904510892416
2502345744721
3111882549776
2853653788750
3654197211252
3323008218213
3678296604811
3174680422965
3858299396999
3637575796392
4456277429001
4483334707265
4045359189737
4938035508669
2807538289402
4029341625169
4326998019120
4919153651763
3099587149621
4020408431441
3290880442648
4518672687934
4249270208886
5687088789108
5408398302209
4525647130460
5588479507408
5213538263848
5469227009979
5847089583321
6326684243713
7501719009202
8088173104808
8087101081865
8029817127824
2547222889457
3753371843872
3928404495650
3592318812455
3021438973874
3267395284638
3696776076484
4029431574014
4342823421716
4100038040029
4882267352709
5149627347150
5875479053774
5435568279491
5570650940155
4773092262949
5737138314593
4410431873199
5607820241764
5443542412747
5198131560047
5972746293025
7501901872879
7818328064418
7724349941478
7261269511762
7682467667131
5044490942847
5941451948814
5963178338452
6652862236774
5724790349114
6652336369560
6387984861439
7139158887593
6997835754778
7770354609629
6699346258858
7183110820839
7232881535103
6967510659718
8329986185114
7662595635481
7542399769753
7965200021853
1100634805191
1915294016747
2767439125050
1613624311122
2341718404771
2854314472515
2192351367613
1986046793695
3226683047531
3536247041842
2723890340457
3218180116921
2942110197837
1912840455017
2361465709550
2274019507041
2622235594196
3557972222818
1991309064002
2379026159018
3799735168633
4729433849185
2913778557328
2695449749031
2908414340255
3542025394561
4066723849259
4406678766817
3921693789186
4010586779911
5131056699023
6167004827398
5485829961770
6582621186708
5434167823970
6023370042756
6993370390606
7102437233863
6338057387880
6301065003496
1331107495056
2462569205920
2635239829776
2689218736172
3104011483358
2938880820175
3228074731028
3798700488631
4007936799403
3601953070860
2728731569375
3793683226116
3678931692408
3894084883697
4282111678145
5106649704755
5881891329439
4176945653639
3695672396853
4280258667726
4782203282741
2629500283299
3564257159470
4456837755382
4052761996260
5114990268983
4366477241414
4363543816100
4886940669177
5513782488777
6568300508625
5424592224582
6382910219578
3148661327635
3631514173010
4078665499331
3838088982496
4722613061841
2965235590939
3363621458608
4349003746832
3961965766054
3915759441600
4381198885755
3458480290307
4048053034626
4684690969975
5016829060135
4833223613809
5536022863983
4919652649460
4977998995530
5886535268280
5907538852942
6539042833033
7159702615574
4610520857519
6215829560034
6322778996187
5912740803507
5943906994634
5885833104448
3903269694370
4475608746263
5377565031632
4626671214814
5687203840816
4481061886517
4329055443389
5547191839948
5999925881983
5589686287325
4730279447282
2335355424982
3064122108521
2987780358774
3471465400288
4623801266349
4201745458881
4862568123358
4083892937474
420967271159
1530224136129
1010118803266
967830542032
732027101289
1585660132209
1283551636008
1004818142463
379517432707
1047607145116
1783585882711
1821602575676
2075267537029
2833634723178
1032243590626
919354104765
2321076616602
732097257565
1682859268834
2131908540164
976145593737
809994385251
1059021707181
1068888632040
2440482243096
1322546094731
1902796641593
166228168941
860547717056
658966636889
767983850155
659321408509
1339103107042
1030488225435
1048477950412
1490610455317
854476479719
418239106701
1892064099417
387443945745
915518551822
1345451731207
1122199816880
2088213491116
1430115042079
1497376589643
1473956794715
1930576540424
1618052097378
1160866940945
2215077419394
1803107880462
1961941996709
1145348763887
1769964352276
1924702055166
1755082225541
1628285162581
2717478324234
1321055557568
2258977864849
2503963727228
3162086829554
1417267049302
761023822712
2877008685650
1199970520207
820255970064
1710315413713
1595167654390
1112172268100
557438790576
1093239313268
851113699208
2635473027502
2476388697075
1271415984152
1174447374204
1212365522701
1043672702755
2640037154991
3337746313508
1032495969125
635300296174
1230826377508
1599215425193
1162326410200
2016141089630
906034749916
1536502241532
1055440335854
2146862449052
1405944384063
1514357141819
1674549216757
1490020793729
1151772494346
2398098724043
1200623977396
342326046348
811829559642
79844587161
2265839978914
2970189173419
1111799506071
814587743068
343844593332
496466380998
803993331259
532734520050
1376426974319
2030701603245
2188661760755
3149658132610
3743229830742
3181710924494
807332051812
1577377557502
1009713885604
2539335471025
2212469447170
1671036208855
1539481879009
2039229713282
1256359613229
2031040533853
1086868856001
4110060486137
1693733267224
1020055618952
3584567000658
2179618958825
365257451465
1144930402048
335729353109
2182479512659
643394507701
3559067166227
492526385667
1255397202927
1605687224889
3529804681598
1155095822041
868546625930
2725071765135
2262272948668
1048268639694
2639032263911
2531524191439
936821321493
847980149720
784201345781
1572101437090
1941277589140
3818061147887
2208870332823
2285477240045
1476696292499
1635992281954
535164287611
2643379472344
1660237394785
572499368777
891458364943
3221095618474
2537393599873
2133022872717
1476043330976
1913842481126
2064075544182
1096481271764
2022723191970
2469320780892
892465402726
1692290892677
1234504301488
2211832328345
1503724844750
703327003053
2588281242584
898136428213
1967088040923
3034045858421
2877487005721
2308010968801
1871837127755
2500370212244
1499495113394
2884046222777
2285450097196
1103437822343
2231976222817
1739301076677
2476178221297
1844657274104
1437967299356
1600440574259
2252465181877
512613221891
1338026409024
1629480918372
1842924846046
3016344105129
1563331077740
1234597721233
487491150338
2062426371796
1829937343580
3191165545488
2293036094904
1616688793490
734164550590
2200122655352
283863791222
886279162887
1313902160561
1679887329169
1367342832586
181046227823
2692025631448
709376782404
698349848554
1714305723873
263786041882
1265435612536
1599613015877
2456787397284
2232772630670
1255786373665
1820386786358
2359974016577
882132607976
2049620208863
1117725636989
1738886182489
3098540489237
1124465178742
1164784812097
833127937711
1213685296207
983223329341
3059519018950
1887596126572
2531005335690
3317850343659
2496680742634
4272619096211
593114082979
1848810195633
3216971611412
1743815872161
2815614827116
1344309559207
2292518606007
3086755413797
2103807648021
960716091197
1922476673259
3639996366541
1161228359244
1152618419732
3573190260579
3708851940826
144599564123
840854802657
1445911990142
617071230246
1310605924276
1966298780642
2805677959821
2121445612167
753848069730
917575739712
2027517838049
1246191726794
1279112527208
836298341484
1333588930920
1559871244835
3050378989835
1327078411039
594460709233
857668322459
1284015030568
1107077352378
2808501193101
3119816509554
1961123581516
1171533170718
1300538162646
1257723102392
3481808031962
1004489375197
1924599783367
1502839275658
1939370334854
965043762825
782368698645
1421258249178
1332854519308
1644591862284
2115658873135
1941581021778
1596564326264
1016717394654
1818583665968
1118871123790
994224743405
4076965695826
1783491963444
1765016852274
3365189826782
1806493209313
1826405521961
3896181024707
2389571217777
1336969856334
2058171156659
1250482876600
1561832851397
1572744649662
2349207578082
1004693160957
2209418736225
2546477307695
1761119307705
1036279367699
650188537803
1271392367130
1897613811388
1968080984872
1117169914335
2255916913064
1829218928662
3154219735844
870728769925
3157602022332
3663903379859
2153057862574
2309725659359
2235803335014
1836937969441
1757646588772
2759578459348
675515413912
1180887344839
1492146621329
2436563007367
3406831519931
2545538199367
1679048913352
1623446061492
3395995282812
2881616032687
2089249022750
795403889681
1685401207664
1661009623094
2888542241682
3623497591945
1547246152474
753046648115
2147840244304
2567679025450
1655262066810
814960857217
2694071766054
2088433573115
925328852249
1356777879275
236169884949
819096458727
1266743915936
475176316032
2081037288036
2019858332232
1748454492579
2488694378288
1132679176984
4300976546098
2347336995041
918392767340
1982814028480
1034085695242
1139322350341
1452968721917
1999770203472
1024517573052
1355177527815
1215722125632
2206568157563
237414997724
1546453328240
2664659473704
1871788508569
3285607069564
1983316925996
1990724170734
2180440485819
1490120066291
1855704712867
1241699584610
2769259931122
1357262426543
1524613987386
954004460347
1179128873953
2581262377351
3327136326241
2219774937310
576713348844
3023438628991
499177738060
1282989796136
558841713138
3737664252994
2958332167342
1879017332584
1077985709625
2818444122924
3793465333482
1295407652274
892991430524
1605973191323
1664378832922
2040509526534
471134827333
1283192130067
1364017579985
1604851970624
2564136663317
482771674004
2486333023731
1628327564039
1352828882730
2811919388429
1851597400641
1355981827340
1322581622360
1166055524322
1125275915494
730877821171
2373240330548
3030949997166
1882530089798
521830533983
1037862480022
2181257600369
1353789933320
1185588044933
2163945959433
1619219158236
4540549110253
1350871840353
881201830637
1669684125481
2155957548520
3221177515216
2659212115756
2257365960918
1016238824756
775073806776
2707512092936
1011698442487
2011903816058
1022476529027
1178810324021
2782424133767
1370796767071
1973433169624
1864997418774
2963224707572
858004704550
3194780436893
1436153806553
732578705085
2406142100383
939835760662
2780088328326
1937082437731
3631489436415
2182693457442
1496275451478
2781041677332
2145515103212
1464990478782
1656788339057
1099076372439
3830034066252
2333596956126
1296611801733
2514306000979
1557442546099
1979912786805
1212196628745
1231854405018
2166717946783
1947574153909
2545994362310
899513461018
741187233856
1837410802464
2769162335775
1078368296968
2957800890719
3587338546337
1460985557769
2329750473502
1216779671395
2048185259965
2432019384258
428617440847
818792548831
2640029932726
484903533333
1533789508818
3521915600473
1724770748237
1546949093186
1170664019352
1945434101216
778111557219
3542052677242
2239061206396
1189733297829
1924948433892
1288340767620
818788702812
2358126514337
2685857381536
1605474318419
1157714283627
1026360760923
2921915418420
3313242476128
1549181946917
2481815039319
3501619146881
1218402005303
4135336999587
1162594307459
2399117670042
3254025795948
530961566615
3553102339048
1833069943448
2112896744044
2378240937135
4489805458903
2353845142571
883905268192
1698876907594
662128827620
2222695028754
1728879699979
1302820735073
2188417236199
75702074007
1949030385501
2887961998392
2043085736122
1665620829711
1578516764037
1425155339800
2447424213370
832194890795
1541322041652
4103981041797
1456389743232
2995712125244
2024587661879
2074938878046
2371023579336
1676440012933
2078042177961
2009812078499
1394330282735
1455674098956
2658515409906
2207817158988
2676339778475
1669445686635
2424666979637
772684748146
1855738215919
3135486586357
1263959243104
2639910150651
2585680689095
876490731302
2004069037570
1330362928870
3429490739137
2481918707978
791395877209
2110618682762
174179016307
1901985271417
903871656455
1617192684088
2592621339070
1999579795965
1170291382324
1395570253478
2194302579906
1571841243778
553338804363
2157908103119
1085519233080
2065868394890
2894173287032
3195921977903
2167618383048
3181388691290
2623565799806
2441807555608
4046827919206
898175775865
2542600780793
2437520804080
2028299608319
484319507274
2584414722589
1454666654371
1728775617810
3288373579756
1380480459936
1234371159569
1412550842039
1845364584339
2375229866409
1179100501653
4500284688147
729749562492
1470178538721
1401054979807
2286891998430
3783390869324
245823396592
2569098594903
3436147442879
832956116563
2334083526897
3638334453253
910206600999
2880686841635
718602037012
3297105611342
2147778846041
1325327184099
516905905106
1704501935023
912662284564
1669241386630
1898909018709
3039202586833
3468432455109
3181691250800
2378816946229
1892497110805
488167496517
2186432727661
1717299772109
1053880562721
1626706107429
1450907867723
3235733359428
3189320332174
1591630582522
1486348633325
753446645030
1678005586138
3060152719154
248068780028
1759701140450
1445839864061
2577272100258
1798192627757
3381023618703
546434820110
3005033011596
1441150937603
1907203947028
3228230385681
1225127147431
1224740024657
1440175149953
415489819064
3549621240032
2283961503808
3130818779694
2664132164204
1068438024592
3615060554168
1603468723052
1230507458435
2608306277658
2125534090693
2613622706684
3456775030690
2030616544536
2670859466584
2778622584624
2376785998214
2226157210932
1810890151480
3972354807856
1080102152048
2380380161095
3405583659949
2254978200966
1593341339497
2802516091101
2164420325583
688589346409
1137739264136
683463201428
267213133433
3453583710579
4108873176195
2777355447888
1784148470364
1857260413271
1475968250418
2453815009235
2859443107711
2505798858947
353213927829
771963524255
1961417071224
1414740870361
2499315745701
1813820543108
2953353828301
1800041286326
1506927036818
938381062475
624220599162
1956374115773
973595941214
2831500717010
1250724761504
2907066679766
1243893942638
1690661279432
1399471656690
819997024439
1409331077278
2075393527859
1441788823279
2759158121566
2831394826264
2825266698927
2604032766373
2104509316031
2617360033714
2558068029142
1978694439948
1306063218969
1778189084214
571429105982
1581545743566
2064750727299
3425411599619
2409780209190
4294518875545
1361715806189
2576187375428
1708869380251
824484640414
2243824336167
1217079535024
914086503766
2108563819889
1505821287582
1004483864162
2535303954323
2862594849912
2087790390630
2356669872703
2661454243807
2173428355415
2111588337291
849144575659
2330721858992
2311066404801
1483234642211
935245707001
1749437493262
3695030797476
2517144705675
2632182930324
2424420467759
1508444136688
812997667906
3072037349997
2014282899601
2582871269248
2452058402565
1466929323062
1901984848343
1946735033179
1014238946677
2259058559801
3440066176677
3502030857861
607123935004
1289622111882
1979583919023
1095891068337
1781449135145
1494321084781
2525576367235
730579560160
2661912408947
3667646012858
1939339194647
1544742509149
2614081194942
2030896748439
1419136310198
3481924808875
853147878425
2512750666196
2565692516065
3409889732621
1841571897745
2828654300355
3403460020453
914975874246
877734061323
1255964022944
1118401637009
993432720121
1018673793978
1069409014523
2192544288080
1103028116865
2535073941510
3272023272830
1219893098955
3179583883864
1139546630457
2133444036837
2683030106506
2267711703158
782207672993
2193266121332
1361458848673
1049801622433
221327574957
1162791178544
1688908735363
799027907017
1109508137912
2294533697239
1708353666958
2544799547053
3453689303520
2638670651349
821130444960
2362355383440
2532961364165
1925576751160
1631490961044
212665355879
2685491574979
1360529543583
1657205061220
2040691645861
364045547761
745571797799
338140348399
546571757845
1670223349605
2357206927018
1312786406907
2596684637831
3029989775999
3131166055539
2352818682342
1848548527529
1451152848462
1672619435849
3031074898071
2103692303442
2829998486589
2126826366027
1413370062679
2444351077258
2464595347100
1034500082605
2719158071344
835205888963
1182338866983
1154568793040
1150959988114
1553668050082
3179253294373
2351477078072
2052009011759
2138183342724
2338219204840
1118066903420
1582126682677
2754217773770
2835474180214
1128664375201
1806075811859
427884382319
3365141617570
1772938184160
1344912380613
1431999443071
3669257372815
964806757896
1703095309345
659819247596
830700573462
2026857241467
1587280500240
2413319544249
3050575380898
1132735844101
2507223861101
929574398138
2489383829156
3744604283820
3434349750335
3276750858376
1810591574548
1178840250105
1039593796514
3234669578337
400732420139
3001789232770
2666417090463
1863737160158
823866528078
3429209474907
955963086941
900705301828
1175049336591
3363134269847
845826074045
2566555149674
2311942634965
2719958877950
2876885647570
1930741489617
2292513832768
675343572321
1019998746866
1872190038603
2257938996323
2319538485017
646077880319
520269897124
1565529186399
3069860597787
1328379274009
1952211282641
2536048112465
2140604762125
2429809538870
2650289432992
2869043994243
4821773233797
3867960691424
2573919462546
4192086911589
985495216988
3753192988034
1263257975782
2958368114710
1221889568477
2346715685231
1955402505637
2779376532323
2284081140191
5290041347765
3027273003177
1778165799056
1818254364974
2237516893955
1177336641702
1676434132888
1629182940294
595228975347
3786270659143
1619550505796
1860866881696
532583362797
808667127872
1700725099345
1727047037070
220676942479
2502369714852
2042185283638
1512746836390
