2000 3
1 921071 466768 592137257864 200000000000
2 69118 55188 401286930168 200000000000
3 87295 390953 574316433650 200000000000
4 294486 402456 257570495651 200000000000
5 232456 986016 999037956249 200000000000
6 680222 561155 165925638360 200000000000
7 864740 974287 8162352289 200000000000
8 140785 500729 630811315238 200000000000
9 608540 248707 428385508329 200000000000
10 881996 585458 875653705778 200000000000
11 936492 141974 543256865947 200000000000
12 802281 66090 197000252497 200000000000
13 356731 61169 558736047389 200000000000
14 855872 878882 311273443643 200000000000
15 113097 332131 482477784218 200000000000
16 442660 36765 930220530353 200000000000
17 618380 773074 62573874184 200000000000
18 690874 139232 705880184067 200000000000
19 240304 902831 331710839492 200000000000
20 887103 908543 650828503312 200000000000
21 618222 348441 338269310079 200000000000
22 984308 678706 421752803441 200000000000
23 973561 831845 833340749813 200000000000
24 676871 787240 863786507619 200000000000
25 294279 831989 584191703164 200000000000
26 592440 408 524598978909 200000000000
27 797315 826384 687469141591 200000000000
28 385396 7516 946460167127 200000000000
29 79504 106103 309134407040 200000000000
30 884211 618736 299098176867 200000000000
31 6518 758050 683503757033 200000000000
32 57545 615471 137760647006 200000000000
33 313933 121729 354138031691 200000000000
34 901423 813998 748333334267 200000000000
35 878209 746645 903491636229 200000000000
36 566968 389930 716814250612 200000000000
37 268292 442770 664411700927 200000000000
38 734322 698171 195584958228 200000000000
39 127358 653523 827206115494 200000000000
40 813536 316075 548465962806 200000000000
41 752925 880985 623101568600 200000000000
42 823802 553829 447912448052 200000000000
43 471053 925542 194551292778 200000000000
44 334358 490585 842604883320 200000000000
45 48571 402114 73839033855 200000000000
46 465781 726861 877553570927 200000000000
47 812827 332164 750832984020 200000000000
48 268180 642940 90552986601 200000000000
49 55217 18802 371098819156 200000000000
50 988726 153483 985553204663 200000000000
51 273368 864124 59974954072 200000000000
52 929853 631393 279216593844 200000000000
53 659295 313125 623061115150 200000000000
54 531218 120433 290650580123 200000000000
55 99298 455902 442858845003 200000000000
56 120047 402739 536700920568 200000000000
57 170435 13843 498736528089 200000000000
58 116265 768250 521023383788 200000000000
59 471971 942813 28107345060 200000000000
60 750436 937027 979578669516 200000000000
61 645528 238704 905935643313 200000000000
62 364215 501584 259472878914 200000000000
63 951719 631875 724713925422 200000000000
64 107966 70305 666765577387 200000000000
65 958044 756038 669345131838 200000000000
66 117433 982441 681665402101 200000000000
67 244936 480325 351173441100 200000000000
68 378700 15937 667814185717 200000000000
69 857162 530695 138382907330 200000000000
70 371484 873496 701097102680 200000000000
71 978749 355681 664359648858 200000000000
72 746960 574069 535445276827 200000000000
73 155017 737588 586765999890 200000000000
74 46146 958958 801886282808 200000000000
75 158561 824668 855009396689 200000000000
76 108066 883258 36922034206 200000000000
77 323543 626924 59160710656 200000000000
78 986985 221917 585526991164 200000000000
79 173297 539020 11399343150 200000000000
80 379842 899423 47011662136 200000000000
81 472280 385409 705178537391 200000000000
82 146464 326695 368975055165 200000000000
83 870997 102980 180320934333 200000000000
84 459596 278548 597228940617 200000000000
85 43034 427075 730025794763 200000000000
86 405549 107959 777428981525 200000000000
87 474299 334030 569392580948 200000000000
88 560234 850327 629293445951 200000000000
89 705302 251600 42743983820 200000000000
90 557563 452448 790916846589 200000000000
91 292071 735814 343122489817 200000000000
92 777948 104565 966422092713 200000000000
93 251849 247439 375560031851 200000000000
94 540990 875270 112687204967 200000000000
95 229886 589478 436014757658 200000000000
96 112095 678438 570494233154 200000000000
97 883029 142663 213896498607 200000000000
98 698095 122271 557903055652 200000000000
99 740504 411775 202406244121 200000000000
100 36731 852747 611987271354 200000000000
101 923376 95594 459028884611 200000000000
102 74898 381445 831567455315 200000000000
103 384824 396412 612095173776 200000000000
104 208819 802260 491214583359 200000000000
105 183308 272715 539080514204 200000000000
106 321640 360458 725823743410 200000000000
107 361640 376720 583172222946 200000000000
108 497260 690538 920931898497 200000000000
109 306386 120429 431959320630 200000000000
110 236544 867872 198000385625 200000000000
111 201822 129705 948720354925 200000000000
112 702823 508558 261643439416 200000000000
113 534125 429239 128226165658 200000000000
114 46088 481297 281924221565 200000000000
115 500179 505007 462856337462 200000000000
116 856712 682473 662678683114 200000000000
117 666171 264322 322682379881 200000000000
118 286700 994102 206854984131 200000000000
119 859062 927974 729867933269 200000000000
120 871366 858536 591948569829 200000000000
121 708264 914241 530259978215 200000000000
122 284052 216214 797592683515 200000000000
123 320079 679640 216397628943 200000000000
124 84768 334029 637471596431 200000000000
125 947664 721051 773552725393 200000000000
126 470785 859880 211194866630 200000000000
127 217436 54020 627592949170 200000000000
128 454080 247168 114802832032 200000000000
129 1249 459845 548274402047 200000000000
130 920472 269939 945665622732 200000000000
131 483481 971829 687782470772 200000000000
132 90953 974709 618318055987 200000000000
133 909181 869542 511179622133 200000000000
134 129227 971730 633550076680 200000000000
135 222905 704538 788017321023 200000000000
136 568231 696102 334610051448 200000000000
137 139159 950288 576833924282 200000000000
138 381072 592648 718858341193 200000000000
139 649479 636274 114136275591 200000000000
140 746632 930975 537655167855 200000000000
141 444652 115276 139452804507 200000000000
142 820106 497952 497550557832 200000000000
143 448734 306808 614687070519 200000000000
144 845108 585357 385620336124 200000000000
145 194689 392447 250067402657 200000000000
146 505701 653969 579448455108 200000000000
147 779465 176701 968400080399 200000000000
148 614216 584660 378211547096 200000000000
149 706267 14169 537973386845 200000000000
150 463050 384319 739028856661 200000000000
151 208463 700803 910160973187 200000000000
152 715992 618099 601178936683 200000000000
153 515901 53833 341958059922 200000000000
154 473949 297422 54477747322 200000000000
155 913007 245863 173526942530 200000000000
156 866963 944647 988828423431 200000000000
157 600557 501081 876054807605 200000000000
158 884142 349250 850074378071 200000000000
159 825105 598656 674294548577 200000000000
160 489852 149095 498052521584 200000000000
161 725909 38355 515472873000 200000000000
162 866844 361888 542172235610 200000000000
163 779351 320847 435935962919 200000000000
164 13126 908733 53088270958 200000000000
165 693100 254263 179945490384 200000000000
166 879027 304316 184242081234 200000000000
167 615364 120376 153638224582 200000000000
168 562819 929882 606444740514 200000000000
169 265529 605404 291562502256 200000000000
170 353206 863657 935231765831 200000000000
171 837822 891134 144024179423 200000000000
172 377408 777527 901526943062 200000000000
173 908208 38358 908531657294 200000000000
174 270339 500481 660761483968 200000000000
175 785817 783652 19346692883 200000000000
176 845156 839586 234349875662 200000000000
177 522914 179933 476194685849 200000000000
178 736638 641045 568845065811 200000000000
179 223550 193137 839707935520 200000000000
180 658377 948177 813931670746 200000000000
181 154730 953328 489548365818 200000000000
182 831997 244380 461506107429 200000000000
183 678817 300952 443963877014 200000000000
184 614590 594747 493504156692 200000000000
185 27595 303825 225318149152 200000000000
186 572392 233043 792911933077 200000000000
187 204256 64413 369349438266 200000000000
188 920634 731429 98480830674 200000000000
189 600778 396777 609148869327 200000000000
190 902948 543315 638938863200 200000000000
191 753908 472125 781732742293 200000000000
192 233790 692587 910606300872 200000000000
193 323287 143967 858157803718 200000000000
194 948762 621945 764517639730 200000000000
195 942304 489569 667698650271 200000000000
196 481568 71192 772509672843 200000000000
197 572408 446849 682818443484 200000000000
198 279227 183590 990860010052 200000000000
199 277716 147784 186701781772 200000000000
200 302651 16972 664264183671 200000000000
201 90721 363431 931507464908 200000000000
202 581072 622422 89669984050 200000000000
203 245300 884069 517921343813 200000000000
204 171218 494209 155676609046 200000000000
205 186449 366597 334393550112 200000000000
206 466341 773013 574204400948 200000000000
207 871059 185913 122801221140 200000000000
208 624129 835371 892348683751 200000000000
209 141695 807832 303930100970 200000000000
210 513679 845406 504394685036 200000000000
211 446075 933462 100533910692 200000000000
212 952284 163811 863628664997 200000000000
213 484594 927841 344502251550 200000000000
214 924916 225901 402597745671 200000000000
215 303064 765931 920566239132 200000000000
216 54008 338142 710869946434 200000000000
217 56250 116511 68839100560 200000000000
218 464033 645512 722445882793 200000000000
219 201113 844330 967023203197 200000000000
220 633815 658914 135775460614 200000000000
221 506172 201868 684812693601 200000000000
222 836794 568714 219766788196 200000000000
223 460494 878254 30426689930 200000000000
224 611759 826518 876169810303 200000000000
225 903199 489600 421655100364 200000000000
226 18057 958979 878574430133 200000000000
227 86395 223362 906204567052 200000000000
228 383660 38107 578266438421 200000000000
229 385840 433518 224723127263 200000000000
230 828399 508058 860370174057 200000000000
231 601242 682046 872609387734 200000000000
232 14319 205178 207901358723 200000000000
233 47930 7785 26243287202 200000000000
234 90133 916982 303296927491 200000000000
235 408122 572008 869491651538 200000000000
236 139937 868448 72472099524 200000000000
237 921215 175755 188640084648 200000000000
238 206457 390448 219275690162 200000000000
239 601857 466391 559366992990 200000000000
240 374731 434423 444388968288 200000000000
241 403897 413971 698284903221 200000000000
242 99566 465340 373011421196 200000000000
243 802495 132088 320481744055 200000000000
244 268730 860308 438041930546 200000000000
245 165012 798783 338846347004 200000000000
246 801735 905323 58814811729 200000000000
247 135771 384922 647888677915 200000000000
248 399890 132576 336613365973 200000000000
249 911438 184951 437232219286 200000000000
250 501352 908561 356348503597 200000000000
251 584203 444044 206157732071 200000000000
252 135564 495972 604125253267 200000000000
253 825935 378464 941359172613 200000000000
254 145273 719007 848316520835 200000000000
255 533415 228035 756164682236 200000000000
256 133434 18429 765421720918 200000000000
257 739388 236050 933755147355 200000000000
258 810249 79648 212223232165 200000000000
259 297348 172225 358077339637 200000000000
260 591393 153466 189795122137 200000000000
261 261479 868420 899226509920 200000000000
262 953547 307458 461517419940 200000000000
263 849228 888516 627262528388 200000000000
264 545321 91015 20600860759 200000000000
265 224335 470315 823126825493 200000000000
266 207212 279478 909572803128 200000000000
267 296146 306836 312999511463 200000000000
268 646789 17169 939424649038 200000000000
269 112027 435754 536075102812 200000000000
270 549847 999902 761434650177 200000000000
271 107809 223651 465504297152 200000000000
272 809081 29873 863700295355 200000000000
273 668689 162571 751213992289 200000000000
274 255765 312218 581900450493 200000000000
275 733176 425219 855342279317 200000000000
276 928861 647571 822526197870 200000000000
277 27338 559948 973872111667 200000000000
278 366154 258552 647641700586 200000000000
279 609474 1356 164084672780 200000000000
280 32657 518976 961088027413 200000000000
281 271472 18361 720117297082 200000000000
282 99777 499470 993545519693 200000000000
283 58087 25291 111933875061 200000000000
284 1826 820051 188218394276 200000000000
285 405415 218352 683489225289 200000000000
286 489060 472618 860829876174 200000000000
287 734930 727320 471087352077 200000000000
288 712000 718329 562506957277 200000000000
289 945830 215679 630062428000 200000000000
290 55829 537723 49999424906 200000000000
291 851314 543792 39759733810 200000000000
292 89667 669070 74146091354 200000000000
293 552285 670527 567460130503 200000000000
294 665545 814783 768228157217 200000000000
295 819024 171913 683196937889 200000000000
296 504555 331166 650235708835 200000000000
297 70357 852092 823139653227 200000000000
298 131628 377908 7352392818 200000000000
299 900248 110571 294602702376 200000000000
300 240048 381243 56536548927 200000000000
301 268783 20873 199713719567 200000000000
302 306679 690235 992050093959 200000000000
303 735950 225510 142462175578 200000000000
304 658770 945809 280867626191 200000000000
305 226445 360980 483502688092 200000000000
306 49153 445371 189252549738 200000000000
307 264029 133099 521137521197 200000000000
308 347106 8344 351799438767 200000000000
309 240192 216451 47146047570 200000000000
310 510380 915816 654903732817 200000000000
311 638875 169584 170750901570 200000000000
312 279741 558779 937456321666 200000000000
313 581835 878544 550023485222 200000000000
314 515681 127276 688450245899 200000000000
315 53212 996060 820952225580 200000000000
316 863792 27310 368500450150 200000000000
317 237465 463204 786267640341 200000000000
318 970373 36598 503097534591 200000000000
319 291975 330594 55839024288 200000000000
320 741429 114400 31761748444 200000000000
321 863432 995488 14947077540 200000000000
322 419993 833018 987350753114 200000000000
323 101425 974204 230124019142 200000000000
324 235322 328135 352264218385 200000000000
325 999115 927525 378964880420 200000000000
326 348204 771324 677116128853 200000000000
327 823796 165673 146380534445 200000000000
328 766008 182418 802150358149 200000000000
329 102095 53344 999094857732 200000000000
330 909055 669734 227045430763 200000000000
331 27235 125547 374310416164 200000000000
332 834791 322375 581576060654 200000000000
333 618925 311825 230408622477 200000000000
334 911404 108859 401715971064 200000000000
335 776858 984359 735360766792 200000000000
336 872696 332402 581872902479 200000000000
337 142398 124318 450106038806 200000000000
338 805808 831789 987395542576 200000000000
339 745042 771471 39377309543 200000000000
340 920907 108745 444865089847 200000000000
341 985490 601825 784369474499 200000000000
342 890501 597825 365118401072 200000000000
343 917155 897815 758698516344 200000000000
344 300843 340329 444024199874 200000000000
345 565115 467542 643339141894 200000000000
346 850857 449908 900323353575 200000000000
347 447342 315723 534111971470 200000000000
348 552737 111959 340615926998 200000000000
349 8580 489056 646515150145 200000000000
350 780523 923057 971561986803 200000000000
351 517380 429606 209767212274 200000000000
352 326951 381405 735985445467 200000000000
353 320476 808913 703652066350 200000000000
354 475587 175384 627974164099 200000000000
355 677475 732760 483724125562 200000000000
356 140951 762214 416274721331 200000000000
357 900882 122318 901733303437 200000000000
358 465905 843161 273193489462 200000000000
359 737638 940406 725895165941 200000000000
360 227419 110471 149517439990 200000000000
361 463645 44659 746560649703 200000000000
362 319318 683373 79398652183 200000000000
363 36289 750922 192803212699 200000000000
364 196509 981436 76124342469 200000000000
365 120376 71308 500064325769 200000000000
366 511204 251216 580807963827 200000000000
367 583953 355485 436119883519 200000000000
368 538927 733443 543703298995 200000000000
369 962680 165337 773412559010 200000000000
370 601491 792078 958479516240 200000000000
371 934872 17358 825049203116 200000000000
372 472112 910795 922014244555 200000000000
373 229631 706096 154586717877 200000000000
374 204892 620415 852148216989 200000000000
375 589912 17393 932624810750 200000000000
376 915325 247646 956838038683 200000000000
377 400080 413243 136849808281 200000000000
378 858612 23482 468458126714 200000000000
379 681518 186376 177609156597 200000000000
380 369232 564950 389807726808 200000000000
381 756808 514281 70035112052 200000000000
382 195636 477382 924570041618 200000000000
383 948727 325684 474545662229 200000000000
384 691377 558551 729515221977 200000000000
385 974134 701188 385389651933 200000000000
386 914536 520452 551871807111 200000000000
387 882633 212705 700437351365 200000000000
388 591810 990306 444781955669 200000000000
389 541160 689206 581427270721 200000000000
390 992387 528370 177045132200 200000000000
391 737008 723311 511606271156 200000000000
392 559748 482988 850829224422 200000000000
393 602863 961999 81415532011 200000000000
394 219958 937953 851831734159 200000000000
395 731225 639798 157878098764 200000000000
396 850115 91032 490227541479 200000000000
397 558145 6676 6264280826 200000000000
398 179568 3139 213809045230 200000000000
399 175928 63247 389406112973 200000000000
400 12672 18544 656330797900 200000000000
401 544221 112859 456381369251 200000000000
402 821009 777491 240361823521 200000000000
403 882467 259588 381662705801 200000000000
404 660182 274740 246064107480 200000000000
405 137526 236002 992425704721 200000000000
406 919185 581709 513425519503 200000000000
407 576679 863929 941098079367 200000000000
408 335078 16235 396925294650 200000000000
409 639220 601254 869062727949 200000000000
410 501558 678654 561823384558 200000000000
411 429701 771391 474002524404 200000000000
412 767307 369290 492760664890 200000000000
413 884653 583896 373363633907 200000000000
414 552846 308884 757575064093 200000000000
415 16075 423678 898235630086 200000000000
416 388522 518265 15810061890 200000000000
417 880767 691821 550986073667 200000000000
418 167557 940962 110368916092 200000000000
419 19700 851511 486281084416 200000000000
420 807449 401260 508560537442 200000000000
421 85465 38879 843480471918 200000000000
422 73199 983820 373918773368 200000000000
423 241622 30572 550674461889 200000000000
424 437750 431182 215502456777 200000000000
425 257878 611778 878359268745 200000000000
426 59882 386057 3187590055 200000000000
427 417718 372621 894556045568 200000000000
428 812152 221235 889081735024 200000000000
429 919588 993739 474905642673 200000000000
430 844902 751695 636722876823 200000000000
431 857040 671699 615303971720 200000000000
432 52523 5201 27540675216 200000000000
433 661302 825150 563179219355 200000000000
434 203349 950610 91798552458 200000000000
435 243213 760271 920322932978 200000000000
436 930661 968603 624769353723 200000000000
437 483989 17635 617942486900 200000000000
438 714891 983348 402978371602 200000000000
439 482717 792822 630472438637 200000000000
440 54487 957475 250380419271 200000000000
441 821654 586317 598282951634 200000000000
442 792713 701542 58686552914 200000000000
443 460563 50824 141986822639 200000000000
444 488834 662474 782539256080 200000000000
445 759863 378454 74916186183 200000000000
446 186410 322467 837249341408 200000000000
447 802379 504324 425433024260 200000000000
448 168516 481625 707925152820 200000000000
449 855540 813704 372041018105 200000000000
450 87757 765839 691331263613 200000000000
451 178406 857890 758651804247 200000000000
452 671785 679600 531750947343 200000000000
453 607451 814720 530846780432 200000000000
454 455228 415338 824687025194 200000000000
455 135452 182605 178539426713 200000000000
456 908208 922321 868912052474 200000000000
457 612731 524659 108215523089 200000000000
458 725134 320149 805549778145 200000000000
459 363981 437006 611902703716 200000000000
460 218888 395896 143907067071 200000000000
461 369054 157375 943936971964 200000000000
462 200133 244634 679067578956 200000000000
463 516371 856660 468680247636 200000000000
464 678693 75314 706781555233 200000000000
465 718308 770251 438192421097 200000000000
466 8275 434044 210841178304 200000000000
467 553240 100271 953412582656 200000000000
468 56957 102799 439278231049 200000000000
469 219833 701031 237468781037 200000000000
470 685567 940320 18143497025 200000000000
471 233291 151636 540174374953 200000000000
472 633282 343935 777675129869 200000000000
473 962620 11214 166578678265 200000000000
474 399643 964309 935789564025 200000000000
475 354459 420271 738843822881 200000000000
476 570503 213466 939869064449 200000000000
477 776535 184444 487695123812 200000000000
478 878678 886276 362427512481 200000000000
479 15638 833277 422140567847 200000000000
480 514059 970113 179522626988 200000000000
481 278614 68369 13550364668 200000000000
482 194808 574624 995403704380 200000000000
483 993954 975053 510566301394 200000000000
484 801174 171041 629678032936 200000000000
485 553712 279148 13298060971 200000000000
486 709364 87487 383580160068 200000000000
487 674318 789949 845876086059 200000000000
488 975129 69844 625589345087 200000000000
489 189059 412316 166637805559 200000000000
490 491411 885617 486545597628 200000000000
491 109853 756554 711899181492 200000000000
492 116080 430733 546853621036 200000000000
493 442974 745626 766746967008 200000000000
494 246642 117493 521452620402 200000000000
495 976531 862709 888954769135 200000000000
496 157995 465379 783780966214 200000000000
497 156527 575601 516348741694 200000000000
498 932783 718156 207871039323 200000000000
499 704727 104633 607632016488 200000000000
500 5964 746283 199459110106 235982626
501 971173 69616 509477014437 95470623
502 295858 299629 305787396597 174052431
503 18713 115619 462873348584 241050302
504 105071 232848 161011702724 32874169
505 604514 413505 522202459663 59252689
506 971499 555715 566192593042 187899006
507 152082 278196 798399010291 249165123
508 719661 7720 503272479262 187949100
509 812557 665126 41746190988 180064202
510 416083 899015 677007321695 45207677
511 118267 640155 242936182805 93938072
512 196002 481929 53708506619 35823023
513 102261 525596 428042951134 96789473
514 802456 344559 833291838139 212851738
515 950911 944143 720764329886 161089366
516 990853 77782 339223754928 38820268
517 298961 301652 619343917099 199815180
518 407120 941926 672326570957 163391339
519 555195 655522 943384027171 90702142
520 334424 469902 812845001748 230005918
521 609529 730822 120094155352 139068934
522 852629 676846 740673124720 83747863
523 718867 75995 114699188246 229007698
524 15757 518774 257608540426 57606244
525 867631 980828 268373745124 217023118
526 351285 801747 356665537016 80491752
527 373785 804716 153567910341 236652156
528 997673 363211 408695802091 55127103
529 117022 50214 47345448019 138727349
530 735957 708391 559266464141 106849964
531 514167 856535 669572161336 59674018
532 458920 619695 396616957347 147617378
533 26285 330092 224932202167 131941096
534 70635 867924 793645680592 58100756
535 747169 798477 746921480728 188524213
536 692643 843005 233380351170 72770711
537 275643 581053 904662459543 181996774
538 877965 336829 395048551394 41096540
539 826888 534316 545589708396 23288118
540 585819 414503 781930987637 33745608
541 386451 341810 494757932632 211096458
542 862251 521882 837903029396 178990620
543 936126 739637 788534051670 180014916
544 820339 392263 940084548441 141327241
545 536749 943947 157599121420 27988621
546 478452 500569 295518162258 39006979
547 43956 363252 141858425605 17775671
548 186527 138993 710155381801 139644203
549 537196 986009 898221740275 135951621
550 863983 930483 436700851955 15001413
551 301543 712081 558460254046 5129395
552 558566 731791 669466092666 124313866
553 999575 820477 666650134280 102073723
554 61102 447866 959535068834 21053122
555 772587 31209 674721557107 161042312
556 656129 809573 165831086923 200537436
557 361181 411313 299722935426 122409703
558 911966 839714 899686737022 61944843
559 115053 720120 498610701924 144652331
560 74013 302246 464107230634 278211240
561 733762 403717 374293385651 206007725
562 215897 71819 387018510678 83550544
563 405818 913445 410577079193 104396571
564 206074 935178 306013011602 222403049
565 643924 60573 753413744290 203344308
566 803051 511532 644649923570 254381739
567 790258 384095 360821836339 126937557
568 46503 660490 743817010864 72122709
569 998683 997566 96895878999 208100422
570 85193 104765 349399638178 220858101
571 707770 318524 339462524779 68692567
572 344465 650772 194216329127 60410929
573 741292 842319 129113637806 97835164
574 949107 978664 274834526784 95881174
575 481085 881252 202404412460 278258867
576 794324 767423 810383923661 127913355
577 27312 434610 772793773510 70274182
578 486884 742420 120969952526 145257851
579 288413 963199 162080273777 200789913
580 705632 258377 108568910859 130587746
581 236356 332342 582003225290 222249364
582 657905 309974 471288004369 246126268
583 814198 488232 756014077953 73502025
584 979237 770781 918481180692 284882118
585 873241 730067 455701340044 274389833
586 262427 820148 886523891421 281205248
587 426062 343645 461839018068 246166579
588 939132 374093 63545622135 204404463
589 775615 567411 832678731252 82913922
590 874607 66961 326612188212 46433067
591 32828 855465 109299292168 256053825
592 719280 323461 202456091721 35954664
593 752676 903209 54536665651 44763062
594 331959 505823 827882810686 117627508
595 121161 622254 723285937050 235814255
596 569028 235986 719833391259 46374362
597 117461 357200 362051527950 279838198
598 63904 758287 614707377114 250837457
599 671734 101797 415155519219 184763709
600 37035 440608 723219799013 55235431
601 340514 214206 515732994917 106735398
602 444553 74359 285151791199 70267379
603 484378 481114 554814668257 27310636
604 230476 207578 989147604911 36231253
605 622934 124131 627698139253 63949330
606 263530 875637 448735562732 230023568
607 669796 858334 643442777981 122769883
608 518410 509421 370392924186 193167206
609 653034 257327 731719029757 66537945
610 890332 483165 166716882137 53770873
611 447210 454572 593275640065 247582090
612 53020 329992 618832897470 119941362
613 653136 693347 161524333016 67590795
614 158205 762879 30849096475 19573658
615 216973 407279 696168319945 174903783
616 791935 987270 352730863853 297241818
617 889440 38483 433060495231 114394000
618 646605 502831 746148750328 259027182
619 238428 953628 227745986485 193527844
620 76405 237528 708962951459 79918483
621 542099 659076 181526335642 156400251
622 371646 67300 881468133843 270291390
623 759565 304951 968848269219 33466029
624 946894 633571 65556579692 119449723
625 424505 281050 276032491796 138358377
626 383553 958927 660237396524 54414158
627 158829 586433 720296803299 207474058
628 681679 842870 638688664618 33725337
629 858117 814855 230408302103 304571635
630 844445 436496 328362161707 134487092
631 973288 296216 61489845041 294087294
632 984541 761714 16384108803 200308268
633 88279 801203 874776090422 52526668
634 715051 923892 461269183614 102214142
635 503227 137689 881934870853 253702588
636 462708 258755 643027541959 245252499
637 911516 15706 825464164147 46135495
638 808089 164021 747544276283 93684000
639 286265 538255 363734218295 59101771
640 507305 113028 260608355377 123475205
641 458772 679694 741388388141 85587287
642 33876 697279 821237654529 271189989
643 866768 185792 124109789694 232403523
644 701784 936156 908586712472 71247557
645 455888 571270 551809685798 225152259
646 948958 177557 297767243575 164493044
647 733386 260073 214248178289 50368859
648 846331 333443 295459878218 85790818
649 116625 210306 888508291341 164343001
650 621633 932577 160326834059 143598512
651 681916 470791 654235280265 143506086
652 733702 303665 380182117009 247015556
653 252500 704251 482695079032 226000317
654 33096 450683 835075501005 214196622
655 833937 486101 604415147838 137264864
656 314387 406394 106377475096 106771934
657 400834 698630 176966405188 79388396
658 588144 484105 623393027199 24160112
659 18708 442376 845701339089 82945131
660 120955 988102 137410136203 27584884
661 133576 437294 907672586497 172229489
662 110787 16095 268478641500 285253139
663 262842 875423 613220681193 65253793
664 846848 819331 675524875855 241658080
665 485629 642348 904302526950 154279656
666 341333 81784 904532629923 112408563
667 367491 207765 270593041009 120759523
668 32132 980535 315353546612 76257977
669 169458 59614 527337260589 78158410
670 338095 864136 45545589507 207583794
671 826110 629218 450371598509 141297660
672 120752 735079 203361269769 23615949
673 96853 482409 636594143626 192870035
674 36948 438686 402273824205 243484688
675 998492 293324 958065859239 14849442
676 373589 704711 739946699067 290588386
677 446653 825624 281298619157 164056651
678 826213 207494 110952230113 101392836
679 674472 296508 996811960722 132434935
680 91882 569678 225186587085 235136507
681 14595 489976 470000346007 173609162
682 324020 911984 226808113541 311080336
683 194935 361879 417300860460 20390884
684 709036 696131 968207411896 65089185
685 866027 902675 741864376976 334871702
686 381069 240227 555425270080 322716167
687 216179 437671 49318027353 259148522
688 590740 694575 778752148968 124070893
689 742554 288100 42880283451 12380055
690 7371 125855 180633268217 268231981
691 45001 977526 534265307079 151670581
692 595477 45178 644182209683 256391669
693 83091 297505 502258087491 95567756
694 869280 92286 717972645701 10880478
695 591555 251267 776964103597 10633233
696 78981 744977 483714220586 97681567
697 704304 509337 871528299165 344069133
698 929004 184571 582822789957 6069350
699 903898 858360 626134188580 27203941
700 97788 551610 738934558698 87584913
701 148362 198619 620334384934 209831095
702 411703 721740 98280946499 267148406
703 263550 355113 7994432102 189389061
704 401785 537357 928246284944 307544846
705 549386 49777 726732417137 139830784
706 897635 410721 579157570387 146579374
707 681157 660246 186300639093 121148525
708 891509 275223 390816317027 242058556
709 84843 663287 788235780940 15651865
710 11457 779579 598115129088 318932149
711 47140 964997 755330171914 199788956
712 879907 417716 360918984560 199541513
713 216008 233392 512834605695 302652155
714 924484 520379 370401148856 117329601
715 705383 564515 921925793523 38322896
716 461764 186155 971535858180 204143341
717 207107 96579 336095214769 26829242
718 191878 596375 155905621699 328528125
719 363583 417878 144496758650 126925507
720 237813 248494 462820642262 228515264
721 474673 609146 935942747477 269643173
722 433428 951649 293957271350 66771397
723 709594 83060 393379193832 272254376
724 94956 242552 877866115229 144204260
725 263125 805498 21023055693 100738964
726 582457 556805 725489148282 27011031
727 13300 324729 454285650789 87017391
728 190732 484422 895404020902 291510026
729 261708 878161 626845223659 254980883
730 201828 645915 106390445136 342644248
731 727981 587613 526962041906 254873947
732 567681 576874 602760932165 170834181
733 995686 140604 644420974787 302977336
734 79402 573908 14128210411 61511315
735 627777 936857 85232203572 324559742
736 120601 222939 44865537107 181039963
737 19706 477768 800661909967 219628577
738 72861 788522 200213402579 326023414
739 544105 735223 460226363077 204224434
740 801775 357836 796074731288 28269083
741 774703 893789 132257097305 263657610
742 281622 228406 967018407753 83622666
743 764350 386299 245963766839 224632202
744 266380 760501 990276549229 205161813
745 615498 669722 471264106781 102507355
746 880006 669522 533594417894 88571628
747 391113 346373 439958707329 305233163
748 246533 785763 300216698119 32924395
749 661668 622127 952220144455 87855848
750 646098 292502 473522086022 315916425
751 660562 512173 589975821253 251184137
752 803019 531678 756573165735 11499475
753 364990 453659 83228483737 37021971
754 694136 1016 89459981742 253818816
755 579984 179382 717815425076 221862170
756 284696 410569 260091250000 49755556
757 272659 181578 891775194242 109212331
758 536089 505269 265333199553 63846509
759 740816 764816 229222246713 91081442
760 579044 554189 31204174830 306890860
761 973974 491953 507851221620 186456525
762 781382 678048 234209038370 59654188
763 513567 772049 221221769941 4408666
764 900790 523349 592739956044 34098364
765 327938 969538 832449581811 341295184
766 244991 894710 994187889487 277153837
767 637629 421205 551966802619 127722733
768 993831 853163 510922637001 92582197
769 795828 525399 562675735903 178437942
770 302656 443042 693836005853 163656218
771 961230 144644 465662423691 51702826
772 908380 438857 136575216207 266480415
773 209754 563917 559056812235 97662947
774 906346 427363 886000080773 3921240
775 383139 183251 820708677598 143464640
776 46682 952051 11178415244 110792347
777 521341 903838 249191766661 338875726
778 402853 531418 142663190569 20929462
779 941170 203837 464912829667 68197648
780 839721 336050 552363559166 240379863
781 650032 873324 939037802470 66132590
782 12876 14615 534254394084 276575381
783 183171 837898 270801249844 49107756
784 372791 459464 80018079790 95135891
785 880837 910263 821575193775 301211744
786 998187 95135 790820033741 238705192
787 958704 421347 307364688133 260627616
788 922454 600662 287266587481 381129347
789 178936 933501 748407129995 169782172
790 657552 159835 377789414199 100491131
791 211494 623199 930401171264 231447947
792 603523 212935 302604824473 69873508
793 334014 436967 275369298865 34509640
794 301167 31996 264220444230 162011813
795 647327 976159 584193816182 8713964
796 173898 203104 539344731724 152149209
797 887234 397407 510156532323 160309456
798 802526 534199 659940026727 285082684
799 278239 573810 629627659188 218094853
800 476417 57011 641769675882 350796820
801 415411 150635 882988671968 393259497
802 385187 317442 97164613713 222560266
803 681232 517816 447790593190 386394723
804 554173 298953 211993268633 365867339
805 627184 300497 375671156151 325638704
806 309891 234039 40178257136 398637293
807 77996 927688 611263020786 108525502
808 154460 466786 354388167011 55051124
809 91828 991086 960203673612 162796808
810 843627 491745 734339889605 111878267
811 48045 352324 442268285028 320590572
812 994942 817923 78890373466 300649467
813 710457 53244 645420699558 283327254
814 551527 446816 975372247735 322573201
815 723050 482994 903846686180 206246694
816 861002 683028 652955109149 219228744
817 99472 69558 632566435083 149369937
818 256548 922942 684042357604 354745099
819 716007 101229 364513954140 377942979
820 977988 710713 532723459842 203741667
821 35958 434125 518210458988 63005087
822 691745 908748 846165061592 42987657
823 389553 988548 90213118019 278126890
824 530414 381677 232613419346 78515480
825 98117 802711 984072781761 34286007
826 297835 800076 371099441036 324217949
827 676675 681427 212662880790 146634881
828 657272 733815 52016618176 166708561
829 482623 671954 314324105265 107301955
830 523519 954636 694130051569 168137210
831 709042 975225 568393205087 195879474
832 150591 715594 988411211049 330474523
833 869979 792466 14735515139 379216155
834 368291 20643 987191486057 352314533
835 979050 321956 890937932615 283033730
836 394240 806689 273363669383 86685433
837 45480 140281 846069448628 17913053
838 185603 113860 291542174637 323376781
839 173162 396489 177299482546 235118623
840 26918 956433 483973987970 300577208
841 351175 510961 726322794085 258780296
842 530258 581579 692399198815 24197884
843 452881 224889 846940978709 78490265
844 387645 721241 502643845235 257660995
845 553650 652809 512036312875 280791194
846 284694 897452 675174733717 13038237
847 626441 498116 727098082033 77908599
848 566311 598960 181442226681 12148546
849 753208 346704 119945345603 225888608
850 778823 419457 637363292533 59571044
851 409668 209402 292860039528 217868641
852 612976 379158 964973614357 145104455
853 136710 939044 329122399364 224386206
854 793498 492202 28141435680 189882760
855 700196 891349 150495728574 160947173
856 756248 982133 873348597780 133046021
857 709504 904620 660836624611 15199222
858 172430 808103 636568104497 388188043
859 219424 453093 992709588865 26961715
860 701740 686884 245408859956 196125596
861 301929 120061 984035777808 36548207
862 428250 321182 759414814467 30518282
863 344425 272893 707829796830 275482366
864 624238 939494 295979911905 362244352
865 121308 298306 227404972641 360868514
866 770835 887140 243707458546 77286234
867 684370 194636 808860944814 320428791
868 95182 474367 706022826360 226508618
869 392161 881856 180084544731 215836650
870 546323 471005 895507893860 327819247
871 427658 257301 513789706261 270277417
872 544465 270200 793235984992 307594376
873 370608 404152 163706693149 389497111
874 287547 193840 884407359381 44775255
875 884454 469230 947463174976 243239112
876 414938 324405 367784416024 374453561
877 30676 391814 53749846683 429831693
878 525840 709753 49583734580 278789018
879 804326 5369 80270266577 121854363
880 783879 9149 807487502585 146557162
881 532977 522184 979163186355 326808558
882 402845 70829 391184803802 341345130
883 451923 197974 811158509804 129060800
884 202101 688442 790432570785 329729312
885 246694 84787 869539096669 147074838
886 820599 85207 592213167778 179614514
887 853161 332889 956628341707 361169762
888 651758 990135 60127274082 356696843
889 307596 250830 305511852876 160236306
890 306147 885275 223265491039 204223261
891 307023 329248 157411469262 398478227
892 836676 35078 577064521264 387663389
893 164097 853328 308596689717 242470228
894 73852 730498 187357783422 231208113
895 238834 479950 480563138329 63338494
896 414877 893918 848060843921 252782785
897 330126 51645 481379112386 113351062
898 388594 727884 104865739920 113986973
899 849487 788727 831918191744 231061753
900 916661 835542 937747345019 161698021
901 993031 208235 266992982671 400382359
902 548916 60389 892982802634 18505315
903 241013 157994 294971986465 33837574
904 364551 906997 302964390959 225788580
905 834728 710797 347518867504 317890246
906 138353 847949 372618568681 33894500
907 738429 335165 449641932945 250574108
908 705983 177430 826993183129 115385703
909 345880 958773 788849513872 207306846
910 864112 992655 955313438727 27987963
911 177268 485177 802176536839 121854688
912 368180 977936 855326434957 207707830
913 630758 584216 29525993291 250900063
914 811103 508254 387742240391 158904630
915 462416 767317 615180689978 358113471
916 715955 853817 72953999000 451742254
917 464464 354801 852738899256 172724456
918 505487 347509 697423636345 153550520
919 838714 8529 52820033673 396435423
920 461879 431114 932339207658 435163634
921 786044 816538 285155784146 79340764
922 97683 771156 320439100580 438366365
923 593013 746970 324813753872 152921254
924 763927 526339 185317966025 295111921
925 394975 386038 701206424174 65758801
926 35923 826193 540946426464 268586041
927 430167 542926 742052238561 40999140
928 831463 416376 440842243980 438671456
929 359766 198053 455913747799 285003784
930 829883 568269 593354874214 335453599
931 469687 409832 417594750793 202516476
932 11957 947777 203820621700 290205862
933 673925 793293 59074596311 360984276
934 332904 958813 505345343658 341464142
935 305004 990945 967647908234 362231835
936 197201 357817 438969408927 201509226
937 767946 248954 287455292759 167533468
938 196823 496356 486891993885 93282366
939 203653 459386 902557818152 448678832
940 465845 72013 635176966559 235927382
941 722382 383474 657742161103 97147376
942 701599 649711 902161352592 322399061
943 907228 560437 116765934628 236848054
944 327548 682882 838551639387 235372851
945 13743 700304 74707792690 219225809
946 938657 266236 772623537749 177166343
947 635661 438306 396034575570 390527327
948 565502 957316 85477706968 427278944
949 838269 641540 896379487245 228942193
950 424141 432054 170480545863 220606703
951 823277 433227 765007057690 169169794
952 946719 77349 498413511073 48554757
953 901180 137246 359169495095 91306605
954 861759 442555 149806702551 113456940
955 398924 267584 110947705869 466608524
956 707874 308855 687619113071 83691308
957 465633 5473 274546642232 14359107
958 414740 341798 256628565149 239823126
959 212375 618093 996152764198 458317192
960 150642 351812 723105929431 270255256
961 295220 370829 552632862728 146697222
962 288563 443937 811525311836 418086808
963 540879 190825 130215593693 151387290
964 447060 165846 693165749453 65149513
965 460186 645389 640684090974 108606871
966 61908 819739 763895439022 389496439
967 690205 729659 163977094921 287199573
968 601340 535762 866345956038 470924812
969 269385 293731 718008255749 277548421
970 858955 375996 245253597379 280153889
971 662063 951594 278521094328 325695687
972 801633 332128 837329392555 396041162
973 676000 900519 22753136091 143421515
974 636767 849597 136840857733 10417269
975 66952 128577 599327700859 100677747
976 781653 929605 878680165450 31228709
977 130872 962263 834169094593 151449873
978 420062 676978 400087863902 263127217
979 194751 821164 79191155683 442778544
980 226485 399251 575096660356 469171551
981 853519 75085 234617556099 105945617
982 581274 171388 472715663581 402541498
983 292706 611059 940241992442 94408366
984 272463 594309 42060127557 439987953
985 74331 849224 997408956858 356388697
986 436733 261189 144869596324 156431102
987 365751 172450 76874906919 271567379
988 410935 537671 997188564174 433036287
989 815660 978450 470708560844 173729513
990 357680 346839 711142487211 370207771
991 53195 98067 468013140136 483360658
992 610360 12615 557638239721 171011296
993 477258 214602 626346162223 265370047
994 950568 167844 412772906648 469552278
995 409172 323512 541819078330 93768647
996 835295 800482 639847474481 220524589
997 3473 795058 221780419587 76823807
998 377926 669750 785864011084 4637130
999 324809 333342 622341232150 114974222
1 33016 632047 400099607407 298649129
1001 580226 901209 977564926551 200000000000
1002 525118 81419 917434670426 200000000000
1001 404617 872730 585895093942 200000000000
1003 618385 271695 254728268514 200000000000
1005 727634 463878 516099626268 200000000000
1003 577922 232991 883673376546 200000000000
1001 50494 738891 943113355053 200000000000
1006 916383 95746 53908074255 200000000000
1001 410591 167547 973282123087 200000000000
1007 64605 961819 437895930208 200000000000
1011 731784 566142 399073990394 200000000000
1012 709222 364463 901006748570 200000000000
1013 348964 886095 449151930569 200000000000
1009 68022 257239 635228246661 200000000000
1011 725876 322691 110444245532 200000000000
1007 681044 771389 512175130478 200000000000
1006 348549 230718 78489775261 200000000000
1016 261137 482772 637435532305 200000000000
1011 919020 592475 532281140339 200000000000
1001 287781 754577 734079555868 200000000000
1015 782992 38602 645867328099 200000000000
1007 425775 260562 500883051147 200000000000
1002 363024 898300 191908884240 200000000000
1020 725906 690141 76188233463 200000000000
1015 600517 793543 412514218347 200000000000
1011 203990 754618 416558383875 200000000000
1007 798731 25061 103199428148 200000000000
1008 900652 483926 384286137044 200000000000
1008 481220 771499 223278006619 200000000000
1028 138505 47526 641872753687 200000000000
1031 71448 478352 392661802112 200000000000
1024 63260 567048 749641967794 200000000000
1020 972584 221508 217002089007 200000000000
1020 157324 342347 70313489255 200000000000
1007 110342 658497 287784031189 200000000000
1033 438873 504584 108499998703 200000000000
1021 695679 243621 170604207105 200000000000
1036 633636 812021 4386703871 200000000000
1034 70227 31712 268754872529 200000000000
1019 144166 151823 473399955504 200000000000
1004 540682 689669 670738203472 200000000000
1004 345332 607492 646554843100 200000000000
1041 894908 479827 743293918378 200000000000
1007 111061 765079 61592967252 200000000000
1022 4842 202080 944907776456 200000000000
1020 953517 319331 307305255371 200000000000
1029 797839 738081 615315460343 200000000000
1018 488408 375805 702408671373 200000000000
1037 654876 293881 533937950670 200000000000
1007 918397 900674 104349483808 200000000000
1019 946829 628082 125052074485 200000000000
1023 949607 330136 941272410405 200000000000
1040 429991 558630 517698945812 200000000000
1049 477163 835005 231610481856 200000000000
1046 686665 461449 833389849530 200000000000
1049 830973 685901 118020220695 200000000000
1039 999392 453975 57689645881 200000000000
1012 504454 823848 480282329566 200000000000
1030 200299 622758 844627627586 200000000000
1039 852883 405478 915571267495 200000000000
1059 483460 546114 592245250538 200000000000
1053 785808 923352 500666211293 200000000000
1033 143618 962681 278276800238 200000000000
1025 397594 76251 469485215555 200000000000
1063 487478 633014 410864588967 200000000000
1024 640322 699358 69396769703 200000000000
1044 582452 59115 560775052074 200000000000
1035 300577 315147 715141695937 200000000000
1055 793903 444144 81610576569 200000000000
1048 856498 179580 638350617680 200000000000
1001 239213 78219 536145310425 200000000000
1036 94662 117931 866660134002 200000000000
1016 938437 172588 256513521608 200000000000
1003 983313 776614 987752072280 200000000000
1071 940388 448612 942347087519 200000000000
1041 33613 480195 339756637795 200000000000
1011 580864 184676 738288646528 200000000000
1005 485328 334719 461901090214 200000000000
1025 753083 130671 497612183539 200000000000
1059 208674 998412 106439026579 200000000000
1039 763223 730067 984387750147 200000000000
1071 363550 274728 207749051453 200000000000
1021 436773 626023 161044052064 200000000000
1025 140100 138297 737671307347 200000000000
1054 254392 524037 853129465277 200000000000
1074 2416 211153 434351948952 200000000000
1081 295819 566872 19834450734 200000000000
1042 235131 719826 32564769520 200000000000
1050 3419 841634 372757753941 200000000000
1078 199794 164688 633584612894 200000000000
1057 417053 701162 197243655179 200000000000
1006 127398 395468 373070157427 200000000000
1021 926879 417996 992833564523 200000000000
1041 966321 223908 806147340361 200000000000
1016 644487 335527 432691334979 200000000000
1084 679179 663426 198595852272 200000000000
1077 498255 961673 971097077057 200000000000
1054 612519 678601 105731703141 200000000000
1002 9624 386533 101567782770 200000000000
1002 528457 114846 680709996288 200000000000
1071 42408 21735 21575073516 200000000000
1027 588145 925668 189231540586 200000000000
1055 829493 954622 524484330046 200000000000
1001 975545 329753 779223490638 200000000000
1018 77240 147936 384069129820 200000000000
1027 524718 55327 204996230767 200000000000
1107 50728 566999 123859062394 200000000000
1038 566546 1313 801914823373 200000000000
1003 875611 34520 463212241130 200000000000
1053 62345 123075 988247316644 200000000000
1045 553212 607189 585254793350 200000000000
1007 713905 967263 214576232732 200000000000
1063 793448 476588 923553711650 200000000000
1039 982444 953049 914848459569 200000000000
1081 912946 628995 578461013219 200000000000
1025 250845 90184 475756326740 200000000000
1080 593895 739655 94427448522 200000000000
1002 760047 490970 335470185274 200000000000
1113 234913 796221 500315018239 200000000000
1062 556366 506852 156195718918 200000000000
1109 400627 756560 563944514476 200000000000
1091 842900 225387 772164233794 200000000000
1049 721683 864287 261266535600 200000000000
1004 487417 425394 862848893529 200000000000
1022 944325 639188 617444940502 200000000000
1037 379588 85394 928207914123 200000000000
1114 434138 783368 729918611588 200000000000
1107 588289 985257 770272818619 200000000000
1026 105568 445609 295589140082 200000000000
1059 673266 751581 877812449662 200000000000
1013 464880 561781 108459936112 200000000000
1001 199281 114798 338590220459 200000000000
1033 43872 563785 534126860618 200000000000
1048 131499 146969 54504171609 200000000000
1056 73789 657009 869678767744 200000000000
1028 533812 367659 280905552652 200000000000
1059 734775 783436 766607979707 200000000000
1007 420852 205585 53163692277 200000000000
1099 700261 244115 442516714517 200000000000
1019 792579 517037 141522960632 200000000000
1051 806151 960421 589960930882 200000000000
1121 205594 233517 159719101276 200000000000
1109 447454 103953 657472554302 200000000000
1128 817218 337370 727073511015 200000000000
1044 779906 458015 579664462636 200000000000
1019 728004 42794 898664923918 200000000000
1062 409601 670064 18957392007 200000000000
1088 749536 522736 298838234095 200000000000
1067 337420 395294 164413683141 200000000000
1037 166567 125742 641138834948 200000000000
1034 973101 166445 10965785341 200000000000
1087 505468 769518 330161857970 200000000000
1073 546804 703231 463508752148 200000000000
1063 583687 763463 988490870480 200000000000
1142 533173 397275 630098290998 200000000000
1007 576955 866610 501930631487 200000000000
1003 203655 844344 343573979339 200000000000
1127 514120 541787 350815546745 200000000000
1133 390892 49336 504418635107 200000000000
1017 90495 778099 759494111975 200000000000
1047 78373 807081 123027240857 200000000000
1011 406142 258161 7893775108 200000000000
1076 15571 161787 309921788497 200000000000
1121 347302 882776 702036300952 200000000000
1132 926320 437855 517527764358 200000000000
1165 197509 458651 22420129655 200000000000
1098 488169 158034 854637365474 200000000000
1076 817815 395699 174071896428 200000000000
1078 235160 867947 685521753458 200000000000
1160 744089 128873 920276054070 200000000000
1051 297529 384453 895427029746 200000000000
1081 757690 512293 428607250615 200000000000
1124 992900 29086 745990662692 200000000000
1130 465298 671270 480798065620 200000000000
1139 886010 328019 451349801631 200000000000
1082 123522 539796 405132417365 200000000000
1040 198576 838683 949738583597 200000000000
1100 579622 242357 411895618837 200000000000
1122 850152 783485 804321326510 200000000000
1101 389668 429463 240470962292 200000000000
1003 583271 570541 984826968552 200000000000
1132 545912 548494 712443532031 200000000000
1017 658266 745486 599585948009 200000000000
1175 310811 786526 709208346478 200000000000
1069 375656 545853 454235365594 200000000000
1171 676113 831798 841499499306 200000000000
1144 620266 478166 334358375308 200000000000
1062 910629 497579 689118771871 200000000000
1096 30018 937866 767276441879 200000000000
1106 769133 244726 203017205817 200000000000
1157 639722 538300 653164393117 200000000000
1022 232393 639701 780644656933 200000000000
1170 766437 564064 736766036885 200000000000
1176 171560 383471 946583462967 200000000000
1101 53027 409140 949157103716 200000000000
1051 442184 372986 452813751341 200000000000
1172 504844 373539 968592214849 200000000000
1008 753637 32139 485708154458 200000000000
1130 879419 387253 318176072239 200000000000
1125 308242 973596 428752760340 200000000000
1162 2939 278675 802147291246 200000000000
1146 622650 568795 794039517427 200000000000
1193 179088 994899 343954657070 200000000000
1006 445521 147275 803096698733 200000000000
1182 364364 36938 410438667028 200000000000
1069 956678 723185 104720464209 200000000000
1098 40096 732712 495333905390 200000000000
1149 405718 928851 282789784031 200000000000
1093 98008 952389 793749969729 200000000000
1193 768951 781492 24152082991 200000000000
1147 441578 121827 254472930976 200000000000
1094 304935 827273 915689495549 200000000000
1207 255768 795 280389439292 200000000000
1176 193091 323105 45089848615 200000000000
1051 705793 353896 131722481649 200000000000
1019 777974 360534 401479192453 200000000000
1003 275357 612992 500745621322 200000000000
1003 872786 57669 65065449149 200000000000
1203 103106 643353 232093168416 200000000000
1004 218731 155566 607268860380 200000000000
1074 810210 151983 51599870524 200000000000
1041 457958 969637 354734150805 200000000000
1196 148081 118685 104414993087 200000000000
1150 332861 852830 44740444413 200000000000
1005 237121 454426 759831967042 200000000000
1082 192245 435925 967786168884 200000000000
1010 920143 980894 895078438170 200000000000
1042 33761 549629 699520053861 200000000000
1198 280440 428222 228474927134 200000000000
1086 914209 647312 937742286128 200000000000
1046 150033 111786 390170867515 200000000000
1162 720675 671735 38914905868 200000000000
1134 439953 172116 855532556273 200000000000
1176 618336 441667 581939812040 200000000000
1145 116929 893802 268957350044 200000000000
1153 126424 61652 872955351526 200000000000
1119 552242 553594 98822403683 200000000000
1132 173291 34515 699897828751 200000000000
1201 840191 109124 987418537315 200000000000
1089 333272 603842 49250038785 200000000000
1220 353257 685845 255301988313 200000000000
1239 97843 979955 958586451796 200000000000
1132 675060 511978 297842800016 200000000000
1217 769392 926063 925457550794 200000000000
1168 285864 823465 785238412898 200000000000
1128 145798 979545 554887554481 200000000000
1143 374267 41045 402796134439 200000000000
1232 805543 554579 519940356260 200000000000
1014 336620 585711 928319350265 200000000000
1071 803428 535488 201417551197 200000000000
1247 103631 372737 819799406197 200000000000
1088 815872 302565 31936897357 200000000000
1169 569170 277801 912994398535 200000000000
1247 243941 420206 777808745615 200000000000
1049 674856 710767 544900726968 200000000000
1105 51441 223111 724217984975 200000000000
1217 14605 430697 549290248442 200000000000
1062 563088 909003 624183958049 200000000000
1004 880071 518110 478512739804 200000000000
1031 681418 71264 927959258119 200000000000
1203 236326 734041 797765963367 200000000000
1236 236631 799790 701006423291 200000000000
1004 209128 2531 142962612032 200000000000
1015 232020 394860 342862785830 200000000000
1210 430863 424588 126296281889 200000000000
1121 723879 60868 326071669806 200000000000
1022 678099 236602 569297297543 200000000000
1232 163694 601555 985695228496 200000000000
1124 664777 668704 819848971184 200000000000
1122 430529 857682 604584740516 200000000000
1083 253813 27843 663195104064 200000000000
1163 883233 159134 428992666604 200000000000
1186 614412 362553 523692950621 200000000000
1022 556289 147547 659030958346 200000000000
1255 58378 128246 566940046158 200000000000
1031 398503 681602 304044445727 200000000000
1075 28711 242815 811443439960 200000000000
1084 376830 922046 577116354481 200000000000
1132 815755 608052 374738571750 200000000000
1279 189245 868119 200357651940 200000000000
1094 312424 361916 29835557633 200000000000
1076 934746 153955 162771953944 200000000000
1115 827055 168736 563552975944 200000000000
1219 865750 258613 702136919805 200000000000
1167 718869 582923 256433046297 200000000000
1115 802524 639202 406258281498 200000000000
1216 333112 943936 332785012123 200000000000
1204 29723 106127 673481282258 200000000000
1264 376156 693323 895140992135 200000000000
1020 377431 330763 239853553498 200000000000
1142 727419 667675 698772380887 200000000000
1070 926127 29127 843751181014 200000000000
1270 865684 331694 283477870714 200000000000
1016 236703 877745 375720296158 200000000000
1273 674826 514230 674778821162 200000000000
1151 111796 468070 142756173485 200000000000
1125 431943 468509 146605265208 200000000000
1183 765110 176973 536783474643 200000000000
1297 87401 841930 317164439378 200000000000
1077 265045 418478 604091507938 200000000000
1158 528861 661008 878994870127 200000000000
1007 241171 950520 428791526850 200000000000
1217 505953 187818 835558282778 200000000000
1102 978019 583861 365845656134 200000000000
1226 514740 796616 487612062303 200000000000
1257 388032 595865 256038344380 200000000000
1028 83846 731095 766697183094 200000000000
1104 748736 925993 989327444861 200000000000
1101 665510 843097 410572919332 200000000000
1213 234231 575911 735954889212 200000000000
1177 630830 892764 590175184317 200000000000
1128 268763 156436 965834147357 200000000000
1118 597344 490133 198867274419 200000000000
1312 738813 853912 514794102946 200000000000
1082 114192 440498 919332055627 200000000000
1046 650371 721553 54204565294 200000000000
1233 472150 405394 68878319932 200000000000
1042 862367 675319 7435349042 200000000000
1201 409019 724310 372290570987 200000000000
1300 528250 258151 960303861299 200000000000
1266 792190 636018 399448488520 200000000000
1054 989908 266818 238394603830 200000000000
1218 97959 938449 848961906075 200000000000
1240 609748 798547 845879575332 200000000000
1198 996855 312664 374796209457 200000000000
1214 460348 422491 557922689609 200000000000
1229 754307 137143 407941474034 200000000000
1046 595037 354816 377074883735 200000000000
1296 595031 471962 380713822242 200000000000
1212 460589 648447 935248878999 200000000000
1170 258424 151861 683555885900 200000000000
1085 692622 709718 533524234960 200000000000
1092 301731 347722 388406860967 200000000000
1294 629094 882787 674263947499 200000000000
1282 146356 700926 173683335036 200000000000
1146 238994 736846 831901700942 200000000000
1103 971150 783941 947393829361 200000000000
1195 682613 754843 346966520638 200000000000
1179 784147 880478 915974474040 200000000000
1268 495694 821009 518228175492 200000000000
1299 243579 592758 271296319381 200000000000
1281 688443 481995 787830233212 200000000000
1299 620057 805857 838642936321 200000000000
1094 153661 124172 501508595948 200000000000
1174 705901 181495 160304440118 200000000000
1243 381905 982023 187895113414 200000000000
1034 875391 993745 536159352637 200000000000
1337 971976 709732 443179718221 200000000000
1324 612468 728815 997430190007 200000000000
1208 291274 525018 310314873246 200000000000
1077 682971 767266 158116970326 200000000000
1115 272548 819700 475214240995 200000000000
1121 753437 771914 87558017099 200000000000
1150 837159 885141 411423946838 200000000000
1088 916880 96319 367892200819 200000000000
1248 195415 538324 987090540225 200000000000
1002 150162 936387 946168041746 200000000000
1339 714119 931770 192750503354 200000000000
1254 552762 949625 806062371688 200000000000
1177 504447 294972 411175653130 200000000000
1125 109293 56072 695048967419 200000000000
1235 248058 773310 300162321397 200000000000
1313 947401 451155 333761117982 200000000000
1273 806898 342438 503997618655 200000000000
1140 852594 115029 128974670887 200000000000
1114 573630 459138 286099568154 200000000000
1348 756217 342058 499840778416 200000000000
1228 835942 9399 904653947141 200000000000
1320 441592 412628 496901152191 200000000000
1014 82546 28935 130458669144 200000000000
1214 476973 761446 172043484547 200000000000
1184 177069 381114 34731551582 200000000000
1214 69451 403699 163275225561 200000000000
1098 959290 274273 873351831884 200000000000
1188 166476 571816 701440042830 200000000000
1306 96295 466561 620710879774 200000000000
1270 532866 379782 842183086735 200000000000
1234 218227 501508 259263877360 200000000000
1349 244778 876355 762951558890 200000000000
1089 823587 941432 665951088541 200000000000
1295 114561 315761 15939303793 200000000000
1272 679625 478721 903615199125 200000000000
1102 87538 910897 874503006495 200000000000
1181 618535 279490 538446240361 200000000000
1152 853342 471843 266123926830 200000000000
1065 891127 931516 408647322228 200000000000
1303 501177 351618 160019009712 200000000000
1036 157235 360232 640528032527 200000000000
1240 331202 109997 951213989687 200000000000
1277 734406 960522 819118870514 200000000000
1305 370453 66057 68494395659 200000000000
1348 927298 232247 274859198780 200000000000
1276 810586 708120 811554788176 200000000000
1347 342222 552707 584351998068 200000000000
1059 703513 812067 483054356099 200000000000
1232 270456 978177 836630479308 200000000000
1069 737579 778653 133882936454 200000000000
1375 733757 314097 566930164662 200000000000
1073 413389 374606 615536803241 200000000000
1146 7730 295737 496908535297 200000000000
1264 793900 744730 505858873487 200000000000
1013 257212 721442 508428854389 200000000000
1179 150066 641939 557602205516 200000000000
1190 831312 150458 920889225746 200000000000
1305 943757 41019 795330543442 200000000000
1367 904409 89742 627308995375 200000000000
1349 277 417410 461073103519 200000000000
1364 764129 719769 288736880358 200000000000
1180 272590 409112 948913102518 200000000000
1220 178102 95180 54104906004 200000000000
1353 365884 701948 158693376063 200000000000
1168 805355 79351 123255708302 200000000000
1293 353561 447600 120246517339 200000000000
1021 91652 316018 428500405056 200000000000
1378 672639 703610 838185748899 200000000000
1104 357578 783945 538681977087 200000000000
1175 510453 506507 613184573871 200000000000
1241 621341 115863 826787889708 200000000000
1274 506446 750678 420929494814 200000000000
1360 841344 708492 513233779323 200000000000
1310 339329 545866 123685540366 200000000000
1411 149484 857712 188063861072 200000000000
1015 776678 897753 468123799516 200000000000
1240 68003 627458 408024510341 200000000000
1045 649828 797887 149854448983 200000000000
1071 37557 119482 151394304341 200000000000
1049 92271 134387 824447726158 200000000000
1164 632768 281076 294703316674 200000000000
1411 836395 474668 631128679920 200000000000
1093 330128 983879 833386272742 200000000000
1350 676400 62795 306911513524 200000000000
1055 857540 893921 124518557935 200000000000
1156 427911 365849 17891729053 200000000000
1040 868079 890142 192671359767 200000000000
1098 970470 767061 744015947989 200000000000
1064 10155 880683 800679257424 200000000000
1140 38531 855189 67633337054 200000000000
1065 247222 425400 456389560848 200000000000
1283 14020 126854 591704630660 200000000000
1391 533389 128142 727776680527 200000000000
1245 558571 139132 52771131687 200000000000
1394 731919 678040 48247713140 200000000000
1342 484381 848612 991936156468 200000000000
1325 677590 553128 23565891710 200000000000
1305 389907 280124 58797043998 200000000000
1193 612702 124159 447757849984 200000000000
1046 903156 991061 471381809240 200000000000
1228 393361 439152 582151123448 200000000000
1264 903279 292433 776839893003 200000000000
1232 865050 477871 890361035857 200000000000
1246 42661 279069 430209962904 200000000000
1421 185106 857881 893254534474 200000000000
1094 448569 554277 410682250488 200000000000
1235 918395 157928 161069891637 200000000000
1099 660956 474491 473960893930 200000000000
1355 425630 568172 501654875319 200000000000
1344 946802 564276 915778336954 200000000000
1167 545073 513882 246086039653 200000000000
1381 339730 859433 351538191741 200000000000
1141 413062 220136 141519403180 200000000000
1214 169856 813922 352960480322 200000000000
1451 812370 664454 710811056280 200000000000
1201 453926 278021 542616406909 200000000000
1220 77337 363835 194835970891 200000000000
1138 351801 119441 532326377886 200000000000
1429 819839 47669 938221782536 200000000000
1288 955142 471211 861482517612 200000000000
1243 881527 448071 98841534090 200000000000
1393 398230 652938 166960341644 200000000000
1077 783019 908324 207712422184 200000000000
1408 425443 401284 718852584614 200000000000
1310 252231 366248 103738923430 200000000000
1250 464922 630014 440107853307 200000000000
1171 87484 870048 263557255557 200000000000
1107 61614 600986 351704960349 200000000000
1246 951888 716454 43306397999 200000000000
1011 504517 19706 894799589438 200000000000
1417 683365 464260 731346460941 200000000000
1149 390381 214596 936735672871 200000000000
1165 451627 552253 977809052208 200000000000
1407 224747 791812 825607211925 200000000000
1050 890439 356502 418315363050 200000000000
1165 181184 470075 625542379557 200000000000
1052 907215 544930 73535416117 200000000000
1111 354681 325136 324189046942 200000000000
1331 171561 347371 703033210817 200000000000
1050 886920 153543 635346571554 200000000000
1172 840610 961264 999262743242 200000000000
1246 342893 594560 483719863230 200000000000
1085 268644 290957 180920600684 200000000000
1020 265029 528081 948579633163 200000000000
1365 158398 164959 891740933977 200000000000
1338 335338 413225 376802267055 200000000000
1101 767118 373925 498442232020 200000000000
1087 22492 305391 373134026782 200000000000
1333 231475 788198 207520162069 200000000000
1324 369330 776486 486999328993 200000000000
1444 441330 294355 780549755182 200000000000
1268 727450 172243 131318847502 200000000000
1 664999 601334 341300725190 20106743
1501 916843 680088 761619040368 13435728
1502 956700 723521 932473889393 254015867
1501 548431 87706 971943205388 341159668
1503 355418 844771 513067407559 72659318
1505 497236 832910 762777485977 137276682
1502 687245 393890 567214879339 312899155
1502 155462 800221 939523329318 156390057
1505 63652 134041 820338401303 271620598
1503 69723 614977 444162275060 35800186
1502 350583 815709 855722919933 35924791
1509 791505 14920 372680615207 101081995
1507 152448 152415 449714291806 8205094
1508 325673 19004 304090369532 359348
1504 678349 140586 218945890839 125702515
1506 188228 256383 616086045426 37306421
1505 381508 904543 559113949349 241702794
1501 559942 815244 726144947633 142659309
1503 50476 372337 582961898120 338900215
1509 123710 340258 122219558276 198252316
1519 400740 578080 217114796576 47518357
1502 85473 254556 353686520079 235685543
1521 930651 812331 913573401635 120488686
1521 190236 445119 823585457110 35082111
1520 847317 161781 554154151770 96174231
1511 130834 694108 492823855920 20908035
1526 666901 469197 7357886100 123566922
1525 169999 195593 17123800478 12698072
1520 827799 923880 422675554865 427963274
1517 649155 529811 606548945283 304135137
1520 234637 544463 307059134136 459330518
1501 597111 130552 992943298907 65870667
1517 794152 141219 451653094143 129748529
1521 852262 991282 132887996670 310098435
1530 665462 768975 115661453142 21854087
1529 795964 159498 798730299587 105603727
1529 998155 422446 539784056483 2167486
1534 616535 802855 453702925560 191764198
1532 558054 449439 400349317307 119269052
1535 886613 716214 337861774001 363211579
1526 773479 321463 250687999765 7837552
1507 474926 919318 501524091805 183228953
1537 537350 656632 531540744468 426317601
1538 924124 25113 395786348888 160997484
1534 456033 803383 633143580457 85856366
1524 197771 399658 483119139078 41703759
1542 812910 393595 712909635859 293411964
1538 994074 321317 626218544742 109521849
1535 573076 679041 983807450302 15669328
1505 677519 535066 442868159957 335244876
1512 467373 439392 249927870129 495468273
1525 810124 229023 613591189045 176865162
1544 451884 268168 9986432493 10040290
1518 417645 928667 697279615892 6464043
1503 558668 412579 451035895389 53607430
1535 405399 160157 502759004085 90750159
1527 841602 455723 560683142273 383053735
1547 548923 10532 32459303935 440342642
1542 619647 543419 121153631961 99266665
1550 472471 618807 385537430742 445244386
1522 487012 981054 787189108255 114364943
1548 884807 232782 190379802759 248681609
1537 688281 228969 297307673304 93247137
1550 529384 228300 488928316900 149443606
1507 948890 835491 193649600611 421449432
1554 227543 313958 245052930213 492090120
1532 431063 738036 65467745757 1555892
1534 705078 799398 991746712771 97088738
1542 32177 314533 583186373962 73374749
1508 414293 963796 922011543032 184928264
1504 904172 667640 610791862599 199962701
1505 60746 642182 177479869554 331807876
1507 732384 512548 832625621228 455624839
1518 347022 836899 360865750196 210241290
1562 303326 202112 735864488617 240698436
1569 372519 835326 242247529073 55304676
1513 149004 876539 444929916748 37070728
1533 89113 845138 354000555439 309289954
1518 211699 385403 852155231972 318140
1522 992954 723559 711244798483 233666190
1509 903248 760069 773029302968 438779818
1519 896682 269187 731140560735 399450301
1574 622791 930779 381836046271 24341279
1518 105486 17546 749341076004 38130562
1549 947786 235920 414043599679 363569733
1507 843320 861603 947893986628 120121224
1515 718990 968343 82826776201 15373720
1559 334715 892277 392221269095 89594416
1555 847706 446481 824350648499 288034236
1571 383190 3933 866655116366 287781060
1504 155071 938456 780173430226 277781939
1589 447107 188487 502523689669 409585553
1538 397441 710355 272182488761 279216993
1526 477786 710475 676569761603 143001938
1502 937067 231595 208029147354 75102313
1539 739124 488217 861130773266 217349855
1507 191572 19799 125460428766 89395000
1562 343886 589035 33803551696 25650785
1590 867892 92363 592729896163 38342246
1536 73039 686134 17896195945 351993979
1504 685603 925011 880062725469 208276519
1535 232443 378837 172627756029 456032281
1501 215130 304731 902088792025 35551459
1570 162075 299022 703731424694 381387366
1525 719037 363787 742992968958 34395346
1602 805247 231682 267987076228 47504889
1565 407494 44308 392701435295 392558524
1587 599152 945391 426844986264 200461136
1521 326404 191710 449777816060 5052782
1552 844839 317768 350240814477 424342209
1542 713829 572152 915762071048 77014734
1581 452484 872711 795980077056 415477920
1569 782235 556902 275600403846 11878621
1572 762754 747703 536136359182 266642073
1609 922577 608782 976398295512 127571394
1569 683368 662877 532428882640 115324884
1517 949106 928180 125662823886 337787200
1608 749922 159847 265206751844 342417260
1583 894210 625009 611970480117 8223943
1606 759558 502465 484028249832 12869702
1575 526910 179756 739867560287 125417190
1564 291179 20338 394994157078 258547751
1598 984340 236012 775226502645 52566691
1529 195495 215827 568779696939 27666415
1569 872830 441484 117791672130 146732314
1585 753220 626063 961072190977 85301683
1505 529357 400235 10349180441 311338038
1601 631110 173437 795550748078 112278631
1599 453579 420313 318034035357 387137894
1596 94911 599645 253787424984 5199831
1507 634090 615738 587633466783 380998431
1569 992270 135998 666597478573 16126371
1517 790850 677840 442299323674 790850
1508 131145 194136 367016347428 306618128
1546 868044 159812 791647310813 211068052
1504 548476 718838 134529994579 198722995
1630 412858 473581 834392077313 236769748
1530 996230 591374 873326347302 16939956
1537 651151 36856 40962011080 228485967
1552 613574 333376 904738552626 41901567
1548 747646 473144 704162286720 188531014
1627 849732 108661 368642339174 330594980
1613 403852 341189 982198199544 353868513
1589 397270 889692 801809565882 23176404
1540 210227 35982 705579665649 49319474
1543 557833 298745 837347749218 3893250
1512 621228 64786 435464865842 30821478
1503 906518 763287 667536099122 237237033
1576 384762 898950 10631347859 335938088
1514 376381 371228 419769192475 14344102
1527 623018 76690 259750684286 340750887
1629 161172 372449 571666883369 87672188
1587 865109 247935 50870472634 44180577
1622 769650 599417 723580585306 71023534
1511 303880 455801 879598963404 9107541
1655 796532 710777 883531802484 172026295
1612 696326 832017 544305642728 269000008
1602 846062 771567 529317935681 314612196
1594 479026 715643 217524275576 77704044
1576 109856 384548 639422457185 293634255
1653 228194 7583 460079518541 76989173
1578 964487 459963 675454949938 351868019
1522 946099 892654 94649158144 295517362
1630 175171 281327 257902388731 52141788
1552 742856 257801 213539247610 19151887
1574 830384 521896 197132577811 39848725
1659 536986 959205 341836757069 367354948
1537 325744 667873 581595314468 20608357
1522 758403 489020 442644790243 287796828
1590 299613 930706 331006285245 217287703
1615 593640 154332 7655929202 312793081
1565 935625 358625 188420068888 9608880
1575 732462 506595 869806867583 270372979
1663 390254 69023 40746603664 14229373
1654 110995 391391 930705105981 241979515
1515 16601 713288 949095036640 108463804
1650 829426 942855 469916464929 190303564
1574 928742 573241 364685992852 156487573
1641 234675 599877 413510907051 484911978
1585 401892 14901 449387006171 478574132
1514 400351 996792 549607367820 158183821
1552 286491 157163 651366943201 108647313
1502 747798 613457 478069981548 318786490
1631 664983 904197 592626918531 142217042
1582 235969 227718 377636126089 24395011
1659 213548 148389 744906534866 410483193
1684 604327 176115 705337601948 320060061
1574 814985 52476 290232335816 420234410
1517 309280 808560 651137397152 273530385
1561 927463 611596 640762694489 168132083
1543 548362 451308 646096601214 330832908
1536 454419 785134 758170410141 87712178
1658 610262 157240 81151336112 465605498
1540 757820 563033 104821181074 205803063
1588 207783 370392 156659049116 230565199
1604 947052 188688 615247968323 151436811
1550 255096 993926 914588191 96117361
1615 204697 755947 187855459135 138409871
1687 659612 591098 783552222755 243720173
1588 314275 862256 948149123749 87517583
1643 136184 494358 4509561498 174081100
1585 639992 881063 251247979169 12789847
1665 592357 568914 814916286897 43122565
1621 84213 631813 295279521726 202313875
1617 815832 352053 451667157414 359657274
1651 822843 938248 521953447310 42020776
1593 192186 636195 860897873690 221980321
1543 327215 186119 5852876969 159608834
1602 973643 319269 69946338163 3332317
1667 805534 566110 935877268939 57385359
1554 813640 605206 768455488410 329593141
1513 388936 625897 531114915074 316295143
1702 154558 828587 288424074332 8435676
1580 260390 761625 431730644364 62905339
1628 854193 13561 642694365913 222552016
1563 912685 130750 286786622636 58933953
1597 150596 138500 488426639121 311420831
1670 332077 43122 132134244629 8750423
1548 857573 562638 592839615870 347427430
1550 875866 888621 976715112838 430387128
1543 966331 452930 98599847986 351324650
1664 99031 407316 689930996847 69616448
1687 658259 517178 76648190216 193510185
1549 550636 200717 329112057969 174020108
1508 30038 896707 869027066441 160616301
1638 845609 368448 734801716735 212786765
1536 300409 895436 687619878706 1859431
1597 687118 232823 19058037408 191454046
1585 550026 91320 163683469895 464552782
1529 831914 446334 49966709730 122941945
1595 362880 640247 391012161792 80773784
1677 522017 763893 141630714003 152225679
1547 148364 275034 794740638350 402774843
1511 998786 706871 881365777520 39783365
1538 531494 297260 316699320586 190384348
1541 246797 675204 177694407771 412954567
1507 569277 55406 781118666691 22137936
1508 491657 190834 198859055688 22826597
1595 657454 470735 855491629874 99995579
1683 861743 199958 335453379300 231250826
1519 485952 932579 831362993616 12254115
1736 223266 274447 343183147457 6018813
1623 898182 482455 167304178415 371720305
1637 613085 207703 479517408812 184690822
1502 817972 545288 382071503000 173342268
1609 243679 903085 93889573895 133178593
1508 553556 44025 719141912939 492577862
1742 35690 685423 134143568904 130529574
1711 853706 452581 577381193367 365440208
1661 542097 370304 752880639274 129427675
1534 744240 398700 930616259566 359080630
1557 264629 756438 706258893466 61117810
1700 97370 833890 253854173026 149797977
1582 173192 851903 787044295362 44658349
1748 543083 473567 579696761236 48015747
1546 159306 986586 627121020950 11103552
1689 891198 538106 149534630866 488596097
1646 967342 206484 539542050264 295264307
1747 91103 807803 412472917821 279674782
1705 499127 213738 594180379860 97479164
1717 48153 220968 353332920643 108448428
1697 237389 197015 780883876106 157662318
1722 942163 700305 281716800408 273088083
1684 246133 848105 653929107220 378248324
1724 788870 249873 784939297899 45796600
1726 630179 994674 808253101188 228186718
1607 927141 243649 582480024317 111640114
1698 295695 467654 825210997622 81052791
1559 517952 251420 732954491211 99210229
1688 264193 968969 152999994333 396492463
1659 488738 388015 882353812032 394269665
1529 104084 264029 157477032079 200459369
1537 461653 48959 651229108855 144357450
1709 584368 295740 221583216029 159592870
1650 868985 306340 492343492962 203007251
1667 556620 153935 371244995167 344383693
1659 622776 580197 421735053464 471521688
1758 426807 891572 503371239360 244161254
1601 889057 504754 680490810770 27222875
1779 34803 289349 258809268826 159796
1760 159872 671639 775888889385 228811722
1566 462964 811841 965380307896 157099642
1563 813202 523661 107229400732 153555751
1686 534123 38053 705770689333 292923287
1585 749393 573861 44936226700 369879283
1643 353421 549374 8910993577 56105719
1592 153700 940117 8375730441 77548766
1601 324278 186857 519804483474 82001593
1759 47067 922624 801961510743 49180941
1640 872736 819868 777575882802 411767882
1608 783783 685581 591201328917 86824022
1766 199703 391828 47550653492 283077160
1790 7334 259506 807073456817 399477968
1707 220441 197010 470472719458 292493016
1576 490315 45291 648182631922 241929923
1610 510051 935041 529250358016 62682533
1781 83987 966998 282650105 192898134
1765 365804 779314 207049405194 1472217
1692 342497 767110 291554222888 216576687
1603 908471 579373 430662775262 411664447
1795 434197 781277 749759050868 47661127
1582 964410 387704 221409585739 270017745
1681 722096 131741 594588003493 130848624
1652 915488 519501 560226212607 407172342
1626 831068 703667 469516776662 443981161
1702 173345 946182 876727812608 133999501
1725 793871 30216 529734322996 161166456
1509 275949 329649 223681961793 17236671
1792 399556 280046 20410107623 73424435
1587 174200 398006 255492555864 154696034
1565 65459 278615 866634614005 283713029
1547 625017 325024 135090218221 488630932
1723 434289 940667 259794623201 12841199
1790 509861 43527 437428087942 139735480
1752 181397 639659 549928802475 174618289
1517 348512 845819 602414873238 173488775
1552 127041 618140 170306723718 12138217
1739 31994 269702 679442209535 61034969
1797 36843 763587 621551712654 58069309
1799 327710 273364 437263630635 337308568
1759 10280 667393 531476981240 42731148
1753 100969 863682 801071617996 130238726
1793 101086 110267 154772605794 23858947
1672 191034 614664 717323357482 284183252
1529 587123 536615 635760127683 391418713
1593 978368 497375 508022938121 95023509
1556 24700 281079 531808511372 1176349
1575 28302 728718 921370177740 370551379
1643 348128 962315 734367697236 134715785
1557 952971 159869 191611334269 229900866
1602 358814 71352 508034946939 182399259
1804 235507 158743 440909201454 63844412
1564 81457 28986 997172909489 433845459
1699 100445 165615 176529445561 303539011
1583 840140 39203 899696844496 133673525
1672 480874 150175 373426581223 447685165
1575 122458 228182 429767213681 1616688
1513 375400 411111 129904498634 159243093
1509 974125 574178 758973125865 16747724
1703 931036 930984 227062656689 56897690
1516 380107 129025 709014611680 324649662
1839 807991 680578 749935269421 361388121
1547 144943 193103 424705200259 34694019
1662 173868 599992 370612295658 33390321
1757 387454 518647 160642286706 391152418
1745 280805 914891 320144456471 8016777
1821 4824 85072 578284389169 252246557
1736 226968 657614 719117317163 17239296
1738 494124 823552 330301441063 229934569
1601 31071 230809 604316248297 34588218
1714 444772 28554 125231058183 9526345
1528 966380 327755 27266598832 370859046
1602 67324 249138 470660787787 61442910
1522 538977 285197 169800047493 179725951
1566 40628 572425 254056764217 30356651
1629 710724 944764 290670481292 8496236
1647 316929 420240 885485128431 27449456
1682 146106 826062 982955994878 114273595
1589 398458 683426 873148725677 234955524
1745 323875 899846 656571748667 26263506
1566 260267 285969 211903231236 109682243
1843 915172 300082 976865386324 6508999
1557 370383 561922 563579561375 161244805
1835 696531 769361 371019170491 252532820
1827 313539 128511 946048884591 118344435
1712 744304 15206 158611447229 83501665
1678 542049 805838 450495265160 87242106
1587 485540 657036 84206437170 382284845
1514 916211 279714 823884468988 5832423
1800 177704 925428 409310065487 21048931
1717 365911 135947 119648954325 108478670
1622 231934 510991 142736103931 197878462
1845 722750 36837 132363340849 354359165
1513 380057 22033 484844281309 68726961
1578 897341 187309 723175184739 372917558
1692 109405 912402 293590834853 460648340
1568 869038 164547 421577476515 413515655
1870 369063 899773 637789130878 296593101
1806 56443 509559 731047333060 277556922
1794 880848 813950 905755689251 441286403
1649 41340 593566 422394666624 169169917
1607 910728 753109 609332269814 110182578
1664 31204 606456 378348432717 853714
1857 33037 400232 855299077994 317519709
1819 922813 374248 802472732137 341451738
1580 110182 668239 588422248719 19834415
1879 36822 503424 517855065422 217724272
1570 395880 603391 589701671520 18330373
1694 594546 102576 712871993815 214954379
1685 842097 557586 749682431985 294800709
1604 934598 471688 932425367340 17100444
1634 587697 367893 130901162227 341478697
1742 705438 939752 805496538464 69824710
1512 262007 965148 153712916080 111389213
1596 890469 224650 407350956933 41903716
1584 517137 596191 73571619727 435176191
1846 535448 205275 490781834689 127663360
1642 359902 815675 427148869669 196036009
1780 412469 768643 747670411847 124344193
1574 963287 863609 162012360822 324894892
1526 249768 875182 27689415845 405278340
1816 289871 450861 373580567013 437546430
1827 557124 285307 869400009799 16910720
1712 722179 165269 534229370570 85400918
1680 258721 140384 999371573703 241364625
1703 614544 402615 641595220226 244727196
1869 946954 645065 567422236984 37728001
1831 129942 727641 156379187056 40956068
1638 728744 210929 614411966246 215963813
1603 200305 122287 295761349761 28495349
1677 885663 891163 511390574964 67740782
1633 591964 321775 274019493610 81907814
1823 952648 212837 289005759812 438907506
1877 294226 231398 110633096995 195796829
1753 950328 903420 187405114354 318208019
1629 94348 132099 447426361407 245429453
1599 948837 693621 141090384113 61186870
1758 205984 59855 230312636421 303685491
1761 420052 120162 582165191393 132971109
1917 96172 274211 836432622113 309223690
1532 398148 873869 136432502038 329236853
1741 103589 594860 522521937509 141179843
1792 299286 876010 156214921714 188646141
1661 459303 751339 299476090867 3107310
1723 441884 503670 512939686338 12112018
1558 594402 790441 384032612849 96242247
1652 655844 964312 360262167061 262065103
1822 712923 694741 711602863587 158411009
1778 591424 855627 584429374550 38021062
1853 645194 959817 968573953515 77393521
1917 945349 173716 896346849628 175612332
1639 8598 115285 932025633083 342981675
1685 498294 14613 977927477195 133971889
1613 204400 984850 865747855289 148910298
1530 345811 25092 293578690211 261187980
1912 590295 695884 818074202830 42654990
1552 666963 755314 463773691487 40514166
1905 516337 436820 978741504488 333899117
1639 709166 446441 261442353280 30032087
1538 731947 659454 166701351985 102025123
1607 101123 333471 368902694645 90352652
1694 271518 28118 717768581580 135479953
1659 196405 202314 524311211127 13759825
1593 269069 473142 938250765617 381073252
1700 303226 80413 498773537257 108482119
1813 605560 490723 293079347637 162234609
1855 536074 838933 995933405204 62758497
1659 120447 587878 873717437146 76868943
1600 634282 487726 982724858607 7109066
1861 714151 598992 681840308865 105805234
1913 850578 774986 288415410247 100267444
1920 752503 23028 556376410833 396459278
1688 429477 339171 458842784235 453988312
1735 447797 288408 303871749435 256519595
1548 584702 371520 14949783203 9267587
1594 914809 616044 190580363441 37615831
1660 253931 177048 24197488511 156623313
1755 921100 21570 416589938944 122361777
1870 18292 588002 398582769207 31503403
1723 999900 999090 213610093516 220187985
1959 33775 446908 426353127141 39701983
1938 631481 487336 720319372427 87631710
1665 404036 481104 714958669292 132792554
1716 738944 309885 773877836549 88089232
1819 32056 977917 348149135886 110380546
1677 913162 644097 202566545857 33786917
1625 374568 534589 940028443881 75750761
1694 742770 809239 605634227599 132523041
1668 324543 918040 789156174625 406236899
1529 316024 640149 671038293567 353736575
1617 160332 528655 83661365226 1204167
1561 89050 286313 343187217987 87181287
1840 779414 769872 353620249901 164931182
1859 922722 72981 878933023606 96058157
1948 99636 900302 381410003415 2456395
1711 995603 190384 564716556141 106218990
1913 738762 513945 624276094356 4207890
1861 462673 867409 732945336420 17700620
1627 708104 788019 840896666411 143581559
1660 311989 692249 277793712323 162894671
1968 301740 831460 806512508997 311871407
1796 528505 783562 147631591815 139855428
1814 64058 965126 985762197588 8535217
1836 1363 978567 747511563630 425424459
1981 841267 178716 786290252735 270093775
1695 11742 76534 877484083102 75946102
1659 830927 402783 125317605454 59034308
1850 613795 426279 544772218473 89760376
1897 519897 158761 2103594743 489553064
1719 316504 826955 437120876473 96329837
1551 49458 637249 861583027030 101225857
1590 534474 970470 465685167614 190437059
1667 461761 74028 235078303893 94557909
1970 202582 104234 347147431754 208188263
1896 129205 758271 448183901750 72790992
1746 525484 402658 331818168736 199635359
1513 430483 61265 45948059709 11085207
1621 799559 243080 565695203372 109684164
1741 570952 524792 128834585414 132920935
1602 941765 165859 556686963703 296649421
