200 1000
8 50 4
59 131 3
145 79 4
110 41 6
93 43 8
104 128 10
41 13 4
170 110 8
161 134 10
79 17 6
98 27 3
68 11 4
180 150 10
22 168 3
194 137 6
146 29 2
195 158 2
154 109 5
69 91 5
197 131 4
123 67 10
25 2 4
178 9 9
134 99 2
36 14 6
15 64 7
26 70 6
95 30 2
118 196 6
5 52 9
189 124 6
83 153 7
117 138 9
145 102 8
72 29 8
159 178 8
95 105 10
32 146 6
36 99 3
200 169 3
61 158 5
9 196 9
114 131 7
163 143 6
83 53 8
22 96 3
72 102 1
32 139 8
17 191 1
80 136 7
173 99 6
120 55 4
90 161 6
127 124 7
14 171 9
95 21 5
167 135 7
195 164 9
45 191 1
160 24 8
186 18 3
140 48 6
97 86 4
21 145 9
136 116 6
135 43 2
80 153 5
96 19 7
93 16 2
34 70 8
154 148 6
11 63 2
9 178 2
26 136 9
196 177 8
40 75 2
157 102 3
161 95 5
156 190 8
16 194 10
81 56 6
107 164 3
77 109 10
132 45 9
9 198 2
50 4 2
132 15 10
176 10 1
130 24 5
61 138 6
118 126 1
57 165 8
49 105 1
151 177 3
155 198 5
182 149 6
179 100 10
130 154 4
48 8 4
123 106 7
54 25 1
167 1 5
171 86 7
99 156 4
158 177 9
67 158 2
79 15 10
138 134 2
121 163 4
198 32 9
190 74 8
105 159 1
55 161 6
148 81 1
156 147 8
39 1 7
36 58 4
115 194 1
155 19 8
186 130 6
164 103 8
44 20 8
148 70 6
104 74 4
149 186 9
60 7 1
25 133 4
4 98 1
151 32 1
4 101 1
134 59 4
77 151 5
181 80 3
175 150 3
50 172 1
80 184 1
41 124 1
172 30 9
147 100 1
22 177 5
45 159 7
172 65 1
199 152 1
104 152 2
6 81 9
75 50 4
121 26 3
184 189 8
9 151 5
196 58 2
91 67 1
194 154 6
161 143 4
153 108 2
111 1 10
128 172 8
15 26 2
118 149 3
116 175 6
174 21 2
40 55 6
130 54 10
167 157 5
61 99 3
121 117 1
68 153 10
99 102 2
17 92 2
129 72 2
46 121 1
159 54 8
151 112 4
195 134 8
28 196 2
43 117 7
116 125 2
98 62 4
125 109 7
82 16 1
17 106 4
182 121 2
170 66 8
137 129 6
185 168 10
77 47 7
67 68 1
185 192 1
59 12 5
119 119 5
26 168 10
19 15 6
119 29 10
35 128 1
155 141 7
136 84 9
66 12 3
65 77 8
76 46 1
16 193 1
148 38 10
48 116 4
180 130 5
180 102 6
90 159 4
1 90 1
18 47 9
144 139 7
122 120 7
48 189 10
188 36 6
113 85 10
185 135 8
120 16 6
177 62 6
20 32 4
99 199 10
5 104 10
166 192 8
125 166 2
55 107 1
104 33 3
142 55 8
18 101 10
66 148 3
80 118 7
49 163 10
40 109 4
58 162 3
67 22 8
197 156 1
95 156 2
113 94 8
33 45 2
199 153 7
171 104 10
115 200 7
36 122 4
153 87 10
151 11 4
70 6 4
112 32 3
17 100 2
40 171 7
92 58 4
129 178 1
84 177 10
92 35 2
105 27 2
191 123 5
91 85 4
42 128 10
185 138 1
162 182 6
3 133 3
55 160 8
178 63 1
20 151 8
142 37 1
100 113 10
157 191 3
49 15 5
119 151 2
96 22 2
102 46 2
58 111 9
6 174 8
70 97 4
22 76 9
101 90 3
55 64 4
90 51 6
16 165 5
164 159 3
93 117 5
21 61 1
169 142 8
197 188 2
35 129 2
49 76 4
72 130 4
120 72 1
165 80 1
11 81 4
143 139 3
45 29 4
176 181 1
197 148 1
88 144 4
53 62 5
1 181 9
58 24 9
15 46 3
110 11 10
19 91 6
144 156 6
135 76 2
152 27 2
60 184 5
38 80 9
101 138 6
79 85 3
116 161 8
141 108 7
129 163 4
170 91 4
79 114 2
11 41 9
1 195 8
57 152 7
32 145 10
177 185 3
109 115 5
20 29 2
171 64 8
25 144 5
9 182 3
89 164 10
20 180 7
62 88 4
100 189 5
81 67 4
75 37 10
168 35 10
85 52 10
67 68 1
190 128 4
182 96 7
75 36 2
173 29 9
71 188 8
90 47 1
112 13 4
113 182 2
31 122 4
129 151 1
160 155 3
195 131 3
160 178 10
33 73 4
82 154 3
122 157 9
192 101 7
121 105 10
130 145 6
71 17 10
81 19 9
53 129 1
63 41 10
186 184 6
60 79 10
162 183 9
55 41 2
171 29 2
145 70 6
70 111 3
124 126 10
51 32 4
47 70 1
195 11 3
65 125 2
120 21 3
62 126 5
150 91 3
61 94 9
123 182 7
69 24 3
40 118 4
165 179 7
172 142 6
37 90 9
121 103 3
17 148 7
52 73 2
124 137 6
8 34 7
154 13 6
41 154 8
134 96 10
52 59 5
161 139 10
76 199 3
34 163 7
37 47 4
65 85 3
120 43 9
60 63 6
117 128 3
149 1 1
199 93 6
129 101 4
193 164 4
73 2 10
22 87 4
170 132 8
20 87 7
17 55 5
15 16 8
167 98 8
161 13 2
32 175 4
78 125 5
34 151 8
200 30 10
145 165 2
13 180 5
8 184 1
60 111 4
92 122 6
54 130 7
154 62 9
92 164 1
169 88 7
73 20 2
5 152 3
46 171 5
163 177 8
27 14 5
172 180 6
130 89 9
179 18 4
39 109 10
127 169 7
200 56 10
77 89 7
20 65 8
17 119 2
84 199 1
149 162 2
19 178 7
62 79 9
64 36 7
109 169 10
120 124 8
193 154 9
54 96 2
76 5 3
33 20 2
36 69 9
11 35 1
179 66 6
80 76 8
88 164 8
167 135 4
76 185 6
157 200 5
94 87 4
125 48 5
131 168 6
111 83 6
115 53 2
186 192 7
161 161 3
4 31 6
1 186 8
85 189 1
87 101 6
200 103 9
184 118 7
3 90 9
126 190 3
196 6 10
92 122 5
115 63 7
84 27 10
2 131 5
176 59 3
132 137 1
109 25 8
109 12 8
1 115 7
200 46 4
163 140 5
22 87 7
11 63 4
94 36 9
172 39 2
92 14 1
158 93 4
176 169 4
16 37 2
148 170 3
135 129 4
80 107 5
8 138 4
22 48 5
150 17 10
139 151 4
187 97 6
125 123 4
182 13 2
3 96 7
55 9 1
32 31 6
115 113 7
138 10 6
120 182 1
109 10 10
68 120 7
200 121 6
178 123 3
181 82 6
31 126 7
195 146 3
34 81 7
35 118 2
182 59 6
193 161 2
2 143 5
36 156 3
44 123 4
42 182 10
119 161 10
156 83 5
33 114 6
129 105 6
112 82 1
105 152 7
162 65 6
123 114 4
37 119 5
189 144 10
103 144 1
20 13 8
133 183 8
60 74 1
20 11 2
16 179 3
46 71 3
9 184 10
110 14 1
152 66 3
18 154 10
117 185 10
43 104 6
130 58 3
65 153 5
127 28 6
60 153 7
23 130 7
150 80 9
91 4 7
44 28 6
199 188 8
32 77 2
164 15 4
33 123 2
192 72 3
134 154 1
181 105 6
88 111 2
159 187 4
41 60 7
163 139 5
127 127 3
196 22 8
142 159 5
21 198 8
52 63 3
138 5 8
6 108 4
59 140 4
98 82 6
58 6 8
13 25 5
60 100 7
141 52 7
123 94 6
50 162 10
32 197 4
97 45 1
39 32 10
136 66 2
188 38 9
121 25 5
176 104 10
87 46 4
58 133 2
179 105 3
32 21 7
31 44 8
49 45 8
150 126 4
64 17 1
149 180 8
15 106 10
108 106 8
15 116 9
98 50 6
30 27 7
199 186 3
119 54 10
4 184 4
160 22 5
35 76 3
37 80 6
151 14 1
93 149 4
182 48 9
107 179 7
68 115 1
71 159 8
147 105 7
64 38 9
135 57 9
13 114 1
125 105 4
74 163 10
178 70 8
32 154 4
140 121 5
198 25 2
159 121 9
19 2 8
193 14 1
157 141 5
69 71 4
50 135 6
72 92 1
18 11 5
126 102 5
193 35 1
147 188 2
166 190 2
66 161 1
176 110 5
124 135 5
15 95 4
76 78 8
28 23 5
173 40 10
184 18 1
91 7 7
13 96 9
117 122 5
28 179 1
173 88 6
182 127 5
31 96 9
20 13 4
113 107 9
194 127 7
127 134 2
97 193 2
10 178 5
123 41 3
16 181 3
152 53 4
78 18 7
66 62 10
50 8 10
31 177 6
182 128 10
98 194 6
30 23 9
154 80 9
28 25 2
78 7 1
73 2 1
99 78 10
95 128 3
60 178 1
152 25 5
21 16 10
178 96 6
65 1 9
118 124 8
155 169 8
176 114 3
158 117 3
143 163 9
41 106 1
7 2 10
21 163 8
136 153 5
36 11 2
164 52 8
52 111 10
48 35 9
24 89 2
133 160 7
146 103 4
90 20 5
87 108 3
101 147 2
166 145 7
75 118 6
96 67 5
92 192 1
157 60 8
98 110 4
23 86 10
120 121 3
149 54 7
77 34 8
194 104 9
175 167 4
31 182 7
126 70 6
159 186 10
22 115 1
57 73 4
54 176 2
156 163 9
146 53 1
32 1 4
148 120 1
2 160 3
180 197 10
102 57 1
182 21 3
152 46 1
55 158 4
16 9 2
167 174 9
87 31 3
27 180 1
33 152 3
102 188 10
9 138 7
3 79 4
89 175 10
197 124 3
124 47 10
156 75 3
32 58 2
180 195 8
57 37 7
148 14 5
58 61 8
1 37 4
134 76 1
163 67 7
109 108 4
138 97 6
25 67 9
34 162 8
172 177 5
115 90 6
60 39 5
61 128 4
43 56 2
112 181 3
10 91 4
146 39 5
139 165 2
41 151 9
176 199 5
88 43 9
21 183 6
135 21 7
104 21 1
176 163 3
71 39 3
116 136 8
135 68 5
181 191 7
7 82 4
73 156 9
176 21 6
187 198 6
138 196 4
96 177 4
83 28 2
200 106 2
178 7 1
196 197 2
32 126 7
180 71 5
158 123 4
74 81 4
84 135 3
58 164 2
38 30 8
187 152 5
23 31 1
155 107 10
118 84 10
114 93 10
145 69 4
30 66 6
188 141 8
198 80 9
164 101 10
48 102 9
6 121 5
173 77 1
120 170 9
30 153 3
159 8 2
163 17 10
46 149 6
109 14 8
106 15 5
136 71 4
180 159 10
60 146 4
149 145 8
138 92 3
99 178 5
183 157 6
134 11 3
71 71 4
154 129 9
74 83 2
101 6 6
22 185 5
48 129 9
186 109 9
175 124 2
73 125 6
190 57 5
199 148 6
168 184 7
144 37 8
147 163 8
143 197 4
182 82 5
189 5 6
88 184 8
166 94 7
139 52 8
191 81 3
127 30 8
15 18 6
39 127 6
158 126 8
80 152 2
160 182 6
126 95 4
65 164 10
102 73 1
54 130 3
81 160 5
41 177 10
105 19 9
87 67 3
175 99 2
28 16 8
42 10 9
136 166 2
162 33 3
20 195 4
55 132 7
105 84 5
114 12 5
109 160 6
73 193 3
16 30 4
144 81 10
106 185 10
112 10 4
49 186 8
161 181 10
64 134 7
186 1 6
43 175 2
64 94 4
199 164 2
192 178 10
198 30 3
170 61 2
66 112 4
97 51 5
124 89 3
21 17 6
178 173 3
181 77 1
42 19 6
120 144 4
182 59 3
68 153 2
62 96 8
30 28 2
87 61 7
193 2 10
12 185 1
114 71 9
186 121 8
46 98 10
200 103 4
168 20 10
138 30 10
19 19 6
16 38 6
130 25 6
167 73 7
161 179 10
172 125 6
181 178 9
155 116 9
22 9 6
53 96 2
11 161 3
111 83 1
102 61 6
21 85 7
6 109 8
25 50 4
145 17 5
82 62 6
39 4 8
23 14 6
52 184 9
58 1 7
90 2 10
11 75 6
129 92 8
182 94 1
169 16 7
125 54 5
88 196 10
94 7 6
32 179 10
31 10 8
33 175 5
71 154 2
189 165 9
89 8 3
159 17 6
178 93 8
30 91 1
152 28 2
40 141 5
178 137 6
12 85 6
176 160 10
50 100 3
175 191 7
143 23 2
61 35 8
94 18 2
166 49 5
133 189 6
59 3 1
120 111 8
193 137 9
9 151 4
120 38 3
95 194 1
12 106 9
8 154 5
65 108 3
15 70 10
115 88 6
49 68 4
68 161 4
71 84 7
169 27 1
123 38 10
172 97 8
142 159 6
89 72 4
108 121 3
194 153 10
14 29 4
199 18 1
189 147 4
166 89 2
167 44 9
5 168 8
123 47 2
104 121 8
65 152 6
130 43 7
189 151 6
103 74 6
198 116 3
189 187 9
118 23 4
127 197 2
80 85 3
91 198 9
112 144 5
53 126 9
73 188 8
116 128 2
183 178 5
29 14 6
102 40 4
124 165 2
59 160 4
149 128 3
134 9 2
122 100 10
131 182 7
14 108 5
199 70 6
81 48 8
76 189 7
65 48 7
39 28 3
132 80 8
147 128 1
139 42 3
103 66 10
12 109 3
44 174 1
37 3 5
171 2 8
41 109 6
6
