5000
1149 11 0
4079 3477 0
883 0
1338 2052 0
129 0
4494 324 0
1865 77 0
3536 0
4135 0
4437 815 0
2048 3400 0
1757 3431 0
1265 3617 0
507 2552 0
3642 0
3394 1448 0
3814 547 0
2483 2675 0
911 0
2400 139 0
1286 1028 0
3078 3856 0
4108 44 0
4418 4386 0
2928 0
2607 721 0
833 0
824 923 0
3606 2313 0
2566 4725 0
1932 2829 0
2967 398 0
2728 0
116 3869 0
3062 4735 0
2785 2008 0
183 0
3467 120 0
3250 0
2370 2926 0
1384 4562 0
1379 2127 0
1312 0
4357 0
1029 133 0
2249 3962 0
3546 3395 0
1960 0
2376 1375 0
2390 680 0
3251 3471 0
3040 3164 0
1257 0
524 3548 0
2541 3161 0
4704 2178 0
2382 111 0
176 1293 0
3633 0
4225 0
4804 0
1958 0
4249 1945 0
3798 4020 0
3380 0
2141 2497 0
1714 3126 0
1018 1802 0
981 2087 0
2511 4492 0
1181 0
1881 192 0
4269 0
2943 0
836 2613 0
2756 4006 0
4529 2761 0
585 918 0
4545 4098 0
761 88 0
170 338 0
4902 1363 0
1090 3849 0
3419 3666 0
476 332 0
1370 0
2852 4238 0
2934 1153 0
1667 191 0
3690 4810 0
4789 3212 0
982 4929 0
4106 4295 0
3071 0
3097 634 0
4438 1403 0
4024 4325 0
1493 4655 0
3513 172 0
2430 2900 0
3736 4459 0
683 974 0
2448 2280 0
1162 3948 0
2888 1915 0
3237 3561 0
4632 4524 0
4414 1985 0
859 3052 0
2452 4962 0
3862 3688 0
4680 2506 0
2234 2226 0
4213 0
1501 3623 0
3160 0
1235 1370 0
640 1528 0
1710 0
1413 3467 0
3916 0
1118 1992 0
3886 2102 0
3837 2410 0
2647 2587 0
3914 442 0
479 2326 0
3364 0
4150 1855 0
671 0
32 339 0
802 4780 0
3146 0
1546 475 0
1695 2759 0
3508 4047 0
3573 0
915 4673 0
793 25 0
1786 1204 0
1826 3873 0
2096 4861 0
4117 4876 0
4182 0
3044 2669 0
889 3450 0
4837 3912 0
1347 0
4411 0
218 1412 0
3920 4550 0
3602 2709 0
3244 0
3618 4615 0
68 458 0
3199 2297 0
3288 3696 0
3813 1204 0
1946 1382 0
1099 1764 0
2658 639 0
370 0
3523 3822 0
2257 3238 0
2316 2362 0
3760 0
4989 4628 0
4020 102 0
57 1084 0
3679 2554 0
4162 1877 0
769 4370 0
2428 3230 0
2217 3917 0
4188 1712 0
4016 2322 0
644 4114 0
2922 0
3464 0
2578 2577 0
3012 193 0
476 4666 0
1786 158 0
4653 4343 0
2834 0
1110 3414 0
1013 3856 0
2030 318 0
1222 3597 0
3460 0
3027 947 0
1574 4636 0
412 300 0
3350 4528 0
3302 1650 0
2254 0
4936 250 0
2733 351 0
1404 4163 0
4019 837 0
2143 2600 0
1115 2037 0
4974 993 0
3257 695 0
4417 4944 0
1143 1215 0
3690 0
4429 4908 0
2402 4717 0
695 994 0
2073 1361 0
775 2502 0
1669 684 0
4903 3814 0
3559 2095 0
3283 0
1572 375 0
3905 3647 0
3636 3113 0
2428 1920 0
1904 4244 0
3903 4961 0
3890 0
407 0
858 4289 0
1610 4337 0
1543 3666 0
2634 0
583 262 0
193 3012 0
1286 1138 0
275 3207 0
4246 4524 0
4779 664 0
4534 1113 0
4537 3256 0
3137 3924 0
1728 4658 0
2942 0
172 0
1053 3683 0
1662 4575 0
3246 2728 0
941 1277 0
3224 3049 0
4939 794 0
2392 2927 0
4110 0
3889 3364 0
4936 0
4803 1977 0
559 3333 0
121 331 0
4101 4413 0
4339 0
3280 3799 0
2407 0
1767 0
245 2283 0
3345 4526 0
1923 4100 0
2340 3176 0
3470 0
3572 4458 0
2610 3801 0
1474 0
518 3234 0
3899 194 0
4258 2365 0
2174 1864 0
656 0
2726 0
2670 870 0
2362 2316 0
1689 2650 0
1727 1811 0
1446 2439 0
3871 734 0
1386 1555 0
843 0
4032 3508 0
2197 349 0
681 1185 0
830 1109 0
1773 0
2964 368 0
161 4447 0
3036 4545 0
3759 3833 0
3437 4537 0
539 1585 0
1666 3755 0
1081 30 0
3301 4766 0
1369 969 0
4962 851 0
1973 1282 0
4078 317 0
4045 2479 0
1077 1724 0
3625 4387 0
1667 1354 0
4608 4898 0
1769 4165 0
4442 0
3669 3501 0
3464 1044 0
1916 2737 0
4854 4347 0
2667 1576 0
1284 4044 0
1506 4420 0
155 4459 0
2471 3823 0
3631 2072 0
2482 70 0
3072 3202 0
4025 2449 0
869 2019 0
3630 888 0
1754 2564 0
4807 708 0
3428 775 0
4263 2210 0
615 0
939 3869 0
3267 1377 0
2999 1435 0
2345 0
3834 4720 0
4198 3916 0
1953 376 0
2986 816 0
3816 2447 0
4912 1735 0
2845 0
2993 0
4360 4582 0
1014 32 0
114 1836 0
3333 3989 0
3046 138 0
4965 2358 0
3194 2800 0
2854 1656 0
3189 2251 0
1571 3522 0
996 4621 0
4093 0
2546 3667 0
2662 4893 0
2995 2847 0
1126 4577 0
1003 3503 0
4275 0
4345 4651 0
3769 4473 0
2710 1923 0
271 2817 0
2837 0
1675 2217 0
3986 1348 0
156 2590 0
3318 0
3064 0
2975 2966 0
4486 492 0
2964 3241 0
2760 3861 0
2086 3388 0
2263 3648 0
3413 347 0
2576 4911 0
4203 2183 0
3844 0
1305 0
3564 576 0
908 0
3131 2 0
1233 0
23 0
4905 4559 0
56 1350 0
1687 3276 0
599 997 0
3159 4733 0
1751 2130 0
811 2297 0
1152 0
1246 3573 0
3992 1925 0
4813 863 0
640 1528 0
1063 0
652 3543 0
3219 4636 0
574 4633 0
1727 1818 0
544 3365 0
3761 37 0
3505 2003 0
3306 1915 0
1651 2925 0
3732 2177 0
327 0
4181 2379 0
1128 4794 0
663 0
2138 516 0
2369 2197 0
683 4920 0
1077 300 0
1271 4624 0
3812 0
2126 3488 0
562 30 0
1129 0
1919 4994 0
4847 2191 0
2240 3050 0
2633 1330 0
1774 0
1841 4657 0
859 3052 0
4843 4274 0
1671 4324 0
3478 1270 0
331 121 0
4739 1147 0
4788 4418 0
3528 0
451 3039 0
2555 1259 0
427 3595 0
865 4312 0
4382 4161 0
3352 3315 0
736 2510 0
1264 1405 0
1732 2849 0
3106 4877 0
4301 857 0
2239 1343 0
2311 2863 0
3443 1219 0
3328 439 0
2223 2757 0
1446 1392 0
4315 3325 0
388 0
2012 1534 0
1143 3395 0
1322 306 0
2098 763 0
4808 3081 0
3664 4435 0
2286 1949 0
1492 0
166 3012 0
755 2837 0
4808 455 0
923 0
464 0
3113 3636 0
2904 4179 0
3449 3918 0
1575 1606 0
3689 2114 0
2312 1410 0
541 1842 0
3264 0
3644 4010 0
4910 3434 0
2420 3529 0
1174 0
4933 0
2437 1274 0
2398 0
2326 1881 0
1569 0
3004 0
3675 2991 0
3366 4255 0
4307 2055 0
4072 4848 0
2573 758 0
1834 0
3853 3 0
2849 1440 0
1620 4290 0
3082 3868 0
2093 552 0
3829 1485 0
2378 2627 0
2514 0
4617 0
1308 4605 0
1307 0
1032 310 0
4482 2917 0
3422 4087 0
2207 3698 0
677 0
3351 3720 0
2880 3468 0
1618 2537 0
2552 1688 0
4312 865 0
3118 317 0
2780 2034 0
2873 3095 0
2005 3893 0
1452 4470 0
949 4468 0
3389 4389 0
4965 1995 0
2211 2486 0
3234 3223 0
3873 0
2873 4245 0
3622 4972 0
776 3960 0
3363 0
2655 0
2164 1625 0
1787 4167 0
1090 4541 0
392 0
242 4575 0
4213 0
3320 3239 0
2445 2320 0
2056 1547 0
1226 2509 0
4614 896 0
2065 923 0
119 1789 0
1306 4953 0
2033 3303 0
2971 0
2788 336 0
1516 0
177 4114 0
4623 4596 0
817 717 0
89 0
3814 4903 0
2412 0
4155 0
3890 1060 0
390 1246 0
3583 3003 0
4979 2765 0
4385 4364 0
1976 4049 0
1246 3573 0
481 3633 0
1401 2224 0
2348 3333 0
1309 2110 0
4491 2505 0
4372 0
2382 111 0
381 1916 0
2166 2833 0
4535 4200 0
319 4848 0
999 0
735 906 0
1199 1471 0
4522 3513 0
3023 1039 0
571 677 0
4221 4633 0
2040 565 0
3564 2085 0
2115 4629 0
3661 535 0
2270 0
4964 1118 0
2259 0
542 1552 0
4184 2340 0
4018 616 0
4157 0
2643 4713 0
3030 4635 0
442 2903 0
469 0
3845 3268 0
2160 1193 0
921 2813 0
2291 4685 0
2766 2901 0
957 13 0
4667 1459 0
1533 4220 0
1972 940 0
3600 997 0
4909 4240 0
3011 0
2696 0
4197 141 0
3487 3190 0
3640 1733 0
4230 3581 0
4469 3445 0
2067 2311 0
3118 509 0
1494 4119 0
4512 4698 0
1928 4954 0
2360 7 0
4864 3893 0
2248 0
436 2396 0
4739 2237 0
3619 1617 0
15 3448 0
4201 4384 0
4516 2362 0
4478 256 0
1666 292 0
2508 4120 0
4090 0
2164 2750 0
470 0
522 1154 0
4495 832 0
1314 3424 0
210 994 0
1540 0
3200 117 0
4328 4095 0
4905 382 0
4618 1613 0
3127 0
2311 2863 0
4553 3338 0
2321 4441 0
2290 842 0
1093 1034 0
4652 3747 0
131 2179 0
2644 4843 0
352 4649 0
553 4979 0
1314 0
39 1558 0
2963 2097 0
3813 0
1283 3942 0
3776 244 0
3547 747 0
2814 0
1250 2531 0
458 4639 0
2526 1230 0
4838 1880 0
297 1282 0
4458 0
2226 4543 0
233 3504 0
4779 4590 0
1989 4186 0
4345 4004 0
184 0
3449 2972 0
3319 355 0
3606 4656 0
238 1717 0
1729 10 0
894 1696 0
4783 704 0
4918 1227 0
4619 3956 0
240 99 0
764 236 0
3373 127 0
2410 1704 0
2860 2639 0
2384 1549 0
1529 0
2991 926 0
1187 212 0
251 3785 0
4672 0
1753 660 0
2224 0
2463 976 0
4881 1409 0
282 1607 0
2854 345 0
67 4952 0
2318 4207 0
1649 1245 0
4759 4957 0
662 4031 0
1997 2902 0
2273 3205 0
4563 484 0
3188 935 0
542 4991 0
4763 2288 0
2128 53 0
4257 1902 0
2292 314 0
786 4807 0
2299 2799 0
875 4389 0
844 2543 0
4474 0
3433 2810 0
359 2817 0
2417 829 0
414 1178 0
4799 1303 0
1661 2773 0
2641 4436 0
2376 49 0
4943 3830 0
4981 0
1824 1527 0
2890 2810 0
1209 4986 0
2082 3475 0
4539 3377 0
1718 1541 0
4369 4055 0
3616 0
4557 4545 0
3686 0
1402 1046 0
1006 2364 0
3089 0
2510 112 0
2787 0
1859 1470 0
737 0
2486 3746 0
4583 4804 0
1990 0
1996 1992 0
2630 0
2090 1170 0
4385 554 0
1929 0
3890 4397 0
261 4743 0
4502 2159 0
4284 1739 0
1088 209 0
1155 248 0
3777 246 0
998 2331 0
2044 3655 0
2104 3571 0
4534 2768 0
2295 2660 0
3747 1390 0
2170 1531 0
1483 4555 0
2098 889 0
1144 1860 0
2561 1424 0
139 0
4692 7 0
4664 4611 0
2968 0
3771 1644 0
343 3829 0
3997 249 0
2344 0
3602 0
2502 0
3240 4236 0
2423 120 0
3984 0
2914 1637 0
4009 0
1969 2324 0
2812 4993 0
3150 0
980 2332 0
2024 4768 0
880 1196 0
3971 2051 0
4011 0
4055 0
555 1976 0
1855 129 0
4715 1887 0
1302 2840 0
2925 403 0
1150 0
3727 2530 0
4268 4101 0
1315 4375 0
2225 4313 0
2559 3698 0
4648 157 0
2714 2944 0
1357 2165 0
1109 1435 0
4658 4563 0
4759 2653 0
36 0
2004 4776 0
4506 3562 0
98 4136 0
3708 3074 0
3443 1847 0
526 1472 0
3581 4230 0
2799 2422 0
1628 1601 0
4970 717 0
9 4142 0
5000 0
4553 655 0
2171 0
2229 4951 0
2021 732 0
2065 536 0
619 15 0
3915 0
2401 1352 0
4692 767 0
1987 4517 0
4720 330 0
2430 100 0
1799 4926 0
4353 2477 0
1231 3742 0
1761 959 0
1367 1562 0
4019 0
3932 4831 0
2359 3710 0
1119 779 0
2738 1297 0
4219 3169 0
4320 4756 0
3589 2574 0
1321 4607 0
3897 3744 0
4340 1202 0
4022 0
213 1557 0
2424 3591 0
1307 4962 0
4166 0
4033 1816 0
711 3495 0
1928 2353 0
1164 2089 0
4301 4978 0
3680 223 0
3533 4969 0
3129 4656 0
3938 2185 0
3360 0
1912 4398 0
620 3099 0
4475 2046 0
2225 2722 0
4277 2307 0
2679 3753 0
3259 3626 0
3436 2146 0
2176 4845 0
3565 4442 0
560 2110 0
1975 4834 0
1020 3452 0
4935 4642 0
4726 4588 0
2688 4116 0
3656 4240 0
1196 4496 0
3250 2264 0
1425 0
4008 718 0
1931 4283 0
999 4011 0
1324 3168 0
2 0
3666 1543 0
952 0
121 3916 0
2787 1148 0
2076 3653 0
4374 1056 0
2491 1696 0
1419 4243 0
4820 1389 0
2871 3985 0
2047 3285 0
2791 2893 0
3941 0
833 3530 0
4113 2826 0
3292 0
3022 0
4381 1710 0
2238 4351 0
1360 3731 0
1673 0
1804 4535 0
2923 2153 0
354 3870 0
2927 0
2562 1872 0
304 0
712 2206 0
2859 1224 0
4089 4000 0
4853 2084 0
209 2402 0
4657 1841 0
739 4745 0
881 1682 0
1166 0
795 356 0
888 2250 0
3675 2991 0
4942 2689 0
74 4989 0
4052 3426 0
4274 0
1831 1618 0
2218 1342 0
4355 4088 0
36 4840 0
2011 0
1977 4948 0
2700 0
442 0
116 34 0
4083 0
2802 0
1340 1213 0
4894 960 0
3082 0
1226 3757 0
2744 4208 0
3646 1313 0
1585 291 0
1488 4729 0
1864 321 0
4393 0
1809 0
1691 0
2929 1064 0
508 0
3796 3154 0
3617 623 0
469 4472 0
586 4211 0
342 3232 0
4313 164 0
3440 4859 0
1624 2647 0
3556 3708 0
75 0
3038 3224 0
1768 1990 0
4508 3117 0
705 2301 0
3698 4975 0
259 3356 0
1280 488 0
2435 2831 0
683 1140 0
2712 0
2463 154 0
3726 0
1311 4687 0
3910 4856 0
1321 0
4709 3624 0
3132 0
1781 340 0
3447 3008 0
2889 0
675 2551 0
2070 4228 0
2791 4579 0
395 0
1146 0
98 810 0
2444 4523 0
4139 0
695 204 0
4203 2183 0
3442 214 0
4800 1495 0
181 0
4342 788 0
4287 1565 0
4617 1951 0
3180 3827 0
3503 4940 0
1977 936 0
4465 0
1821 3312 0
2952 3189 0
135 0
523 0
4852 2892 0
3539 0
1859 1707 0
3175 3496 0
2967 1727 0
4679 4347 0
2591 1281 0
724 2890 0
4043 0
1000 4287 0
4919 2549 0
1823 2097 0
488 1436 0
2470 1545 0
3885 3322 0
4520 2289 0
4349 484 0
2875 0
1138 231 0
3249 565 0
3834 4720 0
2421 1229 0
4046 1576 0
2266 2719 0
1384 3384 0
3660 0
4917 3043 0
1172 0
3990 2826 0
4862 0
341 2348 0
1386 3465 0
1637 0
2588 2587 0
3464 0
4190 4362 0
2668 1854 0
3587 0
1534 2012 0
2245 2042 0
4929 3132 0
4963 995 0
2282 4339 0
3789 2874 0
2029 4538 0
1774 2527 0
4068 4270 0
2483 2902 0
4390 2487 0
2953 979 0
4397 3235 0
358 1923 0
2409 2492 0
4434 2453 0
3999 0
454 2277 0
2137 0
679 2371 0
4492 977 0
3826 0
3737 1981 0
3863 2533 0
2918 2169 0
4606 3085 0
3273 0
4593 2083 0
3291 493 0
4224 2795 0
1514 4676 0
3855 4354 0
619 825 0
30 2566 0
4381 110 0
1791 206 0
3862 2382 0
198 0
3774 3286 0
143 0
148 3738 0
413 377 0
3787 242 0
1275 3649 0
1050 982 0
1034 2562 0
2602 4793 0
4442 4561 0
3497 0
1674 0
1101 1900 0
3784 1764 0
4084 3586 0
1975 4834 0
1792 0
2281 1473 0
4466 2178 0
3180 0
4607 845 0
2028 2829 0
1632 4567 0
830 3834 0
3015 2826 0
4835 2949 0
1047 309 0
3309 2768 0
4961 0
3354 78 0
255 4786 0
3041 3244 0
969 0
1637 4860 0
1312 4755 0
4237 2786 0
4781 2878 0
1127 1643 0
1103 2281 0
457 4453 0
4080 832 0
3084 2990 0
382 3835 0
2004 4776 0
2573 2672 0
2902 1057 0
2092 2082 0
3311 4002 0
4094 4170 0
4955 3427 0
1796 397 0
624 2090 0
2306 4003 0
2817 1432 0
3952 828 0
1998 3655 0
3397 4825 0
3546 3395 0
119 3256 0
3452 0
2473 0
3048 4739 0
314 707 0
4043 4169 0
2152 2705 0
4792 182 0
12 2725 0
3500 2045 0
4311 1834 0
538 0
4609 0
550 223 0
1588 4138 0
537 0
4887 3879 0
3187 0
4010 3383 0
4988 3950 0
3969 371 0
13 957 0
1188 4865 0
4419 0
2239 0
499 1032 0
2090 4069 0
1839 1736 0
862 3360 0
2561 1424 0
2109 1153 0
3884 281 0
1300 474 0
149 3312 0
4251 2001 0
4507 2049 0
3446 1308 0
201 2143 0
987 636 0
3684 4407 0
904 4657 0
3152 427 0
4218 3883 0
323 2936 0
2370 678 0
222 3903 0
3562 0
1813 0
3640 1733 0
1388 0
2048 4169 0
1004 0
3325 4496 0
2267 0
4048 4214 0
4696 0
4311 1154 0
4751 4533 0
3367 4340 0
238 805 0
3813 1786 0
3076 0
3415 250 0
4424 0
3186 0
1680 4273 0
1360 4184 0
242 0
372 1352 0
3628 2828 0
1137 745 0
3260 0
2929 0
2652 0
4922 856 0
1653 4440 0
1224 3687 0
4294 3089 0
3597 2351 0
2535 2836 0
2685 2887 0
4091 930 0
1242 0
2315 1383 0
1269 2610 0
3482 416 0
425 4274 0
3983 1870 0
3362 4930 0
158 183 0
4565 1460 0
3694 3842 0
436 3265 0
3621 4033 0
2380 2454 0
3473 2329 0
1959 2495 0
916 1220 0
1898 318 0
2012 0
2462 0
82 3955 0
1763 3573 0
66 2497 0
4358 3104 0
3959 4204 0
3780 3233 0
1182 3722 0
3121 2557 0
4619 0
2993 4077 0
993 2051 0
2347 0
4690 686 0
4491 0
2682 1734 0
465 4179 0
4626 0
2337 1309 0
3226 3186 0
2006 1991 0
623 292 0
2252 4029 0
673 894 0
4220 2414 0
3801 1112 0
3737 1070 0
3564 0
1725 2368 0
661 0
549 2303 0
3649 877 0
4654 0
4455 941 0
1334 0
4829 4355 0
883 1436 0
827 3413 0
1359 4796 0
606 4815 0
2607 26 0
1914 2758 0
2123 0
1676 4357 0
885 999 0
492 1873 0
1051 1634 0
850 915 0
3574 0
2322 2156 0
1094 4793 0
450 2827 0
3100 709 0
1648 0
4444 0
4825 2535 0
3381 956 0
2120 4467 0
64 2840 0
4970 1750 0
705 2128 0
1624 0
3489 591 0
4649 0
4605 4890 0
2337 3884 0
2497 4306 0
1031 3512 0
4896 2834 0
239 1337 0
882 4187 0
3793 2806 0
4076 2443 0
3413 347 0
1901 0
1684 3076 0
4470 3203 0
3923 0
929 4250 0
160 3981 0
1205 4336 0
4149 3324 0
2256 441 0
1867 4310 0
4782 2278 0
152 2709 0
3470 1426 0
860 29 0
4252 3028 0
4578 264 0
1945 0
2651 0
4095 3097 0
687 4631 0
1042 1637 0
4300 4875 0
1213 0
4511 1681 0
2218 2781 0
1181 4730 0
4971 0
4562 0
824 4074 0
1918 4481 0
3332 1639 0
738 1012 0
2178 4466 0
1007 3751 0
347 1317 0
4401 2072 0
947 1667 0
3294 0
2325 3913 0
4288 2683 0
2053 0
2071 4231 0
2340 0
3857 3170 0
1957 3353 0
3237 4616 0
1845 2663 0
966 2283 0
1382 159 0
4420 3093 0
3030 2485 0
1913 0
1235 4884 0
15 0
696 1245 0
2091 2872 0
1148 4699 0
2376 0
1335 3281 0
3635 0
2890 0
2127 1496 0
4123 584 0
3334 159 0
1946 3414 0
1940 1589 0
4322 2199 0
3927 2256 0
3465 3068 0
2778 1599 0
868 2679 0
4303 0
2399 2842 0
348 0
241 1635 0
1692 592 0
3615 2020 0
121 890 0
4898 1561 0
2410 124 0
100 3407 0
2391 1393 0
3488 415 0
3570 4460 0
3713 0
803 0
2159 0
3328 1264 0
4299 358 0
3203 4470 0
4943 0
4702 3354 0
4034 0
4802 0
2458 3905 0
3444 2614 0
3272 0
109 2664 0
4415 4186 0
1341 4798 0
2604 1369 0
934 4127 0
4584 1586 0
3343 1895 0
438 2442 0
224 4032 0
3808 0
1498 2969 0
3940 2605 0
4979 553 0
208 0
1839 3270 0
2280 103 0
441 0
4556 2894 0
3158 0
4500 896 0
1109 330 0
3 0
2564 3133 0
3469 0
3310 3442 0
4816 0
3657 2105 0
3188 955 0
2752 1151 0
1489 4408 0
4884 1370 0
241 2222 0
3282 1578 0
3495 4102 0
1328 4531 0
3391 1567 0
521 0
3770 1407 0
2655 0
3869 34 0
1318 1921 0
907 0
2376 2777 0
3001 2801 0
4667 0
2530 3342 0
4092 1475 0
1182 1863 0
2703 2163 0
3895 548 0
2570 2763 0
3705 3051 0
247 1111 0
2003 1316 0
3577 1891 0
2599 1707 0
1497 4536 0
4819 4167 0
46 3210 0
2032 2293 0
3634 4880 0
4093 1970 0
602 2534 0
2132 4099 0
4821 0
3858 0
4001 3701 0
1912 0
3559 1945 0
4674 0
3829 4966 0
283 3135 0
3302 0
176 2520 0
1429 3411 0
176 0
2970 4544 0
1018 1149 0
1405 446 0
4296 4119 0
4800 3284 0
4163 3459 0
4871 4536 0
3140 4716 0
414 0
647 1586 0
4718 1871 0
2509 1226 0
1234 0
4254 1978 0
1605 0
1930 2245 0
999 568 0
61 0
4338 2670 0
2323 1904 0
720 4716 0
4391 4260 0
4726 0
3410 1093 0
453 2522 0
114 1836 0
1600 2915 0
3882 14 0
1474 0
1524 4886 0
2347 2882 0
4299 358 0
3412 2393 0
4886 3099 0
1176 0
2554 2597 0
1900 1101 0
4028 528 0
4838 1880 0
1176 3780 0
1174 1153 0
3173 2505 0
2414 4220 0
1443 0
1160 3879 0
2101 0
3107 0
3685 0
2399 1390 0
1167 1165 0
4077 1851 0
4515 2932 0
914 2060 0
4864 2005 0
2850 835 0
80 1174 0
866 0
861 2355 0
2384 3975 0
4959 1044 0
2140 1487 0
1781 4991 0
631 4106 0
1593 1645 0
1041 0
4997 0
684 2196 0
3250 1682 0
2533 1071 0
4816 2835 0
4462 1532 0
4420 3141 0
4731 2608 0
469 0
2438 1451 0
4626 0
3457 1103 0
22 3856 0
1278 1160 0
591 3127 0
4941 3848 0
4606 3085 0
1033 2712 0
4636 2704 0
4984 0
2516 0
3683 1053 0
1844 1087 0
3346 0
4902 3955 0
4948 1977 0
4782 2278 0
1412 0
2769 3322 0
3303 0
4085 0
2534 1344 0
3726 4715 0
3064 4259 0
913 1872 0
1456 0
1040 341 0
1668 0
2944 802 0
2509 0
1291 3232 0
1180 4605 0
3523 0
3601 1295 0
1876 0
867 1628 0
2153 2931 0
4158 593 0
2932 4515 0
3555 979 0
3363 145 0
282 1476 0
21 897 0
4255 0
332 476 0
3900 258 0
3110 4593 0
1877 171 0
3611 0
713 724 0
2186 2259 0
1289 3592 0
404 0
4511 0
4828 3791 0
825 4329 0
3416 4595 0
216 1344 0
1043 2647 0
4245 511 0
3533 109 0
727 0
1798 2307 0
1600 1517 0
1705 0
433 0
582 4567 0
3016 798 0
374 0
3683 1053 0
2668 1074 0
4958 0
104 0
616 4018 0
4422 3864 0
706 1085 0
2034 3380 0
3084 600 0
1267 0
2919 4641 0
3165 2576 0
4062 2090 0
1458 2182 0
3930 1580 0
4426 2300 0
579 2925 0
3144 3744 0
4440 2479 0
6 2411 0
1607 692 0
726 0
2789 0
1460 796 0
1275 4373 0
1080 0
2657 3094 0
2119 3860 0
4036 4768 0
328 804 0
2019 869 0
4757 4665 0
191 3646 0
1323 160 0
2158 926 0
1421 3697 0
4324 0
4183 4481 0
4897 1722 0
2043 2862 0
1045 4396 0
938 588 0
3192 3091 0
1756 3735 0
4083 1828 0
4302 2715 0
841 4005 0
1686 0
2725 0
2522 2589 0
3244 3831 0
2264 1615 0
4858 3276 0
2540 413 0
4585 2650 0
1358 1549 0
4226 2029 0
2813 921 0
1725 3597 0
2962 0
1805 0
2676 2269 0
3773 3191 0
3521 4710 0
3425 1767 0
4285 2742 0
2285 94 0
346 2952 0
1390 2399 0
3228 4469 0
3268 4973 0
4304 2972 0
2261 0
2962 2122 0
3458 0
498 2276 0
2294 3569 0
4638 2626 0
3783 0
1076 4642 0
2985 3295 0
2754 2124 0
238 1728 0
3213 1851 0
4817 4088 0
2400 20 0
3525 3208 0
2885 1491 0
2519 1791 0
2575 2528 0
2569 1866 0
4498 3779 0
2069 1811 0
4658 0
815 1296 0
1885 0
4480 97 0
1440 2835 0
587 3479 0
26 4044 0
3941 4700 0
991 4152 0
142 0
3303 539 0
4284 4533 0
1430 4261 0
2097 0
4310 4267 0
3665 0
992 2268 0
118 2171 0
1404 1954 0
541 1842 0
971 4396 0
3022 1974 0
1160 0
4024 4797 0
4409 3451 0
660 3590 0
1189 2564 0
3507 2446 0
932 3357 0
3913 1356 0
4179 4107 0
654 0
577 0
586 2951 0
2780 4454 0
4954 855 0
1703 1539 0
486 0
509 4174 0
3425 4149 0
1268 3891 0
2188 0
4377 2910 0
1220 0
4635 3374 0
4503 3594 0
4780 1594 0
4 779 0
3290 419 0
3020 0
1651 0
3906 3966 0
4917 3043 0
1516 542 0
3477 379 0
1619 0
3857 1758 0
1210 229 0
4361 3813 0
4819 679 0
1956 3765 0
4381 905 0
4944 0
3260 0
1472 1787 0
3869 34 0
2906 0
1699 4210 0
2075 4633 0
1417 4798 0
1520 4277 0
689 2254 0
540 4697 0
1635 1446 0
1149 1018 0
3075 4154 0
4126 4644 0
3516 0
4637 1598 0
1079 0
4677 817 0
1944 2469 0
2947 0
4627 2114 0
623 0
615 4181 0
3020 4272 0
2425 1839 0
3537 273 0
814 4230 0
3821 2069 0
3625 2803 0
2766 3461 0
1411 4802 0
797 3802 0
2963 0
874 1527 0
924 0
3873 0
2998 3430 0
4326 1972 0
4995 4357 0
3117 0
2500 2537 0
2997 4134 0
916 0
3240 776 0
1700 3185 0
530 1701 0
883 2773 0
2612 3627 0
2824 1736 0
3897 2180 0
1749 384 0
1332 4425 0
951 432 0
2521 4117 0
910 1602 0
3521 4710 0
299 0
3366 3009 0
1928 898 0
4204 0
4077 2618 0
1355 3773 0
604 3190 0
4599 1037 0
4811 2377 0
1766 609 0
4180 0
346 1702 0
4581 2599 0
119 1789 0
1959 0
3221 2176 0
987 4568 0
3696 1437 0
77 0
1803 3286 0
2481 744 0
705 2301 0
37 1233 0
3262 3947 0
1565 1451 0
41 2562 0
552 492 0
3012 0
808 0
1908 0
3204 2909 0
4496 1196 0
1833 4026 0
828 3952 0
4636 4332 0
3416 3290 0
3870 2895 0
39 881 0
3165 1646 0
4567 0
2407 1364 0
278 1177 0
3516 770 0
2636 0
591 0
642 2861 0
1602 2493 0
513 1407 0
2515 3697 0
4507 2049 0
3440 3794 0
318 0
1966 0
4834 0
2169 0
351 0
2518 387 0
3300 3266 0
2106 0
2994 0
399 4034 0
211 2694 0
2415 0
438 2068 0
626 0
2637 3323 0
705 0
1398 2758 0
2888 0
2737 0
1259 2820 0
652 3968 0
3205 4942 0
173 1670 0
2761 1318 0
275 225 0
4001 0
4083 3423 0
96 1232 0
560 1309 0
1845 0
2406 0
3584 2617 0
3017 2245 0
4283 2819 0
2028 4103 0
937 0
4874 2782 0
3791 4828 0
1773 0
372 1212 0
1002 0
387 2130 0
4603 2315 0
859 0
4820 4303 0
3686 823 0
2454 1238 0
2095 4249 0
3015 3414 0
4066 0
517 3820 0
22 1568 0
641 2380 0
3457 2950 0
597 1533 0
1163 376 0
3024 750 0
2341 0
2535 1142 0
356 924 0
1721 3079 0
3612 2495 0
726 4063 0
1029 3146 0
4899 4016 0
4310 0
2626 50 0
4001 0
1674 4009 0
1819 4387 0
3261 0
3658 2324 0
732 3874 0
2620 0
1968 0
1359 0
4858 0
1062 421 0
2397 2734 0
4244 1510 0
3450 889 0
3369 1464 0
794 3777 0
4727 329 0
3225 1873 0
368 4640 0
3117 1830 0
470 0
2538 0
1158 1068 0
4980 3848 0
4227 4105 0
3891 1768 0
1139 0
295 580 0
1992 580 0
2690 2366 0
2015 1035 0
1118 1418 0
2172 18 0
2621 2014 0
4164 3731 0
2391 3272 0
780 1097 0
3067 4901 0
3505 0
4977 543 0
2233 728 0
1991 2740 0
4718 0
2708 1512 0
2688 0
2387 3944 0
334 0
1443 0
477 3409 0
2259 2186 0
1121 3368 0
397 4872 0
1478 3153 0
1542 0
984 3626 0
4487 3972 0
1527 2184 0
327 2064 0
3810 4429 0
3994 0
133 1029 0
3172 0
1439 3310 0
3668 2829 0
3850 4226 0
0
4184 262 0
4600 2116 0
2091 4058 0
2728 33 0
4806 0
3767 4771 0
78 918 0
2611 4809 0
1555 1041 0
3249 0
4811 2377 0
1910 1422 0
1125 4453 0
1998 3655 0
745 1137 0
3034 2447 0
4094 1134 0
3758 237 0
4881 691 0
1040 0
2656 3971 0
4439 1338 0
4527 0
63 4249 0
2591 1937 0
866 799 0
667 3946 0
3999 2002 0
4446 3982 0
2202 304 0
3352 437 0
787 0
1975 1062 0
4765 327 0
4865 40 0
1473 1124 0
2305 1133 0
503 112 0
468 4627 0
2654 0
2431 0
4869 1807 0
1361 4753 0
3756 0
2026 3172 0
3007 0
4259 0
704 4379 0
398 4476 0
1894 513 0
2382 2330 0
2355 4427 0
790 555 0
4232 4157 0
3473 4769 0
368 286 0
3624 2868 0
25 4914 0
3819 371 0
4062 2858 0
430 24 0
2355 1548 0
4109 3003 0
44 3344 0
2394 694 0
4748 59 0
729 1823 0
1978 3450 0
1123 4931 0
1091 4373 0
1708 2122 0
2965 1827 0
622 3769 0
2762 3236 0
4473 0
2775 4270 0
1612 2083 0
632 997 0
3500 2934 0
1175 1309 0
2344 4297 0
4392 4977 0
3425 1699 0
91 0
1628 0
3531 4600 0
563 169 0
980 4607 0
3498 1916 0
1147 617 0
2640 973 0
1694 4223 0
89 546 0
2596 83 0
2681 754 0
3488 1731 0
1496 199 0
1195 2139 0
1820 4785 0
1731 0
2521 2009 0
1830 0
2869 496 0
1536 2147 0
3030 3479 0
3087 4414 0
3299 1695 0
4965 1995 0
4690 0
3302 0
3659 0
1247 1310 0
819 3243 0
1745 2240 0
4346 0
3578 3436 0
3875 0
3674 4453 0
2368 3597 0
3849 83 0
2983 0
4873 2705 0
958 0
3986 1348 0
1056 0
2322 2619 0
3322 3221 0
3675 482 0
4502 3643 0
4602 0
1698 3733 0
2491 1696 0
4473 0
1625 511 0
611 2683 0
2833 4265 0
3672 2614 0
810 0
2059 4446 0
3500 2109 0
640 1528 0
2675 2483 0
4751 1739 0
1864 3086 0
4624 0
2680 0
1202 847 0
1501 0
2079 2426 0
3061 3897 0
2768 4534 0
3001 2466 0
1654 4030 0
1098 3396 0
4314 2584 0
3193 0
45 2025 0
4443 1058 0
4924 2236 0
1763 612 0
749 0
2146 4338 0
38 2423 0
2088 20 0
2404 594 0
482 684 0
3314 1970 0
3912 4335 0
4562 1445 0
2245 0
630 3424 0
4547 1769 0
1126 0
1200 3307 0
2001 1899 0
4474 850 0
970 3160 0
1076 493 0
2720 0
1795 2113 0
4586 2973 0
3067 0
1172 1037 0
4801 2709 0
1768 1952 0
578 4500 0
386 4205 0
3357 2078 0
1739 4284 0
3050 4146 0
4865 0
3683 2874 0
2850 2844 0
285 1936 0
164 3238 0
1957 3353 0
4796 297 0
2497 66 0
2059 4787 0
2695 1021 0
1489 3411 0
1190 3518 0
4771 0
3353 4594 0
4241 3359 0
4959 179 0
2136 3665 0
4294 1005 0
4730 4394 0
4146 3050 0
4620 3187 0
2454 0
1988 1571 0
735 906 0
1422 2442 0
1480 1779 0
3560 596 0
3815 4406 0
2077 0
84 914 0
2896 1152 0
3382 4029 0
4352 4949 0
4293 3639 0
3356 1365 0
3106 3927 0
3472 1479 0
413 2175 0
2186 2193 0
3336 417 0
3983 1231 0
3344 0
1447 1810 0
1615 0
755 2327 0
2080 0
4704 1104 0
2444 0
761 0
326 0
2490 1933 0
1350 1104 0
2689 1607 0
2937 0
1414 3272 0
851 0
1504 2954 0
4501 3107 0
3812 2205 0
751 4435 0
986 0
147 4837 0
2232 3038 0
3945 3946 0
3481 3828 0
22 4530 0
1020 0
1850 3549 0
3054 3032 0
3169 4219 0
596 0
2501 2271 0
3531 277 0
363 2297 0
2660 1238 0
2803 3625 0
2717 3074 0
1558 649 0
3278 2422 0
1542 3817 0
1257 2139 0
4786 4744 0
1839 1171 0
464 355 0
1059 4002 0
546 302 0
620 0
1774 422 0
4738 2465 0
219 0
1605 3311 0
1410 1907 0
3825 4910 0
2003 0
4259 0
2309 0
3402 4850 0
3055 0
4792 476 0
2814 1775 0
4028 392 0
3002 2619 0
3300 954 0
925 0
4900 610 0
4332 192 0
2331 0
4945 1105 0
1585 2455 0
3773 1861 0
1874 230 0
980 4514 0
2031 1360 0
4133 1106 0
3663 0
4573 0
3884 281 0
3665 2389 0
667 4352 0
1024 2157 0
3101 2162 0
1947 3339 0
962 3440 0
1597 1180 0
2489 3723 0
4159 4584 0
1339 4934 0
4185 341 0
965 3305 0
2847 1197 0
3774 2569 0
863 0
2047 3725 0
2147 1536 0
3216 861 0
4370 3513 0
690 0
3116 1995 0
2746 0
4195 1865 0
3117 0
3006 4738 0
3211 4909 0
3312 1821 0
4143 3019 0
2038 2611 0
4206 0
1866 2569 0
732 1943 0
290 0
127 479 0
205 3271 0
3958 0
3656 232 0
1557 0
806 697 0
3877 4445 0
3281 3385 0
1631 615 0
4846 641 0
376 1305 0
111 3688 0
4723 3061 0
1234 1503 0
327 0
3810 2832 0
2938 0
4911 3197 0
4927 0
3837 2410 0
1414 0
4835 3762 0
3412 1128 0
67 694 0
453 0
402 0
1346 4981 0
3940 0
643 0
25 793 0
2243 347 0
2474 1088 0
3637 2041 0
594 4785 0
1178 716 0
898 2047 0
2663 1893 0
2312 3645 0
263 478 0
3228 0
4571 4494 0
1471 0
2327 755 0
454 763 0
3634 0
4260 1512 0
2482 1987 0
4741 4233 0
4134 1832 0
3964 3381 0
562 0
4073 0
2614 3444 0
2822 839 0
4152 4650 0
2079 2967 0
2552 507 0
3697 3230 0
1888 278 0
3596 4806 0
664 4590 0
577 4105 0
1366 0
4041 2600 0
4272 1777 0
4330 3096 0
1444 2231 0
4972 4976 0
241 1392 0
157 3288 0
1896 3404 0
2068 0
4212 4174 0
3021 3109 0
3786 3227 0
3507 0
4768 0
2280 751 0
0
1168 3448 0
3582 812 0
1307 0
1669 2196 0
2380 0
2796 1738 0
4148 2460 0
2563 2945 0
408 981 0
4094 1134 0
3677 672 0
2589 1684 0
4477 1967 0
2560 0
3788 4987 0
3352 437 0
414 0
354 4940 0
1292 928 0
1950 0
4359 1761 0
3077 2490 0
3927 1326 0
4922 3819 0
148 3738 0
95 747 0
3231 4442 0
4214 4353 0
3870 2467 0
3255 4045 0
3341 1387 0
2978 0
4517 1987 0
1886 2675 0
3429 1079 0
2135 3479 0
2211 2973 0
4390 4443 0
1296 672 0
3296 4086 0
937 2700 0
134 2269 0
263 0
1602 910 0
2794 1417 0
1358 3612 0
271 0
3659 1879 0
4265 0
4365 0
3732 1202 0
2471 3077 0
2666 3329 0
3230 220 0
4187 1314 0
1979 0
677 571 0
2549 4919 0
4882 0
1898 1242 0
677 573 0
1158 1068 0
4219 0
2836 0
4866 2240 0
2852 0
2667 2849 0
4061 3476 0
97 4325 0
206 0
1293 58 0
2816 4876 0
4842 0
4996 4092 0
491 0
3016 4490 0
425 0
4780 3841 0
1441 1463 0
655 532 0
3727 0
1176 3780 0
2658 0
1117 0
3091 216 0
1142 0
2514 420 0
3732 2500 0
2216 4548 0
1786 651 0
2691 1089 0
3976 4723 0
4800 632 0
3589 3351 0
1343 0
1205 0
2203 0
4182 268 0
1252 4125 0
1145 3452 0
2998 0
1940 1383 0
2258 0
235 2573 0
2713 0
2820 2682 0
2272 383 0
96 1925 0
3105 4286 0
4772 2980 0
1292 2468 0
3640 1192 0
1345 0
717 0
1114 4519 0
2417 715 0
4626 0
2162 673 0
2906 0
3286 1866 0
3560 596 0
2885 1491 0
1525 656 0
1113 2672 0
3088 2543 0
1441 2745 0
2924 1253 0
1073 1572 0
4189 1073 0
4587 4916 0
4413 1217 0
2499 4209 0
3678 3682 0
3085 0
1765 3065 0
3344 0
2676 0
1890 2707 0
2587 3919 0
2395 0
3199 0
1281 1352 0
1391 4458 0
674 4763 0
2489 2649 0
1244 4477 0
2939 4541 0
4682 2195 0
1116 4342 0
4581 0
4041 1461 0
418 1919 0
1730 1885 0
3947 2308 0
1369 0
269 2365 0
380 4740 0
1408 150 0
1640 4731 0
1721 3525 0
309 0
4456 804 0
2003 2314 0
836 1367 0
101 3045 0
1297 1458 0
2106 0
76 4095 0
2946 0
3002 3209 0
4131 949 0
2186 2014 0
3665 0
2613 0
4046 2749 0
4909 4240 0
124 1397 0
2378 0
2543 504 0
1629 4130 0
2524 3538 0
1616 0
258 1611 0
1426 2605 0
1563 2579 0
1266 4001 0
1078 0
3779 1031 0
3556 4648 0
427 3595 0
3865 3417 0
2132 3153 0
1223 1788 0
1939 415 0
4843 3713 0
3580 471 0
4369 0
2707 1890 0
4193 4145 0
4412 0
1157 3680 0
3888 2099 0
264 1273 0
2418 4741 0
3204 447 0
932 1342 0
303 3010 0
4891 1025 0
3338 2529 0
910 4832 0
2469 0
791 0
4323 3021 0
1927 1845 0
1941 0
3627 3707 0
1723 2678 0
2849 4247 0
1854 1074 0
3044 688 0
4338 870 0
2853 3031 0
758 235 0
4671 554 0
3620 3535 0
4567 1886 0
1546 0
707 1148 0
1723 3783 0
1288 4602 0
3765 1299 0
3125 754 0
1284 0
4766 0
4595 3599 0
2887 995 0
1206 4936 0
163 4544 0
1298 4444 0
1655 0
4432 2366 0
4624 1271 0
4931 1123 0
2062 4208 0
3552 1361 0
4504 1021 0
3682 0
4327 0
4577 353 0
4731 1563 0
4755 0
1888 0
1621 3079 0
622 0
159 1382 0
2328 1002 0
2117 3695 0
1078 4676 0
4421 781 0
1009 3602 0
1923 0
1276 3833 0
2266 1894 0
2195 4785 0
4851 0
1169 499 0
2746 757 0
964 0
3746 3820 0
1894 2080 0
90 4810 0
68 3736 0
164 4313 0
1135 0
0
3431 1356 0
203 946 0
711 2574 0
3246 1796 0
4138 1588 0
1220 2764 0
4583 338 0
3783 1723 0
1744 4893 0
3566 0
4622 1282 0
2088 1720 0
23 2094 0
1648 4005 0
669 0
1991 2387 0
2179 131 0
3435 0
3277 3239 0
993 4974 0
3657 3466 0
3571 4022 0
2561 1424 0
510 65 0
2516 1032 0
511 520 0
2864 0
1151 1610 0
2287 515 0
3849 527 0
3188 935 0
4006 3185 0
1545 1023 0
1398 0
3771 0
460 3861 0
4395 4529 0
4280 1603 0
2419 4667 0
4913 0
1225 0
3483 1816 0
3194 2800 0
4534 4770 0
2176 871 0
2568 0
1182 0
3828 2285 0
1661 3851 0
1547 4262 0
3254 279 0
304 4298 0
4759 806 0
1599 0
1344 1477 0
243 2034 0
674 2593 0
4409 1752 0
227 1543 0
1741 2230 0
1512 3939 0
1706 4304 0
2677 707 0
3728 603 0
1198 833 0
3379 0
4066 1947 0
3945 2284 0
2199 4562 0
1341 4798 0
2575 0
539 3349 0
2015 0
3873 4986 0
4073 0
2538 0
1499 0
3388 1983 0
2902 1057 0
3032 3054 0
4670 0
533 2774 0
169 3695 0
4482 4112 0
2935 598 0
3653 2937 0
1115 2037 0
4564 1722 0
737 739 0
4 3786 0
2385 2839 0
2009 2688 0
656 2572 0
3178 1556 0
1376 2627 0
311 4044 0
702 0
4367 2746 0
2432 3083 0
3270 1736 0
4145 2782 0
2154 3990 0
2294 450 0
289 1276 0
2601 418 0
3140 4716 0
1814 1777 0
4429 0
2342 2893 0
455 0
3404 1179 0
601 1142 0
2413 755 0
4015 485 0
2022 4171 0
4020 168 0
3562 1190 0
3747 1263 0
3745 2984 0
4359 3317 0
4746 519 0
4750 1617 0
383 0
2996 0
1732 4137 0
3317 2844 0
2378 3114 0
4238 727 0
152 3031 0
2870 4378 0
724 3433 0
4821 708 0
1025 4520 0
4827 4882 0
3687 1224 0
2639 0
913 3384 0
2148 0
2311 1505 0
4867 428 0
2354 0
582 1108 0
4406 3815 0
663 4709 0
4617 3607 0
1656 0
231 3441 0
4386 4604 0
2693 0
3409 0
1442 4998 0
2 0
1782 2876 0
2921 3062 0
2952 1351 0
1819 1967 0
4178 4081 0
3788 2347 0
3987 4446 0
2032 1474 0
2899 4544 0
393 528 0
1051 4203 0
1673 908 0
4267 0
2076 2810 0
3794 0
4852 0
1947 2342 0
1525 1250 0
4956 354 0
1683 2725 0
1559 3768 0
1797 2494 0
1806 163 0
178 3596 0
2766 1237 0
18 2675 0
1905 4301 0
4677 0
4892 0
4099 3153 0
4419 1167 0
1626 2664 0
447 4448 0
4468 4729 0
2048 1194 0
535 0
1593 0
3996 4736 0
3926 0
4057 4669 0
4684 4781 0
2883 0
1668 0
267 3143 0
653 244 0
911 1883 0
589 0
676 3956 0
2959 2446 0
678 236 0
4308 2392 0
2840 4020 0
3999 1064 0
815 2799 0
589 2312 0
1462 0
2184 1824 0
4316 2045 0
4990 1828 0
323 3428 0
4261 0
714 0
529 242 0
2367 2211 0
4930 0
2108 3600 0
2028 1932 0
837 4019 0
1808 2563 0
3948 4010 0
1087 0
4829 0
4835 3163 0
3457 1567 0
415 2643 0
389 2251 0
137 0
1504 0
344 2767 0
1331 3803 0
2758 0
3008 0
4634 0
2753 4315 0
3563 3328 0
4646 2897 0
4055 729 0
3305 3492 0
742 2998 0
2975 3005 0
276 4777 0
1702 4668 0
4017 1511 0
2687 0
1857 3059 0
3918 1448 0
4586 2335 0
4900 0
3005 4188 0
2409 3778 0
2129 4124 0
944 3538 0
4295 631 0
278 3871 0
4601 1769 0
1395 428 0
1573 4925 0
3745 1853 0
2234 3295 0
867 1628 0
1021 1741 0
2386 0
484 0
1643 2363 0
3675 1579 0
693 3326 0
2618 3213 0
4512 0
2272 383 0
1136 3246 0
2244 4985 0
2215 967 0
1435 330 0
1620 1935 0
2405 2279 0
3104 0
2684 4706 0
3988 1641 0
1964 4638 0
2503 220 0
3330 3128 0
1715 4031 0
3156 3366 0
4898 1561 0
3628 0
3760 0
1715 0
1797 0
3990 0
3793 0
438 112 0
2557 3121 0
175 3455 0
3719 3220 0
2343 962 0
2579 2634 0
1039 3802 0
1608 3553 0
4056 3465 0
4411 2364 0
1337 239 0
2845 0
1505 608 0
3374 531 0
4868 3602 0
3790 0
369 3395 0
4768 785 0
2558 2955 0
3739 0
3700 3899 0
809 2232 0
451 0
2427 0
1685 2346 0
727 4539 0
2935 0
2735 1753 0
313 0
2206 138 0
4578 264 0
4739 617 0
3518 3224 0
4070 0
135 3705 0
1191 0
4234 2377 0
2595 0
4415 2823 0
1078 2707 0
4688 934 0
3042 4885 0
752 2402 0
2891 0
4723 3976 0
1277 0
322 1479 0
1502 0
1765 0
2057 0
2806 3016 0
1328 4531 0
1969 3658 0
4842 2395 0
3481 144 0
3735 0
320 3630 0
964 3556 0
3761 400 0
1684 1515 0
4755 0
3496 3175 0
1660 0
808 3336 0
305 2476 0
3347 0
4227 4186 0
600 3211 0
375 3844 0
3712 321 0
4414 627 0
504 3351 0
2451 4566 0
614 3951 0
2582 0
2548 3018 0
2042 1049 0
2657 4402 0
4208 2726 0
3268 4330 0
4328 0
3848 0
4384 4201 0
815 2799 0
673 0
2938 1991 0
866 2722 0
123 0
2955 4286 0
3143 4451 0
4501 274 0
540 0
4323 2343 0
1976 722 0
1009 3806 0
3741 2697 0
3636 2609 0
3651 2651 0
4376 3886 0
4849 2015 0
628 4508 0
317 0
417 0
2624 499 0
1925 0
3936 2354 0
3130 87 0
3738 1088 0
246 4430 0
4279 493 0
4549 2160 0
3330 103 0
4656 0
87 3058 0
4752 0
2690 783 0
3903 1114 0
1799 3717 0
4908 2860 0
696 0
1456 4164 0
2653 4741 0
1297 1458 0
720 1375 0
1049 3093 0
4753 1784 0
518 0
2180 0
1063 0
1029 2498 0
2613 0
128 772 0
884 1931 0
2038 4630 0
784 2332 0
434 3478 0
4099 2132 0
1993 0
254 4101 0
1609 3366 0
479 0
2681 4550 0
4362 0
2701 3698 0
2541 1027 0
3863 3041 0
774 1329 0
507 0
676 2576 0
2900 0
1822 4862 0
2545 1205 0
1848 3372 0
1260 465 0
3308 1604 0
2117 0
4491 3275 0
3961 429 0
2140 4824 0
1024 2157 0
4223 2101 0
1556 4314 0
2545 0
2127 42 0
2117 0
1515 0
4840 3807 0
1614 3469 0
2629 2742 0
1344 0
4620 0
508 935 0
2896 1683 0
249 3997 0
2495 1959 0
3678 0
38 2423 0
2216 4059 0
2350 4649 0
4638 1712 0
676 1253 0
4114 4977 0
811 0
3694 0
4750 0
4078 1678 0
3521 1846 0
2223 4448 0
1655 2689 0
2787 4745 0
1922 275 0
3525 4400 0
3115 3104 0
3962 986 0
879 0
1948 2718 0
2946 3662 0
4431 3650 0
3888 2692 0
2818 861 0
2194 766 0
2933 723 0
2704 4097 0
1519 4904 0
4845 2176 0
3335 4175 0
129 4150 0
2841 3518 0
3583 3943 0
1587 1344 0
3242 1775 0
4521 4469 0
742 2215 0
3697 2515 0
1095 872 0
342 3046 0
474 1300 0
791 4172 0
3187 4397 0
3386 2762 0
4671 2673 0
1479 2257 0
2372 0
784 4133 0
3147 965 0
3786 840 0
2415 4041 0
1420 0
4248 4017 0
397 1796 0
2477 4048 0
4058 1373 0
2166 4265 0
2855 0
741 4714 0
4569 2984 0
3553 0
3279 2039 0
1310 4045 0
3542 0
1416 4415 0
3798 4513 0
984 2958 0
47 0
2987 2230 0
3841 422 0
4874 4409 0
4286 2955 0
3306 436 0
3692 1216 0
1377 3635 0
1553 0
2191 1522 0
1736 991 0
1790 4368 0
592 1692 0
738 3360 0
607 0
4491 3894 0
228 2634 0
2372 3239 0
4073 3974 0
1538 3025 0
4144 1554 0
3215 3114 0
1844 4067 0
2582 3682 0
4419 1167 0
1134 0
1803 3922 0
1397 124 0
950 3086 0
162 3509 0
419 0
343 0
4754 873 0
4857 0
682 0
2226 0
3723 4412 0
339 0
1547 3103 0
3516 1889 0
954 3692 0
2683 0
1650 3511 0
3984 3349 0
2124 3578 0
965 3147 0
4999 105 0
1154 487 0
3722 1863 0
4770 1592 0
214 3814 0
4002 0
1411 4411 0
1572 0
4093 1970 0
2503 0
884 0
4713 0
614 3951 0
464 355 0
4778 4368 0
1102 1947 0
3221 1862 0
4687 1726 0
2982 0
3389 515 0
48 345 0
2713 2977 0
2740 2006 0
1713 2666 0
2448 456 0
670 3803 0
584 0
2631 756 0
1038 1946 0
3164 1518 0
1129 2112 0
3046 138 0
655 820 0
4066 526 0
1770 4377 0
4471 3601 0
3331 3727 0
2852 4238 0
1676 1829 0
1399 0
4525 3901 0
1022 0
3654 1324 0
3453 3248 0
161 4447 0
2869 2133 0
220 1920 0
666 924 0
585 2084 0
2908 4510 0
245 2283 0
2593 2781 0
3748 4800 0
952 2295 0
1470 0
268 0
4438 4930 0
3422 501 0
669 4050 0
1831 506 0
3066 4255 0
4340 0
1706 4304 0
548 0
3269 4847 0
3460 4422 0
3009 1848 0
1881 192 0
4659 531 0
3219 1381 0
4443 4390 0
4539 0
4781 1122 0
2958 698 0
2034 243 0
3154 3964 0
3911 2260 0
2145 4346 0
1345 41 0
3114 1335 0
4158 593 0
130 671 0
4640 286 0
875 4389 0
4346 4112 0
1473 3743 0
2792 0
3480 4297 0
844 3495 0
2336 369 0
1900 0
942 1340 0
2664 0
150 1408 0
237 4371 0
1155 4423 0
315 0
1108 2675 0
1896 691 0
2276 0
67 4935 0
2430 100 0
2755 955 0
3789 477 0
2861 913 0
1815 1171 0
4905 3835 0
347 1571 0
1038 0
715 0
1776 0
2435 0
2990 0
2981 0
4508 1200 0
2999 328 0
3590 1753 0
2784 0
1425 3245 0
1325 3324 0
4424 0
3145 1063 0
4841 775 0
3809 846 0
967 742 0
1757 3913 0
373 1730 0
724 1378 0
3825 4910 0
1629 2915 0
1716 3304 0
1144 4537 0
2124 527 0
4828 1935 0
3794 1762 0
3781 0
2640 2121 0
1847 4440 0
2167 2614 0
1467 912 0
1327 985 0
3013 0
3642 1168 0
1448 16 0
1809 2235 0
4464 1385 0
1770 4377 0
2091 430 0
614 512 0
366 175 0
773 0
3743 0
2065 536 0
1954 0
4422 0
2766 853 0
978 4687 0
3028 1332 0
3051 3705 0
4056 3068 0
2703 357 0
3045 2614 0
2296 4387 0
3868 1022 0
2633 2398 0
3251 3608 0
4807 322 0
2329 291 0
259 971 0
4427 2092 0
2897 4061 0
4752 2357 0
1270 0
2743 1772 0
4833 1597 0
144 4182 0
293 3604 0
1509 273 0
3269 1406 0
2574 3775 0
2037 1409 0
4050 0
387 1731 0
2160 868 0
3355 2908 0
1218 2473 0
3147 965 0
3856 187 0
1258 3173 0
3775 2727 0
2140 4305 0
3892 3408 0
1916 0
1294 4791 0
745 0
4250 929 0
1983 368 0
4705 1630 0
4857 0
4076 1766 0
2625 2363 0
1793 326 0
224 0
2802 4455 0
3560 0
2018 3937 0
2421 4129 0
769 4522 0
1551 4824 0
3975 4565 0
1955 1644 0
2878 2921 0
2187 1190 0
1423 281 0
593 4158 0
566 0
4941 4980 0
1657 901 0
1032 0
1080 0
4513 0
675 0
743 3796 0
3381 956 0
444 4048 0
2439 0
4893 1744 0
4580 4969 0
1395 4867 0
4273 1209 0
4950 1363 0
2146 0
3184 944 0
2122 0
2085 3473 0
3341 3601 0
537 1789 0
1283 0
1460 3342 0
293 562 0
2760 3861 0
634 1336 0
524 298 0
1850 1183 0
4796 1359 0
373 3432 0
1361 2073 0
21 2871 0
566 0
979 1059 0
4648 2440 0
4388 2816 0
1199 1497 0
4703 3406 0
4967 2763 0
746 0
2025 45 0
3328 1264 0
1239 0
1428 2386 0
4981 1346 0
732 823 0
744 2524 0
2294 363 0
2936 4503 0
3896 2104 0
4664 4542 0
1849 1763 0
4675 0
64 0
2290 2380 0
1570 591 0
83 2754 0
1293 2520 0
2558 3105 0
3401 4423 0
4440 1653 0
2684 3599 0
4328 0
3499 1094 0
2960 786 0
4854 0
131 2741 0
4591 3797 0
4622 2735 0
3652 839 0
367 1982 0
1208 3186 0
2936 685 0
427 0
3870 911 0
2368 1725 0
3047 2652 0
1882 1622 0
1495 3358 0
1711 1295 0
4868 1009 0
4517 1987 0
4725 4372 0
2711 3628 0
3434 2313 0
2066 3457 0
81 2731 0
3078 3496 0
1733 587 0
1280 488 0
2053 3294 0
4424 3907 0
3695 57 0
3972 0
1709 0
623 0
1292 2560 0
1873 1289 0
4302 1680 0
3537 273 0
1372 696 0
4574 0
107 0
1057 1997 0
984 3259 0
3707 0
289 2711 0
4812 4761 0
227 888 0
2072 1807 0
3641 4789 0
3004 3988 0
4880 0
4493 4906 0
4992 1958 0
2041 1855 0
4595 0
4839 0
1733 0
1948 2718 0
4229 2544 0
2871 21 0
3383 3390 0
1907 4292 0
687 3027 0
981 4383 0
1810 3282 0
4588 4726 0
3035 3264 0
2099 4931 0
2822 3710 0
3330 4261 0
1205 2545 0
1998 581 0
1922 232 0
2703 2105 0
2324 925 0
1771 1833 0
2786 3368 0
4820 896 0
472 4010 0
1275 1091 0
2219 4435 0
1985 2136 0
2060 0
2546 4775 0
2601 418 0
4663 3501 0
1050 3132 0
4424 1207 0
155 3736 0
4516 0
4530 4453 0
1579 3346 0
4060 4875 0
2930 3100 0
3201 1617 0
4767 4682 0
1060 550 0
315 4401 0
2846 3678 0
3409 2013 0
1508 3471 0
1537 1328 0
2933 723 0
2685 0
1852 1240 0
4789 3641 0
3972 2020 0
3790 2804 0
1064 4734 0
2019 3259 0
2750 0
169 2081 0
321 3712 0
87 0
4836 0
2334 3240 0
3350 194 0
4029 4532 0
399 544 0
2344 4297 0
4538 2029 0
135 3764 0
4693 468 0
1316 0
2638 801 0
4366 921 0
2746 0
3945 0
3903 0
2213 2668 0
1827 2998 0
1596 3232 0
4170 0
196 0
1904 4363 0
2032 2884 0
1001 496 0
369 2336 0
4568 4228 0
2992 4412 0
394 4955 0
3285 2459 0
257 1887 0
1331 0
2798 519 0
3578 0
501 2669 0
2333 2031 0
3935 0
566 3904 0
3104 0
932 0
155 657 0
4727 329 0
1347 4863 0
2022 2064 0
3046 3337 0
2913 4327 0
1870 0
3527 3210 0
3897 55 0
3148 1853 0
2367 2940 0
3226 4652 0
3284 0
4263 2632 0
4824 0
2251 1152 0
1427 4979 0
1288 0
153 3041 0
4333 4757 0
3942 0
1242 1226 0
237 4805 0
3122 3936 0
412 0
380 0
774 2853 0
1784 1260 0
1805 3299 0
1223 1956 0
2711 1276 0
1541 0
3162 0
3112 256 0
3203 0
1644 0
943 4894 0
1240 3191 0
3075 400 0
2628 3088 0
941 0
4939 794 0
3470 263 0
1229 3512 0
474 3233 0
4003 2123 0
3257 0
2892 0
1703 1390 0
4803 251 0
4 0
3860 4266 0
4300 4987 0
2231 1444 0
505 1244 0
766 2088 0
1608 2159 0
4262 0
2748 4454 0
3533 3931 0
122 1992 0
4591 0
974 683 0
2913 4144 0
4773 0
1112 309 0
4862 3155 0
3129 29 0
1340 1213 0
3421 2611 0
3730 1575 0
3939 1512 0
605 3610 0
846 3144 0
208 4429 0
917 0
1966 4009 0
2536 4361 0
4027 2121 0
1917 2555 0
2447 1663 0
3171 2018 0
277 2439 0
2263 0
2940 3746 0
91 3689 0
3523 1657 0
1933 0
1773 0
4526 4014 0
486 1765 0
3180 42 0
3071 3481 0
4966 409 0
3905 3647 0
2346 1420 0
429 3174 0
2134 0
4670 0
4559 382 0
1292 2560 0
607 3274 0
4924 0
2654 2070 0
1267 3101 0
1774 1594 0
2164 525 0
2994 4546 0
4132 2686 0
3096 4330 0
3858 3906 0
816 0
4980 4941 0
2596 4541 0
3407 1914 0
4891 3094 0
623 292 0
2773 4008 0
895 3057 0
2180 3144 0
3514 3078 0
4107 1758 0
3788 1521 0
3782 695 0
3498 4551 0
2837 4573 0
1852 1697 0
153 3244 0
2504 3460 0
4191 2435 0
2043 3674 0
1397 680 0
3611 488 0
2207 0
354 4956 0
149 1006 0
4195 1455 0
3620 0
2021 0
2101 3177 0
471 0
1838 0
1285 2957 0
4742 0
456 3664 0
3853 0
2552 2258 0
838 4335 0
1423 0
871 0
3714 0
3536 1363 0
3965 2099 0
4050 0
1161 1060 0
1065 1533 0
2755 0
2036 2005 0
3895 0
1199 2412 0
3520 4625 0
55 0
4067 1087 0
4528 4447 0
3425 1325 0
3108 1800 0
0
1114 2456 0
3554 566 0
69 4383 0
1521 0
1612 4593 0
3983 0
515 710 0
551 2953 0
2260 3080 0
4937 4335 0
4119 1494 0
857 2903 0
485 4662 0
4198 1931 0
386 0
16 4217 0
1078 0
3125 2125 0
3247 27 0
4154 2606 0
2557 391 0
4164 0
560 873 0
211 1876 0
3106 4589 0
1719 4829 0
1893 2663 0
3955 1580 0
1191 3052 0
4831 1691 0
4205 2217 0
1011 2354 0
4340 1202 0
2147 3934 0
4749 2932 0
3178 2185 0
4421 2708 0
2365 3019 0
350 0
3543 814 0
4706 3583 0
2496 2387 0
3946 2057 0
2339 184 0
2527 2308 0
4010 4484 0
26 3399 0
2647 0
4864 2005 0
2360 0
4425 470 0
4232 4853 0
3887 82 0
1782 4505 0
1793 326 0
1550 0
1183 4932 0
1834 776 0
429 617 0
675 0
1525 2531 0
431 1993 0
4931 1127 0
3858 3906 0
3242 2814 0
3942 1283 0
2263 1447 0
3527 3210 0
1396 0
79 4545 0
3511 2018 0
3313 2577 0
1658 3544 0
1096 2875 0
587 1733 0
505 1967 0
4819 1067 0
2399 1703 0
1099 0
2480 0
1870 3742 0
2033 4058 0
231 1286 0
3332 0
2480 4278 0
706 1641 0
2631 581 0
3986 362 0
4686 4697 0
3362 1232 0
4315 2960 0
3000 0
4681 3060 0
4461 4958 0
3889 4096 0
1642 0
798 1633 0
4089 2698 0
3382 2252 0
4856 3555 0
2306 2123 0
1150 356 0
2182 1297 0
2629 4285 0
4196 4348 0
3094 2773 0
1674 4643 0
3644 3383 0
2302 1116 0
3116 0
4524 3504 0
4678 0
4848 1665 0
4645 3002 0
1498 0
2396 436 0
207 2209 0
3798 4513 0
3876 0
3896 0
2519 1010 0
1146 0
0
1833 2730 0
2435 0
4441 392 0
3119 3382 0
324 4494 0
662 0
2393 224 0
3537 1816 0
4053 399 0
4182 2547 0
490 3000 0
4149 2751 0
2050 1592 0
417 1129 0
1940 0
5000 2415 0
4285 3185 0
11 1194 0
3399 2607 0
1247 2497 0
2516 0
224 1423 0
2477 444 0
4764 730 0
3319 4096 0
1698 3521 0
1207 3613 0
3365 3702 0
1132 4883 0
4225 1301 0
4531 1449 0
4917 1780 0
4788 24 0
578 0
3801 2610 0
2533 3768 0
4120 4882 0
1132 0
1482 4398 0
1493 446 0
526 3979 0
143 4117 0
2775 4270 0
624 0
393 118 0
2849 489 0
567 0
180 4269 0
824 536 0
1770 3340 0
609 0
3662 104 0
1453 1678 0
976 690 0
3134 0
4393 451 0
3799 0
1968 2784 0
3586 880 0
1225 0
693 4412 0
2735 660 0
2568 2770 0
2698 0
1106 3151 0
930 425 0
4356 4996 0
823 1970 0
3716 3772 0
1835 4042 0
669 2304 0
1381 0
2022 3739 0
2204 968 0
1266 0
1217 0
3495 854 0
4994 1919 0
4302 3120 0
1760 0
631 210 0
4179 2457 0
1287 44 0
3638 1622 0
1469 1891 0
48 2870 0
4321 3378 0
3986 3990 0
644 3588 0
2916 4461 0
3854 4444 0
3557 2131 0
3658 1969 0
4145 2648 0
4827 4882 0
2328 4724 0
3680 3890 0
1236 0
2901 0
1252 3923 0
3925 873 0
807 4840 0
873 903 0
3545 1229 0
1876 0
1488 0
250 2565 0
2118 980 0
906 4784 0
1853 3148 0
2961 446 0
4816 2835 0
257 0
2656 0
1433 3920 0
4674 3876 0
2843 4135 0
175 0
3741 1554 0
3263 1934 0
1745 0
1253 0
2930 0
3324 2982 0
2041 0
3988 1641 0
4136 4065 0
4111 693 0
2606 3075 0
1839 2824 0
4805 1999 0
920 1184 0
4685 0
4584 647 0
1498 2830 0
105 3306 0
447 4448 0
750 1954 0
2333 907 0
4601 4547 0
2809 1036 0
1067 4819 0
1354 302 0
3400 237 0
960 943 0
327 3635 0
3223 4150 0
2963 1823 0
54 3548 0
3040 3164 0
2733 198 0
1070 3737 0
1243 4202 0
1808 0
919 752 0
4192 325 0
268 3700 0
989 3756 0
1024 3176 0
3989 2631 0
1989 4105 0
4248 1425 0
2626 0
2577 2583 0
966 0
1814 1519 0
4406 433 0
4145 3263 0
2536 4866 0
2761 0
4348 3010 0
1826 3873 0
494 4291 0
154 3836 0
4644 903 0
2149 1222 0
1534 2012 0
4030 2183 0
3684 51 0
4396 3159 0
2100 2335 0
665 4415 0
1255 2062 0
130 671 0
3900 1767 0
1400 415 0
54 0
4318 3828 0
608 638 0
706 0
1759 4443 0
3485 3394 0
3883 4558 0
3009 3392 0
1504 0
3172 0
3519 0
1694 2897 0
2528 1441 0
2120 4467 0
2957 3878 0
816 333 0
4618 0
4394 1343 0
1155 3401 0
4590 2431 0
1184 4157 0
4741 4209 0
4445 2665 0
2008 2785 0
2334 4133 0
2786 3660 0
3058 3042 0
4912 3811 0
1156 232 0
2660 952 0
1469 4953 0
934 0
1510 0
2873 3095 0
4175 3335 0
2441 4137 0
1511 4160 0
3559 0
1207 4663 0
780 2001 0
4197 0
3216 861 0
3450 889 0
2253 3066 0
199 42 0
2733 0
3019 3455 0
3064 0
4391 4421 0
3007 103 0
2056 866 0
2210 0
1646 373 0
2833 899 0
3860 4483 0
2978 2481 0
4101 4572 0
3974 2577 0
4374 0
4091 2526 0
3020 3719 0
4302 2715 0
1402 1046 0
2609 3636 0
4637 4449 0
864 1524 0
3541 2480 0
493 1485 0
2291 4685 0
4282 1070 0
1981 3737 0
494 1376 0
4140 4751 0
3435 0
1986 2800 0
2438 0
2683 4766 0
4585 1689 0
1620 0
2819 0
399 4596 0
3824 1936 0
1005 4566 0
631 210 0
2648 4145 0
2344 0
4165 0
1061 4743 0
1228 4875 0
2155 2106 0
3120 0
432 4393 0
3449 466 0
2140 1487 0
1241 0
1937 4349 0
3163 2853 0
2039 1041 0
744 3568 0
522 0
3034 4475 0
2257 3238 0
3826 4997 0
2753 515 0
1214 1137 0
4528 287 0
3481 4035 0
4793 3551 0
2949 0
1122 3517 0
633 86 0
3995 4681 0
3252 2984 0
1218 1146 0
2230 2987 0
1668 4334 0
4042 0
1371 4400 0
2979 3268 0
2834 461 0
3219 396 0
4665 3681 0
1099 160 0
4558 0
2461 3076 0
85 0
870 3436 0
147 0
1558 649 0
4064 1482 0
2302 1052 0
3958 2189 0
2506 571 0
2705 2152 0
4112 4482 0
2561 1424 0
303 0
1937 1212 0
3772 943 0
1005 3089 0
4949 4343 0
4214 444 0
3855 0
719 2770 0
3023 1822 0
3914 0
3115 3209 0
959 835 0
2554 1526 0
2514 495 0
3356 4190 0
2323 3266 0
982 4452 0
805 1717 0
3206 739 0
4022 2716 0
4944 826 0
4225 3832 0
2968 4668 0
3924 3758 0
1261 4592 0
1513 3649 0
3279 279 0
3793 1315 0
2965 4612 0
4879 514 0
4063 1656 0
4783 3549 0
4628 0
2276 0
3306 4161 0
2087 0
189 1272 0
1092 982 0
2948 4604 0
2296 0
3854 0
4919 875 0
2475 654 0
1969 781 0
177 0
4178 1048 0
4730 2600 0
1901 4951 0
4362 0
1161 3187 0
978 0
2489 2345 0
1371 825 0
2484 3631 0
2804 3032 0
4570 2386 0
1653 3582 0
3642 3448 0
2555 0
3471 4932 0
4732 0
4874 4464 0
3692 954 0
1821 1411 0
4111 2992 0
1273 0
1842 470 0
3083 2432 0
378 1915 0
485 4015 0
4604 2948 0
957 595 0
3093 0
4118 0
648 2504 0
753 0
2107 1075 0
2788 1332 0
2018 3937 0
3216 4253 0
4613 928 0
2860 4908 0
794 4939 0
3650 471 0
2366 3150 0
605 3610 0
684 2453 0
2173 1739 0
2906 2132 0
4073 0
294 4930 0
1338 1042 0
3255 2479 0
4341 1482 0
3565 4561 0
3547 2475 0
4243 4688 0
2665 1468 0
4278 1387 0
161 2532 0
1023 2850 0
2789 3523 0
3561 746 0
5 0
92 1092 0
1949 4530 0
3998 2748 0
3502 2086 0
2999 1664 0
557 4861 0
3572 348 0
3736 155 0
3594 1187 0
4669 1780 0
1532 4898 0
3427 3145 0
2472 1431 0
2451 445 0
1501 2007 0
3961 1147 0
4131 4729 0
843 4521 0
1846 0
2827 1711 0
3702 3645 0
3769 4928 0
839 3652 0
334 3034 0
2069 1727 0
3468 1819 0
4144 3112 0
43 4331 0
1751 97 0
2074 0
1122 2917 0
308 0
2145 500 0
366 0
3943 3003 0
731 79 0
975 2983 0
2435 2831 0
4262 3793 0
1464 0
1588 792 0
1573 4488 0
4571 2632 0
689 1799 0
3325 4315 0
127 3157 0
4129 0
3988 481 0
1942 3661 0
274 4516 0
3643 2871 0
685 0
1823 2097 0
2877 1782 0
2187 0
2049 691 0
628 1154 0
1964 3867 0
1415 1626 0
4005 0
1484 4021 0
1529 974 0
4125 3923 0
1462 0
2465 2362 0
4492 1158 0
2171 640 0
2460 4961 0
3054 2804 0
4756 1467 0
2968 0
3021 4323 0
4246 3293 0
3991 540 0
3345 4678 0
1234 3544 0
2532 0
4787 4951 0
22 1949 0
1328 0
3119 3080 0
4140 0
4774 3309 0
4644 0
818 426 0
3256 3542 0
3878 2029 0
3499 1294 0
131 0
242 3787 0
4895 996 0
3295 0
1806 1598 0
2839 4098 0
1484 4674 0
2188 3376 0
578 1434 0
868 1507 0
4430 754 0
381 3498 0
712 0
3967 0
2307 4277 0
1483 1945 0
1250 0
4545 4098 0
3932 0
3480 0
2407 0
3565 0
4322 1445 0
4307 2055 0
2899 4544 0
3342 796 0
445 0
582 983 0
636 987 0
604 128 0
2023 1486 0
2210 1795 0
4413 0
2413 2837 0
1565 0
4551 564 0
4831 3704 0
4080 3134 0
768 4458 0
2342 0
1813 4181 0
3983 834 0
2554 3327 0
3679 4582 0
647 0
2650 1157 0
3663 4206 0
190 0
2908 3398 0
267 2661 0
3846 0
496 1001 0
4626 3654 0
555 4049 0
4004 0
3629 1882 0
931 1831 0
307 0
4116 0
1172 862 0
2439 448 0
4547 1058 0
568 885 0
3064 1595 0
933 1719 0
985 0
4762 0
2548 4514 0
1532 0
4289 1689 0
538 4953 0
4621 4895 0
2965 0
4628 74 0
1942 896 0
1292 2468 0
3237 4450 0
2950 1951 0
2909 171 0
2876 0
3951 3090 0
1439 0
1973 297 0
1831 0
3540 0
3236 2762 0
886 3168 0
3821 4693 0
1107 2943 0
1798 1601 0
3805 4456 0
385 4701 0
3293 3222 0
4221 3172 0
326 1454 0
3277 2743 0
3375 3219 0
3921 1657 0
3287 1964 0
1149 0
368 2349 0
1323 0
1076 0
2862 3866 0
4126 4128 0
3209 1248 0
3768 4061 0
2082 3475 0
270 157 0
352 2847 0
4136 4065 0
2705 4724 0
3186 1587 0
1550 3958 0
3936 2865 0
1493 439 0
2313 473 0
384 1974 0
2055 484 0
4695 4778 0
555 3110 0
3785 1195 0
4848 0
3613 3671 0
4611 4542 0
4850 0
2381 1953 0
1832 4985 0
1858 2879 0
4166 0
900 1735 0
4364 4385 0
4701 4631 0
3591 4474 0
4431 4814 0
928 4613 0
1590 1514 0
817 1303 0
1414 1399 0
765 4854 0
2506 573 0
962 3060 0
2977 0
15 619 0
2921 4735 0
2570 1465 0
3059 4180 0
1311 2637 0
4840 807 0
362 4123 0
1004 0
4452 0
2360 7 0
3632 4789 0
3409 0
1790 3271 0
4536 1471 0
4686 3059 0
4141 0
2292 314 0
2546 0
2942 599 0
918 78 0
694 0
3623 115 0
3845 2436 0
3599 0
4845 1788 0
4257 4176 0
3624 4632 0
566 0
4648 3556 0
335 3834 0
1939 415 0
81 3608 0
2407 3929 0
1375 0
148 0
1019 1000 0
2857 4891 0
2805 4912 0
4937 4576 0
2648 0
1096 3497 0
4888 4945 0
1566 0
4510 3355 0
2649 4399 0
1066 2137 0
1488 1490 0
2143 2600 0
3864 3371 0
2303 549 0
1748 4396 0
2002 1633 0
3289 3062 0
2916 3996 0
3837 3274 0
2465 3352 0
2237 2338 0
183 140 0
4209 3387 0
1334 0
1923 0
147 0
2677 2787 0
141 3728 0
3668 4103 0
3633 0
3171 2932 0
3592 3619 0
4938 151 0
4199 690 0
1260 3857 0
1309 2110 0
185 1312 0
912 247 0
3681 2317 0
760 3980 0
2653 4741 0
2873 272 0
3290 1776 0
4132 1206 0
2288 1850 0
4981 1346 0
3635 2983 0
4698 3843 0
2597 2977 0
3000 3994 0
1738 291 0
1040 4038 0
1541 1254 0
2701 0
2345 0
1592 2050 0
629 4577 0
2112 543 0
1818 1811 0
3271 0
2246 0
200 0
4684 35 0
4501 274 0
1249 2288 0
4294 1221 0
2901 3461 0
1186 4744 0
2883 2059 0
4386 4795 0
3641 0
2418 806 0
3551 2602 0
476 332 0
3432 2602 0
4905 382 0
3928 2948 0
4231 1359 0
3491 4024 0
1341 2738 0
1535 1569 0
3748 2907 0
1606 1009 0
2096 4748 0
4948 3718 0
338 170 0
4164 0
19 1883 0
3586 1100 0
3081 2476 0
2611 0
3972 3690 0
1838 4234 0
4878 4761 0
3323 0
3580 4431 0
3401 753 0
1896 0
2770 2568 0
1313 0
1067 3157 0
1843 4081 0
322 0
4946 3262 0
1246 3573 0
4305 1551 0
3397 942 0
1746 1954 0
4882 3917 0
2194 2736 0
4355 4817 0
3236 2762 0
2029 1691 0
2923 1564 0
1597 1308 0
1975 2976 0
2853 4308 0
1888 2429 0
3912 3883 0
828 613 0
1773 1936 0
4235 0
1713 0
929 1322 0
1046 733 0
4863 4481 0
2642 1788 0
1848 3372 0
749 1522 0
3693 1665 0
2015 1121 0
315 2072 0
4019 2209 0
206 47 0
423 1184 0
2747 1173 0
2816 4876 0
3910 137 0
3164 52 0
3276 0
3794 2748 0
4958 3996 0
481 557 0
4101 3155 0
1918 989 0
3767 0
2926 290 0
2144 3050 0
1395 428 0
3111 4801 0
1807 1079 0
1858 1702 0
1671 4142 0
574 397 0
2328 1938 0
4464 1385 0
4060 1228 0
2009 3557 0
4589 3143 0
3484 0
2620 949 0
3167 4356 0
3486 202 0
3917 2217 0
2092 4427 0
525 3694 0
3585 3377 0
2905 4892 0
1278 4915 0
3180 3827 0
4207 0
4310 2889 0
1025 0
1222 189 0
1744 2662 0
3715 960 0
3310 996 0
3081 4808 0
2571 1722 0
1532 0
2619 4645 0
4119 0
798 0
3237 4616 0
2121 2640 0
1474 2293 0
3456 2111 0
975 2719 0
1659 0
2639 2860 0
4240 2374 0
4526 4014 0
3197 0
3941 900 0
374 1051 0
25 0
63 2054 0
1640 4731 0
2809 598 0
2551 2249 0
4075 0
1880 4838 0
3693 3259 0
3969 371 0
394 3724 0
307 2236 0
1033 2712 0
689 558 0
3087 4414 0
256 4082 0
1994 783 0
4288 0
3506 3418 0
3684 0
1305 1163 0
4875 265 0
4279 2208 0
316 715 0
4576 0
2125 3158 0
1778 2925 0
4705 2436 0
2898 4980 0
1655 282 0
3647 69 0
4417 0
3827 3180 0
3262 3947 0
4011 0
3718 4244 0
184 4343 0
2673 4450 0
2059 0
67 1714 0
3577 1891 0
1849 855 0
3145 394 0
3503 354 0
4790 806 0
1780 4461 0
3051 1008 0
4993 1673 0
2460 3677 0
646 2350 0
6 2411 0
1418 1369 0
3116 2358 0
516 4965 0
569 4667 0
1385 2472 0
1191 4181 0
1535 0
602 2534 0
696 0
93 1553 0
2051 993 0
4836 1888 0
696 4972 0
3588 0
2106 2155 0
2765 0
2494 1783 0
28 3458 0
3895 0
720 0
3044 2669 0
4134 735 0
1209 4273 0
3676 4875 0
125 963 0
4628 0
598 1679 0
1516 114 0
3079 2609 0
1722 1491 0
3205 4942 0
938 1676 0
4880 572 0
3826 1130 0
1442 2755 0
378 105 0
1475 1461 0
