10000
0
0
0
0
0
0
0
0
0
0
0
0
0
0
0
0
0
0
0
0
0
0
0
0
0
0
0
0
0
0
0
0
0
0
0
0
0
0
0
0
0
0
0
0
0
0
0
0
0
0
0
0
0
0
0
0
0
0
0
0
0
0
0
0
0
0
0
0
0
0
0
0
0
0
0
0
0
0
0
0
0
0
0
0
0
0
0
0
0
0
0
0
0
0
0
0
0
0
0
0
0
0
0
0
0
0
0
0
0
0
0
0
0
0
0
0
0
0
0
0
0
0
0
0
0
0
0
0
0
0
0
0
0
0
0
0
0
0
0
0
0
0
0
0
0
0
0
0
0
0
0
49 0
0
0
0
0
0
0
0
0
0
0
0
0
0
0
0
0
0
0
0
0
0
0
0
0
0
0
0
0
0
0
0
0
0
0
0
0
0
0
0
0
0
0
0
0
0
0
0
0
0
0
0
0
0
0
196 0
0
0
0
0
0
0
0
0
131 0
0
0
0
0
0
0
0
0
0
0
0
0
0
0
0
0
0
0
0
0
0
0
0
0
0
0
0
0
0
0
0
0
0
0
0
0
85 0
0
0
0
0
0
0
0
0
200 0
0
0
0
0
0
0
0
0
0
0
0
0
0
0
0
0
0
0
0
0
130 0
0
0
0
0
0
0
0
0
0
0
0
0
0
0
0
0
0
0
0
0
0
0
0
0
0
0
0
0
0
0
0
0
0
0
0
0
0
0
0
0
0
0
0
0
0
0
0
0
0
0
0
0
0
0
0
0
0
0
0
0
0
0
195 0
0
0
0
0
0
0
0
0
0
0
0
0
0
0
0
0
0
0
0
0
0
0
0
0
0
0
0
0
0
0
0
0
0
0
0
0
0
0
0
0
0
0
0
0
0
0
0
0
0
0
0
0
0
268 0
0
0
0
0
0
91 0
0
406 0
0
0
0
0
0
0
0
0
0
0
0
0
0
0
0
0
0
0
0
0
0
428 0
0
0
0
0
326 0
0
0
0
0
0
0
0
0
0
0
0
0
0
0
0
429 0
0
0
0
112 0
0
0
0
0
0
0
334 0
0
195 0
0
0
0
0
0
0
0
0
0
0
0
0
0
0
0
0
0
425 0
0
46 0
0
0
0
0
0
0
0
0
0
0
0
0
0
0
0
0
265 0
0
0
0
0
0
0
0
0
0
0
0
0
0
0
0
0
408 0
0
0
0
0
0
0
70 0
0
0
0
416 0
0
0
0
0
0
0
512 0
0
0
0
0
0
0
0
0
0
0
0
0
0
262 0
0
0
0
57 0
0
0
0
0
122 0
0
0
0
0
0
0
0
0
0
0
0
0
0
0
0
0
0
0
0
0
0
0
0
433 0
0
0
0
0
0
0
0
0
0
0
0
0
0
0
0
0
0
0
0
0
0
368 0
0
0
0
0
0
0
382 0
0
0
0
0
0
0
0
0
0
0
0
0
0
0
0
0
0
0
0
94 0
0
0
0
0
0
0
0
0
73 0
60 0
0
0
0
106 0
0
0
0
0
133 0
594 0
0
0
521 0
0
0
0
0
0
527 0
0
0
0
0
0
0
504 645 0
0
0
0
0
374 0
0
0
442 0
0
50 0
0
0
0
0
0
0
0
0
0
0
0
0
0
0
0
0
0
0
0
0
666 0
0
0
0
281 0
0
0
0
0
0
0
0
0
302 0
211 0
563 0
0
0
0
90 503 0
0
0
0
0
0
0
0
0
0
24 0
0
0
0
0
0
0
0
0
393 0
0
0
0
0
0
0
0
0
0
0
0
0
0
263 454 0
0
0
0
0
0
0
505 0
298 0
261 0
0
0
0
0
603 0
0
0
0
0
0
0
687 0
0
0
0
630 0
0
0
0
0
0
0
0
0
0
0
530 0
0
0
0
0
0
0
186 0
0
0
0
0
0
0
0
0
0
0
0
0
0
0
0
0
0
0
0
0
0
0
0
0
0
0
0
0
0
0
0
0
24 0
611 0
0
0
0
0
0
0
0
0
198 0
0
0
0
94 0
0
0
0
0
0
0
0
442 0
0
10 0
0
0
0
0
0
0
0
394 0
332 0
834 0
0
0
0
0
0
714 0
0
0
0
0
0
0
0
0
0
0
0
0
0
0
0
124 0
0
0
0
0
0
0
0
0
0
0
0
0
0
0
809 0
0
583 0
0
23 0
270 0
0
0
0
0
0
0
0
0
0
0
0
0
0
0
0
0
0
0
0
0
0
113 239 0
0
0
0
0
0
0
29 0
0
0
0
0
0
0
807 0
0
0
0
340 0
0
0
0
0
0
0
0
0
0
0
0
0
0
0
0
0
0
336 0
0
194 0
0
0
0
0
0
0
0
0
0
802 0
0
0
0
0
0
0
0
803 0
0
233 0
0
0
446 0
0
0
0
0
0
0
735 0
240 0
0
0
0
0
0
0
633 0
0
0
0
0
0
0
510 0
0
428 0
0
0
0
55 0
920 0
606 0
0
0
0
0
0
0
0
0
0
0
0
957 0
0
0
888 0
0
0
0
0
755 0
0
0
0
15 0
0
0
460 0
0
0
0
0
0
0
0
385 0
0
785 0
0
0
995 0
0
0
0
0
0
0
0
700 0
0
991 0
0
143 0
0
645 0
64 0
1016 0
0
390 0
0
0
0
712 0
0
950 0
0
0
0
1064 0
0
0
0
0
0
692 0
0
0
0
0
828 0
0
0
0
0
669 0
0
0
0
0
0
0
0
0
253 0
0
0
0
811 0
292 0
0
0
0
0
0
0
0
0
0
0
300 0
0
0
0
0
704 0
0
0
0
0
0
0
0
0
0
0
0
0
0
0
0
568 0
0
0
0
0
0
362 0
0
0
0
0
0
0
476 0
0
0
0
0
0
601 0
342 0
0
0
0
154 0
0
1056 0
412 0
927 0
586 0
74 834 0
0
1119 0
0
0
0
0
813 0
0
1118 0
0
0
321 0
0
0
0
0
0
0
0
0
0
265 0
0
631 0
626 929 0
0
798 0
0
211 411 0
0
950 0
0
0
0
0
0
493 0
0
0
0
0
137 0
382 0
0
0
0
0
0
0
0
0
0
52 0
0
902 0
469 0
0
765 0
99 0
0
0
0
0
1050 0
0
936 0
0
0
0
0
0
899 0
0
1062 0
0
0
0
0
1112 0
0
0
0
984 0
0
0
350 0
0
0
0
1237 0
0
0
229 0
0
0
0
0
0
0
0
0
0
0
752 0
0
0
1093 0
0
0
0
538 0
0
0
0
0
0
79 0
0
0
0
0
0
0
0
0
516 1233 0
0
554 0
0
0
0
0
195 0
0
0
0
0
775 0
0
0
0
0
531 0
0
0
0
0
0
0
112 0
0
0
0
0
850 0
0
0
0
0
0
0
490 0
0
0
0
832 862 0
1311 0
476 0
0
0
0
465 0
0
0
0
0
0
0
1336 0
0
0
0
0
0
0
0
0
0
0
0
38 877 0
0
0
0
984 0
0
0
0
824 0
0
0
0
0
0
173 0
0
0
229 0
0
214 0
721 0
0
0
0
0
1337 0
526 0
0
0
1165 0
0
0
0
0
0
0
1129 0
0
0
0
0
704 0
1273 0
0
1250 0
89 386 0
31 0
0
0
0
0
0
0
0
0
0
0
0
0
0
0
730 0
0
0
0
970 0
0
0
886 0
624 0
72 627 0
0
0
0
0
0
1339 0
0
616 0
0
0
0
0
252 0
0
0
0
0
0
0
0
0
0
1338 0
647 0
0
0
0
229 0
0
0
0
0
0
0
0
0
0
0
0
0
706 0
114 892 0
0
0
0
0
692 0
0
575 0
0
885 0
1185 0
0
0
0
1030 0
0
173 0
0
1451 0
0
0
0
0
0
1444 0
688 0
1024 0
0
0
0
0
0
0
0
667 0
0
0
0
0
0
0
0
0
0
0
0
611 0
284 0
99 0
1269 0
886 0
145 0
0
523 0
0
0
1529 0
0
458 0
0
592 0
95 0
0
0
0
0
604 0
595 0
1338 0
0
0
1427 0
0
0
0
345 0
0
1013 0
100 0
0
0
0
0
1515 0
0
943 0
0
600 0
0
1470 0
0
0
0
0
0
0
0
0
519 0
0
0
505 0
0
0
1036 0
523 0
0
1476 0
1500 0
0
0
1430 0
0
0
1340 0
0
1566 0
0
0
0
0
0
584 0
0
0
0
0
166 1034 0
0
1533 0
0
0
0
462 0
0
0
873 0
0
0
0
0
0
113 0
0
64 510 0
0
0
0
1296 0
0
0
0
0
0
0
585 0
0
0
289 1145 0
247 870 0
0
163 0
1178 0
0
222 0
311 0
0
0
0
0
588 935 0
489 0
638 0
1544 0
0
0
182 0
792 0
0
0
0
0
123 1324 0
1242 0
85 0
541 0
0
0
370 0
1432 0
238 0
0
1017 0
0
1169 0
0
0
0
0
411 0
1578 0
0
0
0
0
0
1314 0
0
0
1458 0
0
1278 1563 0
0
0
990 0
0
0
1619 0
0
1563 0
0
0
1484 0
0
0
0
579 0
0
1583 0
0
0
0
0
1509 0
0
0
0
0
0
645 0
0
28 854 1493 0
1095 0
0
0
0
0
0
0
1078 0
0
1481 0
0
0
0
0
1540 0
0
0
0
0
0
0
0
1076 0
1711 0
1350 0
0
0
0
0
0
0
0
0
0
0
0
0
0
872 0
0
0
0
0
1295 0
0
0
0
1329 0
323 0
0
487 1613 1736 0
0
0
0
681 0
0
0
0
0
286 0
0
0
0
0
0
752 1352 0
0
0
0
0
0
0
0
0
262 0
1120 0
71 0
1717 0
900 0
600 0
0
518 0
0
425 0
0
0
0
0
0
0
0
1458 0
0
0
0
1632 0
1135 0
0
1487 0
0
0
0
1507 0
1402 0
0
0
91 0
0
0
1374 0
0
0
0
0
0
0
0
226 702 1041 0
862 0
597 0
561 0
0
0
1208 0
0
1292 0
0
119 0
0
0
1319 0
0
0
406 0
1234 1257 0
0
0
0
0
0
0
0
0
0
0
1452 0
0
0
0
0
388 1560 0
1811 0
757 0
0
0
0
0
0
0
0
0
0
341 546 0
0
0
0
0
328 0
0
0
0
0
0
0
0
1877 0
0
1686 1804 0
0
0
36 371 0
0
0
1185 0
0
0
0
0
0
0
0
0
355 1094 0
0
0
1714 0
0
0
0
0
0
759 0
0
0
0
0
0
0
0
0
0
0
86 0
0
0
0
590 0
0
0
282 0
0
0
0
1092 0
0
0
0
0
0
0
0
0
0
0
1820 0
629 0
0
0
0
0
1620 0
255 0
1803 0
0
0
152 1747 0
1188 0
290 0
0
0
0
0
1324 0
0
20 0
1151 0
332 0
1680 0
0
0
0
0
0
578 0
0
0
0
0
97 0
1674 0
0
0
0
1099 0
0
0
925 0
0
0
1117 0
1707 0
0
1451 0
685 0
1843 0
1647 0
0
1553 0
0
0
0
941 0
0
0
922 0
1811 0
0
1467 0
0
1138 1637 0
1143 0
0
1661 0
0
0
0
0
0
0
0
1920 0
0
1185 0
0
0
0
0
0
0
0
0
0
1521 0
0
1076 0
0
0
163 0
0
720 0
0
0
826 0
0
0
1337 0
0
0
0
0
0
0
0
1831 0
0
489 818 0
0
0
1464 0
0
0
0
0
0
0
1412 1721 0
0
0
0
0
0
0
1426 0
1040 0
0
1550 0
0
1953 0
0
523 0
440 0
0
0
0
0
0
0
12 0
0
0
1585 0
2008 0
139 1440 0
843 0
0
0
144 0
0
0
0
3 0
0
0
0
0
0
0
0
1248 0
1589 0
1691 0
0
0
0
485 0
148 0
0
100 0
0
0
0
0
0
0
1309 0
429 0
0
2136 0
1479 0
0
0
1061 0
0
1160 0
0
0
0
0
1527 0
0
733 1063 2097 0
0
882 0
0
0
1524 0
1421 0
0
0
0
0
0
0
0
0
0
1563 0
0
0
0
0
0
0
0
0
0
0
1759 1910 0
0
1690 0
0
0
0
0
702 0
0
1112 1277 0
785 1154 0
1745 0
0
0
0
0
237 1937 0
0
0
1074 0
0
1092 0
0
275 0
0
0
70 1226 0
0
0
0
2127 0
2126 2178 0
587 0
0
0
733 1072 0
766 0
295 0
0
0
0
0
1466 0
1634 0
124 0
485 0
0
0
0
0
0
2207 0
212 0
2007 0
0
0
1310 0
487 0
0
1604 0
0
0
0
0
1817 0
0
1739 2070 0
0
0
1058 0
0
918 0
0
1148 0
0
897 0
0
0
1263 0
2091 0
1102 0
563 1140 0
1360 0
0
0
1393 0
694 1511 0
1821 0
685 0
0
0
1161 0
120 0
1498 0
0
0
0
1610 0
0
0
0
0
0
0
0
0
0
0
2282 0
0
0
0
0
0
0
0
2030 0
0
0
2295 0
0
0
1106 0
1083 0
0
0
0
1375 0
444 2246 0
559 0
174 0
461 0
0
1153 0
2104 0
0
0
0
1627 0
0
0
0
2064 0
0
0
818 0
0
0
1715 0
0
930 0
0
14 0
0
0
0
672 2050 0
0
0
0
0
2189 0
0
1516 0
1465 0
0
0
122 0
95 0
0
0
0
1603 0
634 0
0
0
0
0
1537 0
302 0
0
2182 0
641 0
0
0
1993 0
0
0
257 0
0
2325 0
0
1557 0
1601 0
0
2202 0
0
0
0
2331 0
382 1846 0
0
0
436 0
0
0
866 1312 0
657 0
0
843 0
460 0
1087 0
0
336 1728 0
1825 0
73 1918 0
0
423 0
0
449 0
0
0
0
0
0
865 0
235 1316 0
246 0
0
0
1406 0
0
994 0
0
1776 0
0
848 0
0
1163 0
572 0
0
0
0
1057 0
1577 0
0
1768 0
940 0
207 0
0
0
0
0
0
0
143 0
0
0
139 0
0
0
1120 0
315 0
997 2317 0
0
1937 0
2039 0
1903 0
547 0
0
1186 1424 2053 0
157 0
0
0
14 2377 0
422 0
392 0
0
0
2289 0
2224 0
0
49 0
0
0
2218 0
0
0
0
0
343 0
0
0
937 0
0
0
0
2040 0
50 0
0
690 0
1750 0
0
388 0
0
0
0
681 0
0
1844 0
112 0
1676 0
0
0
0
0
0
1490 0
1109 0
1108 0
0
17 0
0
0
0
0
1497 0
2095 0
1634 0
0
581 0
0
0
0
0
2433 0
0
818 0
0
0
0
0
0
1149 0
923 0
0
0
0
0
1369 0
0
0
1179 0
0
1298 1549 0
0
0
2155 0
0
0
0
628 1412 2296 0
1884 0
0
0
920 0
993 0
0
0
2489 0
0
2272 0
2067 0
1163 0
1002 0
1531 0
0
0
0
0
0
2012 0
1664 0
0
0
0
0
1162 0
745 1148 1940 0
0
0
836 0
0
37 0
0
0
1344 0
0
0
1258 0
248 0
0
2503 0
0
0
0
195 0
1679 0
478 0
458 0
2487 0
0
0
765 0
0
0
0
1097 0
666 0
309 1638 0
0
2480 0
310 0
0
146 0
2554 0
0
0
1306 1914 0
7 1210 0
686 0
0
0
433 0
852 983 0
1873 0
0
2388 0
0
0
378 0
0
0
0
184 0
0
0
0
0
2319 0
1552 0
0
0
1036 0
2005 0
0
2482 0
319 0
34 0
0
0
0
0
760 0
2467 0
1801 2406 0
0
0
0
0
0
162 0
0
749 1947 0
1007 0
822 0
0
0
0
2260 0
0
0
0
0
0
1194 0
2469 0
0
0
0
0
1912 2052 0
0
1426 0
0
0
1131 0
0
0
873 0
0
0
0
481 0
0
0
173 0
269 0
0
0
0
0
2131 0
0
2519 0
830 0
0
303 0
253 0
45 0
36 0
0
2069 2476 0
0
1580 0
0
695 0
0
2331 0
1734 0
0
352 0
1387 0
0
0
0
422 0
0
2554 0
2257 0
711 1635 0
2408 0
0
442 0
2100 0
0
0
2526 0
0
0
1733 0
189 0
0
333 0
0
0
0
0
2498 0
241 0
567 0
66 1759 0
0
1193 0
0
0
0
1462 0
34 0
0
0
0
0
0
2311 0
736 0
21 0
694 0
0
1285 0
0
0
2155 0
1248 0
0
0
0
0
0
0
936 0
0
0
0
522 973 0
1300 0
0
0
1433 0
998 0
654 0
0
2089 0
641 0
0
191 2075 0
0
0
0
0
0
0
0
0
0
0
0
0
0
0
1644 0
0
1416 0
342 450 0
1172 0
0
0
1253 0
927 0
598 0
0
2680 0
0
1400 0
0
0
2280 0
1300 2115 0
0
1434 0
0
1169 0
0
2071 0
1939 0
0
1670 2717 0
0
1264 0
0
0
1454 0
0
772 939 0
337 0
0
0
2711 0
0
838 0
1735 0
54 1611 2322 0
167 0
518 0
2523 0
0
1545 0
2625 0
12 355 1199 0
0
0
0
1114 0
322 2105 0
81 0
925 0
0
0
1324 0
893 0
302 0
1459 0
0
0
0
0
906 1141 0
1559 1807 0
1338 0
1034 0
0
2079 0
1249 0
0
1585 2856 0
0
0
0
723 0
0
0
0
0
694 0
0
712 0
0
0
437 0
0
0
0
2470 0
0
661 0
1902 0
1533 0
165 0
1201 1364 0
1248 0
0
1398 0
2125 2426 0
0
0
0
0
0
0
0
0
217 0
1609 0
0
530 0
0
1122 0
137 0
0
0
0
0
1611 0
0
913 0
917 0
1772 0
507 0
0
1936 0
1137 0
0
1325 0
0
1992 0
2292 0
568 0
0
0
1566 0
0
0
0
0
1605 0
1278 0
0
241 0
0
75 0
0
662 0
0
1809 0
2437 0
2128 0
704 0
1608 0
962 0
0
624 0
0
489 0
611 0
0
1958 0
1621 0
415 1061 2446 0
468 0
0
629 2149 0
0
2324 0
1237 0
2829 0
2109 0
737 0
0
0
2829 0
0
0
0
0
0
0
1952 2684 0
2466 0
893 0
0
1121 0
856 2569 0
1143 0
0
471 0
1468 0
900 1268 0
782 0
2597 0
1526 0
0
2491 0
1639 0
303 0
0
0
991 1627 0
0
2435 0
36 0
0
2933 0
2994 0
2876 0
1519 0
1262 0
0
0
0
2747 0
387 0
0
2142 0
1013 1624 0
1450 0
0
906 0
0
0
0
316 0
606 0
1250 0
2985 0
0
0
1418 0
0
0
2168 0
945 0
0
669 0
0
2125 0
0
1305 0
0
0
1560 2836 0
2425 0
2632 0
2033 0
2793 0
1284 2163 0
400 0
1778 0
0
1705 0
2603 2886 0
901 0
273 0
333 0
2140 0
950 0
1564 0
127 0
2417 0
117 0
0
1911 0
0
0
0
0
0
902 0
0
818 2786 0
0
280 0
2128 0
0
0
0
230 0
0
2534 0
2318 0
1399 0
0
2674 0
213 0
1464 0
755 0
0
0
0
0
2460 0
2499 0
0
0
2840 0
210 0
595 2230 0
2465 0
1229 2095 0
0
0
1303 0
0
0
0
0
831 0
2212 0
0
2117 0
0
0
0
0
343 1768 3028 0
2103 0
0
3051 0
0
0
1324 0
1656 0
0
0
0
0
0
529 909 1866 0
1319 0
2059 0
0
2504 0
443 1483 0
2862 0
402 0
1565 0
0
0
0
0
366 1375 0
0
0
1021 0
2399 0
1559 0
0
0
1457 0
1108 0
0
2379 0
834 1834 0
0
0
0
0
2803 0
1934 0
1087 0
0
0
2279 0
995 0
0
0
759 2852 0
0
0
3077 0
0
0
0
117 0
1639 0
1345 0
0
0
239 2078 0
0
0
0
2943 0
0
3051 0
0
0
0
0
0
1569 0
0
1744 1882 0
0
2508 0
1128 0
74 0
0
3107 0
2857 0
1710 0
1367 0
600 0
1515 0
317 803 1965 0
1011 1237 0
466 0
0
2089 0
2406 0
1129 0
0
2958 0
550 0
1084 0
379 0
0
0
2395 0
2364 0
0
1036 0
0
0
1286 0
0
1586 0
2611 0
198 0
605 0
0
1091 0
863 0
0
537 0
1609 0
551 1434 0
0
1670 0
0
1815 0
0
0
1877 0
1352 0
0
2079 0
2051 0
1056 0
0
351 0
1951 0
1888 0
164 0
0
1224 2037 2619 0
0
2975 0
0
2316 0
0
2232 0
0
3199 0
830 3222 0
95 0
1935 0
1098 2160 0
0
1725 0
1170 0
0
164 0
0
2223 0
1112 0
0
58 0
619 2980 0
2545 0
0
1737 2634 3017 0
0
2921 0
0
0
0
2516 0
457 0
2332 3203 0
1751 0
524 0
0
2433 0
0
0
2693 0
0
0
0
2365 0
0
0
333 0
0
0
0
3156 0
1778 0
1662 0
2035 0
846 0
1035 0
1375 1790 0
0
2354 0
1469 3279 0
1146 0
0
0
0
2386 0
0
2041 2304 0
2093 0
2056 0
97 1667 2191 0
0
0
1346 0
791 0
0
2807 0
0
1721 1900 0
1646 0
0
6 0
1203 0
792 0
3324 0
0
0
0
0
2814 0
0
103 2540 0
411 0
0
126 0
0
0
0
320 2342 2399 0
1854 0
3285 0
1734 0
0
540 1862 0
279 2355 0
1364 0
743 0
179 808 0
600 0
564 0
809 0
666 0
0
1351 0
0
1018 0
0
542 0
0
0
0
2895 0
2581 0
1345 0
0
0
0
0
2133 0
0
0
2107 0
2668 0
0
2159 0
2147 2179 0
0
484 0
0
451 0
0
1238 0
0
872 0
0
0
0
1694 0
2653 0
0
0
1450 2115 0
1757 0
1311 0
0
747 0
408 0
0
0
0
1598 0
436 0
0
0
0
1466 0
1191 0
3401 0
1271 0
950 1048 0
0
1322 0
175 0
1819 1956 0
0
842 0
0
0
1572 0
2932 0
1311 0
1254 0
0
2776 0
0
0
1311 0
1125 0
833 0
272 0
1946 0
0
2407 0
0
0
463 0
0
0
47 0
2764 0
3259 0
2508 0
0
0
3110 0
1523 0
0
0
2931 0
0
1204 0
76 687 0
3180 0
1782 0
0
873 2933 0
2492 2661 0
935 0
3097 0
0
286 0
2965 0
0
74 1073 2961 0
794 0
919 0
955 1074 0
0
678 1417 0
433 0
0
0
3369 0
0
0
3464 0
2430 0
0
0
0
0
3152 0
3101 0
839 0
498 0
2596 0
1449 0
0
3129 0
459 3124 0
0
1403 0
0
47 0
0
341 0
0
1832 0
0
0
1065 2006 0
1899 0
0
750 0
0
0
1254 0
0
1853 0
1990 0
1481 0
0
0
1096 0
779 1450 0
0
2025 2384 0
2022 0
0
814 0
0
0
2663 0
0
0
0
1506 3039 0
2654 0
2531 3357 0
0
0
0
3241 0
1336 0
0
959 0
3368 0
291 0
2771 0
2301 0
0
1982 0
0
3035 0
2207 0
1045 0
0
0
1621 0
0
453 998 0
0
0
0
718 1250 0
0
188 3228 0
755 0
1081 0
0
2809 0
0
1675 0
0
123 1761 0
1084 0
0
0
0
151 0
0
0
2362 0
1894 2913 0
1597 0
1530 0
0
2059 0
984 0
0
0
2940 0
1224 0
0
0
1951 2980 0
1888 0
1078 1384 0
615 0
0
146 0
2997 0
1154 2104 0
24 0
0
794 873 2926 0
1006 2355 0
0
0
2275 0
360 1985 2866 0
2305 0
0
0
2016 0
233 0
940 0
2576 0
628 0
3009 0
1287 0
806 2526 0
0
0
0
0
1803 0
1723 3135 0
233 0
1474 0
0
0
0
1863 0
0
0
0
2344 0
0
2718 0
1104 2648 0
0
0
0
0
2038 0
2594 0
0
1018 3296 0
0
804 0
0
3240 3540 0
0
0
0
0
3648 0
1 0
0
1691 0
0
363 1743 1883 1918 0
0
18 0
869 0
587 2561 0
269 0
1033 0
1656 0
2977 0
2865 0
1998 0
2738 0
674 0
2988 0
1782 0
0
0
3425 0
0
0
170 0
1532 0
0
0
1392 3047 0
1103 0
0
355 1615 0
2848 0
1857 3691 0
0
3458 0
1574 0
0
1549 0
0
2831 2974 3045 0
1322 0
675 0
2616 0
356 0
1818 0
0
3236 0
1392 1777 0
0
3330 0
2786 0
2079 0
0
1450 0
0
941 0
0
2418 2503 0
1029 0
2022 0
383 0
0
0
0
2933 3606 0
0
3359 0
2320 0
0
2526 0
0
25 0
0
1194 0
0
51 0
3507 0
0
2076 0
1995 0
304 0
204 0
0
2964 0
0
0
0
0
0
1720 0
0
0
0
2846 0
1443 0
0
3559 0
1584 0
3476 0
1464 0
3606 0
0
3573 0
2845 0
0
1019 0
0
2911 3264 0
0
3479 0
1887 0
0
2058 3227 0
659 0
308 3259 0
0
0
0
1991 0
2910 0
2352 0
0
0
2810 0
0
352 3788 0
627 0
1000 0
0
1779 0
1112 0
3561 0
0
2250 0
1278 0
0
764 2309 0
0
1760 0
0
0
0
0
0
1100 0
2126 2531 0
0
2348 2410 0
0
1320 0
1290 0
0
2872 0
1060 0
1274 0
171 3342 0
0
249 0
35 0
646 0
561 2431 0
3789 0
3098 0
0
0
0
667 0
28 0
0
2886 0
0
2769 0
516 0
3198 0
0
0
0
1295 0
2299 0
0
0
0
2686 0
1667 2704 0
2415 0
731 0
1898 0
1263 0
266 1282 0
2365 2425 0
388 0
473 0
0
0
123 0
1731 3108 0
0
932 0
814 0
0
541 0
2262 3858 0
3571 0
1023 0
0
0
901 2247 2439 0
0
0
0
0
376 0
704 3120 0
2617 0
1288 2662 0
0
739 2193 0
860 0
670 0
0
0
1263 0
821 0
404 0
0
0
0
2411 0
0
0
0
0
269 0
964 0
627 1962 0
395 0
0
0
3440 0
0
38 0
0
0
0
0
2494 0
0
3818 0
0
0
975 0
656 0
1951 2147 3682 0
2827 0
2609 0
1462 0
1542 0
2758 0
56 0
347 0
0
2475 2753 0
0
527 0
1523 0
177 0
0
0
0
3719 0
3597 0
545 1786 0
3874 0
0
0
2671 0
322 2929 0
1102 0
0
378 0
2156 0
2041 3635 0
0
299 389 0
0
450 0
655 1389 0
3931 0
885 2117 0
1801 0
0
2609 0
0
0
0
1008 1261 2837 0
2151 0
1689 0
0
1780 3683 0
948 1139 2029 0
0
0
1814 0
2058 0
0
2563 0
0
2043 2244 0
1152 0
3637 0
2813 3148 3366 0
3130 0
2391 0
2736 0
90 3721 0
166 701 3863 0
1904 3515 0
878 1499 0
2343 0
0
244 3862 0
2853 0
0
0
2827 0
1496 0
1207 0
0
139 0
0
1838 2732 0
1552 2140 0
710 3319 0
0
1460 0
0
83 0
2475 2869 0
353 0
3427 0
1394 0
0
3604 0
1303 0
2286 0
0
0
0
0
0
0
0
2311 0
668 0
0
3320 0
9 0
0
3549 0
726 1902 0
2455 0
0
3722 0
0
0
0
3675 0
0
0
4 0
3994 0
3797 0
457 0
3595 0
2472 0
408 0
1221 0
3111 3886 0
2771 0
0
1399 0
0
1939 0
2835 0
0
0
0
0
0
0
0
585 1729 3460 0
0
3932 0
3114 0
659 0
0
0
100 0
0
1058 1904 0
3836 0
0
0
3051 0
28 1275 2090 0
1131 3392 0
0
3801 0
1004 0
789 0
3778 0
384 2971 0
2107 0
0
0
0
0
0
1919 2133 0
996 0
3113 3945 0
1763 0
172 3194 0
2720 3925 0
2793 0
947 0
4009 0
1469 2473 0
1583 0
2330 0
0
2476 0
1431 3097 0
847 0
2309 0
1691 0
2597 0
0
1673 3618 0
0
3893 0
2978 0
3011 3192 0
1301 0
94 0
2287 0
3537 0
0
2468 2700 0
0
0
2483 3062 0
1056 0
307 3075 0
0
4096 0
3953 0
2846 0
3774 0
1357 0
2569 0
326 0
2643 0
1809 0
2543 3893 0
0
3926 0
201 2265 0
1940 2931 0
2892 0
3160 0
3780 0
1641 0
0
3870 0
287 4016 0
2831 0
759 0
0
2085 0
2248 0
1854 0
1103 0
2104 0
1565 0
2517 0
3781 0
831 0
3688 0
1660 0
2158 0
503 1710 0
0
2122 0
0
1880 0
960 2362 0
0
2460 0
2633 0
1008 0
2534 0
277 0
0
2630 0
0
112 1840 0
0
281 2172 0
1589 0
1339 0
3377 0
171 0
1870 0
4168 0
875 0
3121 0
2658 0
1226 0
1711 0
0
1399 0
1765 0
1450 0
0
0
3739 0
0
0
0
3171 0
238 2026 3560 3717 0
0
0
3883 0
19 0
2463 0
1449 2418 0
1127 3640 0
0
1124 3302 0
0
0
0
706 0
3466 0
2306 0
0
1268 0
0
2858 0
3765 0
1023 0
2417 0
2028 2678 0
0
0
2768 0
694 3215 0
0
673 0
0
2609 3312 0
438 3825 0
540 806 4179 0
0
2897 0
198 0
1035 0
0
1587 2665 3662 0
3618 0
0
0
0
1725 0
24 0
348 0
0
3090 0
0
932 0
2346 0
614 1699 3439 0
0
4160 0
3576 0
1873 0
0
0
4124 0
999 0
0
0
0
2293 3996 0
3912 0
0
0
0
0
3459 3718 0
504 2177 0
3345 0
2810 3047 0
278 1284 0
569 0
0
0
2653 0
1021 0
0
3755 0
0
0
1170 0
50 555 2959 0
0
0
0
1209 0
2779 0
1666 3779 0
3016 0
0
0
0
1245 0
106 0
2148 0
1184 0
1871 0
498 513 1499 3335 0
2086 2640 2811 0
1065 0
0
2461 2703 0
654 0
1437 0
1088 0
0
3455 0
0
2307 0
2213 0
358 0
0
282 0
0
0
1109 0
0
2742 0
302 554 3859 0
0
211 872 0
1841 0
1504 1709 2234 0
406 2194 3215 0
756 2792 0
4015 0
0
0
0
606 2921 0
1724 0
1935 0
1291 3359 0
2165 0
825 4187 0
1050 0
3045 4080 0
0
4308 0
1151 0
4066 0
0
3202 0
0
1739 3563 0
0
0
0
2119 0
2179 0
747 0
3408 0
0
0
1079 2903 0
0
2963 0
1070 2494 4243 0
6 2645 0
0
3218 0
3164 0
852 0
0
0
425 4135 0
3917 0
105 0
0
0
2249 0
0
0
869 3578 0
864 0
624 990 1869 0
1368 0
1785 3964 0
0
883 1757 0
3238 0
1693 0
0
2042 0
2622 0
1566 0
549 1146 3444 0
0
1105 0
1452 1466 0
0
192 2447 0
612 0
3894 0
410 0
0
2734 0
0
3680 0
2143 0
312 0
0
882 0
0
1893 3954 0
0
248 2935 0
0
0
1797 2318 0
539 0
0
0
0
0
87 0
3508 0
890 3616 0
0
0
0
2638 3303 0
1878 0
1283 0
0
2682 0
1852 2218 0
379 0
0
3525 0
2724 0
849 0
0
0
0
0
0
1047 2390 0
548 3845 0
2816 0
0
2740 0
2449 0
1648 0
0
1253 4339 0
0
3932 0
0
3427 0
4122 0
230 0
216 0
426 0
0
1097 0
138 3781 0
923 0
0
2995 4316 0
3774 0
2822 0
0
0
3750 0
780 0
1975 0
86 3505 4282 0
0
0
1038 0
862 0
0
0
0
2780 0
0
0
419 2405 0
1032 0
0
0
0
655 0
0
4302 0
624 2007 4275 0
2965 0
0
0
4044 0
2107 0
0
2570 0
0
0
1796 1951 0
0
0
0
2371 3669 0
266 1205 2168 4336 0
0
1141 0
30 240 0
1988 0
4130 0
2578 0
717 0
3142 0
1241 1505 0
3992 0
3479 0
3989 0
2656 0
3222 0
2920 3851 0
2176 3168 4058 0
3171 0
2697 3220 0
0
1106 4356 0
1178 0
0
0
0
459 0
0
1446 0
1155 0
1093 3531 0
969 0
3678 0
0
1338 0
3608 0
2586 0
2344 0
1523 0
0
3705 0
3223 0
2378 0
719 0
1199 0
347 3798 0
3442 0
2410 0
0
4297 0
1754 0
2062 0
1786 0
763 3778 0
4276 0
1776 0
0
0
112 3529 0
0
1361 0
701 0
3291 0
2460 0
0
280 4148 0
0
0
0
234 0
0
2858 0
0
2968 0
2705 4575 0
3361 0
2765 0
0
1240 0
1895 3178 0
0
2116 0
387 0
0
0
0
114 3075 3187 0
1056 0
1004 0
0
0
0
0
2469 0
0
4252 0
3078 3207 3247 0
584 0
4570 0
3803 0
3190 0
4203 0
2727 0
0
4348 0
1494 0
3468 0
0
2182 0
0
4241 0
3826 0
3262 4244 0
1746 0
365 4118 0
0
3622 0
3209 0
0
0
3354 0
4565 0
3384 0
727 1458 3843 0
2452 0
1531 0
0
0
846 3823 0
2444 0
3903 0
2618 0
1616 0
3998 0
635 1095 3973 0
708 0
597 0
542 0
3980 0
1020 0
2551 4350 0
719 0
340 2792 0
3204 0
2170 2563 0
2507 0
0
246 0
3372 0
2823 0
238 4233 0
2995 0
1474 0
0
147 0
2513 0
2431 0
782 3925 0
4042 0
0
88 0
0
634 0
0
1608 4243 0
3671 0
2354 0
3431 4526 0
3291 0
647 0
0
0
753 2701 0
3498 4477 0
4547 0
0
0
0
195 0
1274 0
162 1346 0
742 3566 0
124 0
924 0
3801 0
2262 0
0
245 784 0
3110 0
1003 0
0
0
1559 2986 0
1620 0
23 2043 0
501 0
0
4162 0
2113 0
369 0
1718 0
0
2002 0
2933 4625 0
1063 0
0
1875 0
1848 0
3089 3942 0
73 0
9 0
2512 0
1621 0
3879 0
1872 0
1343 0
1111 0
3569 0
0
3556 0
1879 4370 0
3415 0
0
2018 3248 3375 4127 0
0
0
0
0
0
2634 0
291 2456 0
1481 0
0
0
0
2167 0
1267 0
2665 0
1956 0
0
414 2160 0
3360 0
522 0
4610 0
0
1173 0
3126 0
1451 0
0
3338 0
256 746 832 1088 0
4313 0
358 1406 3787 0
3712 0
2231 0
3955 4651 0
728 3736 0
2901 0
2681 3613 0
1535 3521 0
3864 0
0
4257 0
436 3713 0
1964 0
0
4608 0
4563 0
845 0
3528 0
3913 0
0
1557 0
0
1295 4121 0
0
1541 2208 0
1405 3079 0
1026 0
443 0
2559 0
0
2134 0
0
0
2747 0
864 4752 0
0
3903 0
4074 4699 0
3463 0
295 0
3285 3496 4792 0
3648 0
1447 0
0
2618 2645 0
0
0
2231 0
0
1610 0
3 1041 3793 0
4730 0
1356 2990 3797 0
1964 0
2623 0
2399 0
4516 0
1261 0
749 0
0
4686 0
2661 0
4066 0
2467 0
952 0
0
3522 0
4807 0
3250 0
697 0
2680 0
953 4311 0
1931 0
0
3470 0
1006 4686 0
1803 0
58 4607 0
900 0
2763 0
1385 0
1123 0
2830 0
2246 0
0
4313 0
1975 0
713 2639 3331 0
4767 0
4026 0
0
0
2635 3869 0
3886 0
1753 3731 0
1785 0
4363 0
0
0
3485 4742 0
4487 0
0
3407 0
1535 3793 0
1712 0
494 4370 0
4169 4563 0
0
0
401 928 4803 0
4663 0
1859 2326 3623 4566 0
0
3320 4098 0
3616 0
3450 0
1307 0
2490 0
1293 0
4832 0
0
0
1566 0
0
4767 0
3985 0
2716 0
2723 0
0
2384 0
878 0
348 0
0
3670 0
1946 1974 4441 4597 0
3808 0
0
2500 0
1611 0
0
4527 0
102 0
1271 0
0
3906 0
2177 2250 0
0
1332 0
0
1229 0
737 1820 4837 0
1605 0
690 0
4719 0
1276 4101 0
3803 0
3140 0
612 0
384 3113 0
2687 0
4743 0
3322 0
1490 0
0
235 0
4398 0
0
3259 0
0
0
0
2372 0
3607 0
3399 0
2781 3142 0
4781 0
2965 0
2344 3343 0
2287 0
1 0
0
0
2176 0
4051 0
2930 0
2785 0
1869 2611 2928 0
0
2255 3423 0
3201 0
1630 2068 2588 0
32 769 0
0
1020 0
128 0
2784 0
0
0
0
350 4886 0
2159 0
0
4368 0
2561 0
0
3588 0
0
4279 0
1914 4940 0
3802 0
2177 0
3322 0
0
2161 0
1746 0
0
1387 0
0
1487 0
1128 0
0
4783 0
1379 1396 0
4813 0
1817 0
366 501 0
2517 0
550 0
4460 0
4937 0
2527 0
2429 0
1809 0
2343 0
3515 0
0
0
0
286 3985 0
1068 3880 0
1649 4020 4365 4897 0
1424 2235 0
4739 0
3960 4291 0
4073 4895 0
4302 0
4579 0
0
0
4052 0
0
413 1543 0
2439 3986 0
301 0
0
1768 4733 0
545 0
1856 3223 4821 0
0
4346 0
0
4103 0
475 1240 2839 0
2015 4805 0
1359 4925 0
2480 0
1209 3027 4478 0
0
4285 0
96 0
3509 0
4180 0
3191 0
0
666 0
0
4930 0
369 2293 4272 0
4443 0
2085 0
1908 0
0
0
1018 2530 3869 0
2303 0
522 0
3773 4039 0
3297 0
2153 0
0
3064 0
2233 2272 0
1721 0
2479 4160 0
4009 0
3282 0
1314 0
0
2193 0
2171 0
495 2000 0
0
0
0
3828 0
3318 0
3019 0
1221 0
0
128 0
4733 0
1057 0
452 0
0
2956 0
511 4274 0
4545 0
3664 5019 0
0
0
0
1977 0
0
4627 0
3668 0
1774 0
4396 0
2404 0
2359 0
4281 0
0
0
4803 0
4539 0
800 0
4725 0
4678 0
4411 0
1382 4697 0
636 0
336 0
1152 0
0
0
1072 0
376 2302 3056 0
3592 0
0
0
2724 0
546 4551 0
2955 0
0
3581 0
700 3842 4674 0
11 323 2975 0
5006 0
4242 0
1775 0
0
2259 3098 0
0
1404 0
4146 0
1131 2008 2234 0
0
0
0
2748 0
9 809 0
0
0
1118 0
5064 0
0
264 0
2369 0
0
3651 0
115 1877 0
3739 0
3664 0
2793 0
3255 0
66 442 0
0
854 0
2707 0
3097 4067 0
996 0
1146 0
2813 0
2708 0
1456 0
4124 0
0
0
0
3391 0
1211 0
1315 0
0
3089 0
2006 0
0
1790 2387 0
1123 5073 0
0
2928 4095 0
1066 3446 0
1625 2348 3587 0
194 0
709 0
2170 0
759 0
590 0
4956 0
1574 0
3359 0
2252 0
4505 0
1175 0
2089 0
2866 0
2885 0
638 3536 0
1766 0
1512 0
4639 0
1066 4478 0
690 2211 0
1361 2911 0
1088 4652 0
3250 0
2347 0
2615 0
0
0
2544 0
3762 0
119 360 2085 0
2860 0
0
4931 0
2069 3180 0
2600 0
3661 0
2974 3817 0
3626 0
0
0
3494 4970 0
0
520 1491 1890 0
1646 0
3722 0
3474 0
1126 0
0
4600 0
1304 3704 0
0
0
0
2674 0
0
200 1066 0
0
66 106 4114 0
2310 0
4267 0
0
1813 0
4710 0
0
430 0
1042 0
1011 1195 0
415 0
4100 0
22 2742 0
2077 2433 0
4690 0
1003 4805 0
442 4490 0
0
0
0
0
1867 0
5110 0
4844 0
2751 4479 0
1733 0
0
0
3978 0
0
0
0
4855 0
0
0
902 4679 0
770 2186 0
1769 0
3395 0
4132 0
3525 0
2794 0
0
2552 4032 0
1305 3080 0
318 0
0
2470 0
1036 0
899 2184 0
1953 3055 3741 0
3288 0
2106 3225 3358 0
1420 0
338 675 5231 0
2472 0
3762 0
0
1107 4970 0
1027 0
0
492 4522 0
0
3217 0
3906 0
4843 0
3600 0
3026 0
1011 1515 0
300 0
1918 0
4008 0
0
2499 0
803 5127 0
3862 0
0
0
2285 4527 0
1944 1956 3411 0
3344 0
3778 0
2746 5029 0
2378 3750 0
1239 3726 0
1395 3458 3615 3693 3704 0
1958 0
0
2645 4953 0
3859 0
5134 0
356 3825 0
1394 2441 0
2641 0
3147 0
2851 0
1364 0
1272 0
1476 0
606 0
3571 0
2581 0
769 3485 0
3612 0
1501 0
1304 3980 4556 0
4309 0
3847 0
2785 0
2492 0
0
0
1732 2031 0
2015 0
5241 0
838 1352 0
0
4762 0
832 2423 0
2185 5203 0
2022 0
1326 0
0
1385 0
4543 0
1198 2817 4499 0
2963 3489 0
0
0
1312 2249 3619 0
1777 3211 0
2332 0
0
2384 0
0
0
0
793 1503 0
572 0
2138 0
2135 0
2194 0
1219 4114 0
500 0
2971 0
1827 0
19 731 1375 0
0
1036 5287 0
4261 0
1964 0
1833 3736 0
2208 0
1823 0
401 0
1559 2301 3277 0
1340 2380 0
1169 0
3969 0
0
0
1985 2204 3627 0
0
3309 0
0
2680 0
2576 0
240 2956 3495 0
2147 2270 0
3318 0
312 3080 4980 0
2879 0
597 5046 0
933 0
5043 0
1129 0
0
0
1197 3011 0
2100 0
505 2264 0
3108 0
717 1240 2945 0
379 0
0
0
3839 4196 0
2722 0
1708 0
96 3185 0
3938 0
1046 0
4777 0
2917 0
2981 0
555 0
402 4675 0
981 3584 0
3379 0
0
1380 0
2507 4087 0
1488 0
5174 0
2423 4257 0
3668 0
3549 0
1032 0
0
916 0
11 2076 0
0
2770 0
3405 0
2408 0
1829 5055 0
1042 1850 2364 4007 0
2313 4793 0
1770 0
4805 0
0
2638 0
2404 0
5427 0
0
4826 0
3785 0
1933 0
0
200 0
169 3446 4642 0
534 0
4384 0
2277 0
4385 0
3030 0
1473 0
2059 0
4206 0
1180 0
468 0
0
1441 0
0
1758 2208 0
960 0
2312 0
3929 0
1724 0
448 4077 0
2591 4469 0
3109 0
0
2243 5026 0
33 0
0
1209 0
3777 0
351 0
0
5211 0
874 941 0
4882 0
3578 0
4947 0
2507 0
5332 0
3826 0
1920 0
1906 0
304 1970 2930 4992 0
218 4961 0
2988 0
408 0
5220 0
273 0
0
0
4078 0
1334 4231 0
0
1086 0
1388 0
10 0
0
0
3055 3443 4316 0
374 0
3201 0
3144 0
5076 0
30 4616 0
2482 0
2495 5057 0
4667 0
2589 3397 0
135 718 0
1447 4633 0
5466 0
3824 0
808 2138 2502 0
3624 3689 4013 0
0
1443 0
5184 0
889 0
442 763 4682 0
0
3033 5273 0
2859 4177 0
4622 0
4057 4107 0
3600 5083 0
3747 4325 0
3704 0
350 3855 0
1686 0
2492 0
1168 3256 0
976 3686 0
0
212 0
3338 3847 0
3584 0
4213 0
0
0
0
5064 0
0
5533 0
0
4987 0
1403 2832 0
3793 0
1309 1334 0
1052 3065 0
4992 0
1646 0
2794 0
4240 0
3347 0
1496 0
1468 0
69 5425 0
0
1253 4267 0
0
1328 0
1806 0
722 1823 0
5282 0
0
4850 0
1076 0
1371 2254 0
570 1387 2759 0
927 3597 0
0
551 0
3984 0
3246 0
4730 0
4137 0
5491 0
4732 0
909 0
2006 2081 0
681 3143 0
2986 4481 0
1932 0
1750 0
0
1418 0
526 1000 0
0
4560 0
5474 0
4314 4911 0
2770 5363 0
79 1754 3549 0
1540 5041 0
1362 0
1036 4235 0
3051 0
554 3557 0
0
4875 0
3039 0
2993 5284 0
2317 0
1945 3179 0
952 0
0
4651 0
3867 0
4936 0
3581 0
1638 0
2244 0
0
3385 0
10 3011 0
0
3112 0
2510 0
3549 0
108 2859 3689 0
0
1742 0
3455 0
0
1721 5467 0
1501 0
0
4966 0
1226 0
1445 2643 0
3225 0
2952 4933 0
1785 0
0
2677 0
0
1010 0
649 1601 0
2780 0
2592 0
287 2374 3226 0
2353 5292 0
0
0
0
5410 0
510 0
2509 0
5076 0
0
4252 4749 0
1367 0
2474 0
0
648 2602 0
3739 0
857 2716 0
574 0
0
4468 0
1877 0
4729 0
782 0
0
2086 0
374 2888 0
4483 0
1670 0
86 0
464 0
82 1413 0
549 0
968 1849 0
4383 0
4341 0
1069 0
3367 4994 0
3152 0
0
5325 0
2951 0
309 0
5365 0
2466 4994 0
0
1691 2566 4265 0
2518 4445 0
1420 0
982 3320 0
540 5242 0
4546 0
1163 5484 0
0
0
2739 0
5278 0
910 0
112 0
2994 0
156 4607 0
2900 0
3351 3532 0
216 2113 0
794 0
2299 3917 0
0
0
2942 0
0
3250 0
907 0
139 4895 0
2494 0
1430 2727 0
1208 1456 3064 0
232 2320 0
3382 0
2888 0
1012 0
3798 4945 0
1511 2980 0
4263 0
854 1380 5493 0
594 0
3358 0
0
2162 0
5670 0
1341 0
1247 0
0
0
4957 0
0
4102 5207 0
0
3389 0
1057 3637 5320 0
1417 0
0
5606 0
2060 5726 0
4447 0
0
1394 0
0
2061 0
4560 0
3392 0
0
0
5269 0
3219 0
3569 0
5727 0
4688 0
1228 5030 5444 0
2639 0
1755 0
834 2198 5288 0
3529 4356 0
3338 0
0
5618 0
187 2253 0
1982 0
5190 0
2982 0
433 1881 0
1703 0
1490 5774 0
4170 5170 5236 0
992 0
3971 0
2566 0
5002 0
4986 0
3353 0
511 0
5297 0
2626 0
629 3943 0
3489 0
891 1237 0
686 0
511 0
4366 0
0
4252 4978 0
289 3683 0
949 0
4627 0
4253 0
4632 0
2416 0
0
2666 3447 0
110 3617 5186 0
23 5582 0
0
5296 0
0
1989 0
1674 0
873 4702 0
4657 0
279 4696 0
750 3471 3489 0
0
3347 0
533 677 1084 0
0
2977 3258 0
2713 4942 0
3373 0
4984 0
139 0
3905 0
3173 0
3432 0
3391 0
2425 4594 5688 0
1461 0
0
3541 0
2558 0
0
0
5204 0
5058 0
955 0
0
2640 0
20 3293 0
2591 3256 0
2748 5758 0
4991 0
2031 0
544 2449 0
2208 0
244 0
2938 4673 0
554 0
1709 2732 3905 0
0
476 2538 0
3937 4011 4110 4429 0
4338 0
2221 0
994 3080 3405 0
2843 0
3085 4078 0
2027 0
843 0
372 3820 0
1850 0
2846 0
4922 0
363 0
4988 0
3768 0
2099 0
0
2413 2849 2982 0
0
599 0
0
4557 0
1335 0
47 0
0
5660 0
1124 3007 3333 0
1500 0
4669 0
5143 0
387 3866 0
154 1702 0
4341 0
939 2178 0
1543 0
0
5506 5633 0
3842 0
0
0
0
0
631 1359 2173 4764 0
2571 3773 0
2338 3274 0
0
1519 0
344 2562 0
2275 4968 0
5289 0
1931 0
374 4635 0
2504 0
5478 0
3860 0
3790 0
2373 0
0
3491 5218 0
1093 0
692 0
2976 0
757 0
0
2069 0
5341 0
0
0
781 0
2523 2575 0
5025 0
4833 0
3921 0
3301 0
1389 2020 0
4557 0
0
4725 0
2434 0
1142 2797 0
872 4150 5871 0
2347 0
535 3718 0
619 3017 0
0
3923 5230 0
1990 0
2938 0
1354 2124 2424 3842 0
465 1076 4034 0
2192 3275 3570 5277 0
0
0
3475 0
0
4402 0
0
0
3104 0
260 0
1522 0
1430 0
519 2431 0
3004 4357 0
2555 3474 0
2840 4632 0
175 5678 0
3920 5244 0
3116 0
3398 0
0
4913 0
1635 4277 0
4693 0
1109 3549 0
623 3311 0
3196 0
1099 0
3089 0
1321 3787 0
2186 4688 0
2335 4872 0
3869 0
2555 0
980 0
237 242 5324 0
2754 0
5044 0
4859 0
3131 0
5143 0
982 0
954 0
0
2283 0
1749 2585 0
1147 0
0
3686 0
69 5924 0
4195 0
860 2759 0
2661 4693 0
915 0
0
3460 0
2889 0
4409 0
2583 2729 0
1829 0
4933 5312 0
2147 4166 0
3935 0
1116 2655 0
1176 0
265 0
2351 5445 0
708 0
3566 5947 0
5717 0
4771 0
1252 0
4423 4965 0
0
1650 5827 0
2891 5290 0
1315 4681 0
1861 0
247 0
1869 0
304 0
2485 0
1790 5948 0
2166 0
0
946 0
5427 0
5354 0
2051 0
70 3575 0
288 0
554 0
0
503 0
5582 0
3287 5146 0
431 2378 0
201 0
2377 0
0
1533 2031 0
454 0
0
4146 0
1265 2641 0
3191 0
2844 0
2418 3869 0
218 2774 0
4240 0
0
5547 0
1683 3374 0
0
0
0
5930 0
338 0
0
0
3051 0
2357 0
3899 0
5904 0
2916 0
2226 0
1434 6003 0
5600 0
3622 0
4966 5239 5364 0
4014 0
4453 0
0
0
2473 0
2793 3258 0
5053 5291 0
2006 0
576 0
0
2240 0
0
3736 0
0
4070 0
1028 5012 0
4819 0
3939 0
0
0
2280 2843 0
1999 0
1376 4305 0
1412 1988 3644 4184 0
0
3626 0
4619 0
0
4042 5683 0
4771 0
1168 3522 0
4138 0
1778 4254 4772 0
4073 0
3397 0
591 947 6031 0
2564 0
310 2649 0
2766 3228 0
220 0
3734 0
0
5449 0
4841 0
1651 0
5288 0
2447 0
2442 0
1894 4998 0
659 3403 0
55 0
4812 0
3681 0
411 3619 0
80 4793 0
971 5658 0
840 5154 0
3665 0
3200 4505 0
3890 0
1616 0
0
4841 0
801 0
3800 0
0
0
2394 4827 0
3746 0
432 0
6009 0
5507 0
629 2515 0
19 0
0
208 0
3704 0
1967 0
355 0
0
2031 4737 0
407 0
1421 0
644 0
6058 0
0
651 0
988 4385 0
2356 0
1855 6079 0
2551 0
2623 4932 5443 0
0
0
0
970 0
4565 5429 0
0
2940 5404 0
3143 0
5193 0
3390 0
5060 5716 0
4646 0
2126 0
1295 0
5764 0
1501 2278 3867 0
2204 0
1207 1227 0
1045 0
3415 6026 0
168 0
5889 0
857 2852 0
1332 4430 0
2655 0
978 5920 6141 0
5899 0
4229 0
1050 0
474 778 3365 4202 4914 0
2275 4521 0
5945 0
5780 0
3088 0
4468 0
3963 0
0
5997 0
410 0
297 0
5823 0
681 5426 0
4850 0
830 0
0
3100 0
1671 0
0
1218 1964 0
116 3370 0
201 836 3500 0
3205 0
0
6117 0
1723 2227 0
499 0
317 0
475 0
3296 4087 0
305 3032 0
3536 0
1160 2882 4159 0
0
5823 0
1646 5971 0
3524 3811 0
0
313 3872 0
607 2993 0
1305 5703 0
4178 6115 0
3277 5635 0
1953 2034 2478 0
0
749 1467 0
1322 0
162 0
0
5600 0
592 2250 5578 0
0
3963 0
206 0
4253 0
2570 0
309 3933 0
5947 0
5126 0
641 0
548 1447 5176 0
4847 0
4563 0
5288 0
3135 0
3450 4925 0
4339 6129 0
2870 0
1515 5252 0
3093 0
0
251 1527 0
1074 3809 0
85 481 3401 0
1811 0
0
4321 0
4165 4596 0
0
5012 5763 0
0
6048 0
3058 0
2965 3299 0
1976 5060 0
170 0
0
4979 0
3228 3862 0
0
1262 0
562 3032 3508 0
787 0
278 3045 3773 0
4878 0
6147 0
5432 0
3753 0
0
1932 3059 5835 0
1577 0
1512 0
291 0
1535 0
0
2038 0
2005 0
5943 0
3676 4691 0
0
5986 0
1609 0
6212 0
1621 0
904 5784 0
628 0
262 5155 0
3735 4212 0
49 1962 0
754 5307 0
1327 0
4671 4728 5420 0
4181 0
5025 0
4890 0
3712 0
1573 0
4788 0
1485 5956 0
0
3130 0
450 649 2494 0
923 0
0
122 0
1817 3238 3304 0
0
0
2534 0
616 0
245 1829 2747 0
0
3789 0
4248 0
1000 4439 0
6123 0
445 0
2593 3897 0
1147 0
2186 0
3523 0
3220 0
2678 0
1890 0
0
1384 4311 4723 0
0
0
5421 0
2953 0
1371 6085 0
4330 0
5510 0
1511 4262 0
3509 0
249 0
4149 0
815 3961 0
5669 0
1727 0
2689 0
394 4783 5182 5665 0
710 4714 0
3672 0
1379 4441 0
492 0
1833 4252 0
291 4438 6034 0
4852 0
1682 0
1441 3418 0
0
5635 0
4850 0
3528 3608 4956 0
2751 2932 0
367 589 2131 0
2244 0
1618 0
2177 0
1706 0
555 4902 0
2138 6186 0
6098 0
1743 5708 0
4209 0
27 4742 0
2428 3546 0
6043 0
4729 0
2282 0
5626 0
393 0
448 6066 0
1772 3001 4955 0
0
2668 0
0
0
0
3769 0
341 0
4871 0
2212 5459 0
2651 0
0
6158 0
0
1127 4429 0
3792 4238 0
3983 0
2498 0
2323 5298 0
2104 5422 5867 0
415 0
2407 0
1789 0
1167 3806 5595 0
3184 0
4994 5121 5483 0
1231 0
879 0
3247 0
5002 0
2231 0
499 0
0
1611 6124 0
0
1453 5258 0
1621 4807 0
1616 4999 0
2686 2881 0
2834 0
0
0
187 6439 0
4340 0
959 0
1540 3369 0
899 4399 0
5411 5755 0
1817 4079 5453 0
6082 0
2855 5613 6050 0
2237 4045 0
6227 0
4738 0
3510 4044 5654 0
919 2646 0
1576 3315 5866 0
329 0
1056 0
0
2907 0
1978 4128 4997 0
1360 0
947 6128 0
1288 0
643 5859 0
1747 0
4865 0
1933 0
837 0
2431 0
2325 5466 0
4814 0
1360 5659 0
1386 0
6075 0
3900 0
989 0
863 6046 0
1912 0
0
3420 0
0
500 6114 0
4711 0
4442 0
6469 0
2668 0
1723 6060 0
0
234 5142 0
465 988 2554 2648 0
603 3691 0
745 0
2778 0
2438 0
1973 0
950 4189 0
0
148 0
2301 0
6284 0
6284 0
2765 0
2035 0
2535 0
0
732 0
5912 6357 0
6158 0
3828 5754 0
3158 0
4352 6248 0
2348 5659 0
695 4329 0
91 0
2906 6252 0
4104 0
0
1100 5029 0
2337 3720 0
907 0
0
6105 6180 0
1306 0
5504 6449 0
5299 0
1074 0
232 0
1279 3503 0
0
3643 0
5375 0
1304 4604 5306 0
0
5789 0
2814 0
0
6460 0
6214 0
1931 5962 0
1586 0
5195 0
5354 0
4081 0
2716 0
1418 0
6212 0
1342 0
4172 0
0
2425 0
1998 0
5092 0
977 0
21 0
0
1490 2148 2378 0
0
2852 5666 0
4873 0
677 732 2441 0
1639 0
0
1594 0
2840 0
4514 6571 0
2936 0
0
1909 0
105 0
21 0
0
2814 0
0
2061 4370 0
0
1371 0
64 6212 0
3528 5553 0
1771 0
0
5216 0
332 6442 0
5468 0
3542 5827 0
2336 0
0
0
792 1387 1668 0
2840 0
3717 0
1153 0
287 4240 5717 0
3493 3968 5429 5783 0
3620 5976 0
3909 0
1852 6167 0
1837 4386 0
4292 6188 6598 0
4256 0
1189 0
666 3034 5497 0
2306 0
5152 0
1916 0
0
2663 0
3489 0
1492 0
1029 4202 0
4869 0
4315 0
3109 3224 0
2193 3338 0
3586 0
0
2967 0
1517 0
768 1729 6364 0
3515 0
999 3674 0
4394 0
2276 0
665 0
4960 6420 0
5023 0
3363 0
1315 4119 0
3612 0
2570 5748 0
3264 0
1374 1785 5350 0
1060 0
64 0
4170 0
2533 0
2840 5649 0
0
1582 1711 4536 0
3458 0
5094 0
1687 5377 0
1336 2599 0
5634 0
3567 0
3699 0
3192 0
3103 0
2898 6643 0
399 1441 0
2484 0
6165 0
2638 0
1603 0
812 1919 4595 0
3030 0
0
0
0
1752 4026 0
5910 6050 0
0
0
3728 0
299 0
1282 3567 0
2975 0
1081 3188 0
687 2442 0
1276 6234 0
5641 0
4479 0
3279 0
0
5544 0
882 3885 0
4371 0
6379 0
2398 0
1072 3121 6577 0
6366 0
4814 0
1332 1958 0
1936 5096 0
1093 0
148 4430 0
3682 0
871 0
2211 6089 0
5566 0
3012 0
2374 5684 0
1958 0
3676 0
5543 6010 0
4430 0
3438 0
335 3162 6311 0
6178 0
1704 0
5476 0
1377 3005 0
1952 0
547 0
0
0
768 4864 0
6177 0
1719 5198 5350 0
0
6132 0
1374 0
4773 6184 0
5976 0
1209 2008 0
4887 0
579 2527 5864 0
4146 0
492 0
6389 0
2516 3855 4937 0
3999 0
2769 4710 6356 0
4158 0
3185 0
4496 0
4103 0
414 5291 0
4969 0
4286 0
3198 0
2784 0
1859 0
1682 0
1570 2633 0
2470 0
260 3588 5277 5362 0
5093 0
1445 4799 0
3267 0
894 0
2659 4051 0
0
0
0
0
0
2737 0
375 583 2310 0
2275 0
972 1798 0
2163 5007 0
5811 0
1372 2254 0
1071 5652 6392 0
4882 5945 0
3975 6395 0
1467 0
592 2406 0
4071 0
1572 3747 5905 0
2679 0
585 1125 0
5070 0
1363 0
479 5158 0
804 4527 0
3709 4419 0
576 0
6067 0
876 5378 0
0
3319 4867 0
2818 0
40 4263 0
2442 2989 0
1061 6236 0
2776 0
0
3523 0
6031 6535 0
3583 0
3340 0
1286 3049 4728 0
3089 0
0
3018 0
0
2495 0
1247 4738 0
1612 3047 6569 0
3456 6327 0
2006 0
260 6070 0
2161 0
6551 0
1828 0
1306 4868 0
2348 4014 5374 0
2193 0
2630 0
1738 0
0
1737 0
3114 5668 6333 0
4100 6187 0
4600 0
2489 3458 4400 0
3928 0
905 5084 0
274 974 2592 0
1059 3987 0
2599 4709 0
88 761 2782 0
219 5292 0
5012 5821 5888 0
2580 0
550 0
6424 0
4963 0
4094 0
246 4208 0
2808 3032 3245 0
3663 0
89 3512 0
2492 6801 0
0
0
3956 0
1518 0
4109 6125 0
2401 0
0
1001 6126 0
1102 0
3593 0
1316 4464 4698 0
766 2125 2326 5380 6490 0
27 0
2080 2569 4719 0
1274 5826 0
6095 0
604 2348 0
0
401 5737 0
0
2448 3556 0
1154 0
5633 0
316 1279 3349 5241 0
1083 0
408 5295 5627 0
6087 0
4601 0
2201 5382 0
3673 3958 0
2449 0
2177 0
1825 0
4434 0
1337 6788 0
5510 0
3321 0
962 0
732 6297 0
987 1563 1669 0
623 3717 4423 0
1486 5774 0
1559 1778 2507 6805 0
2572 0
5592 5941 0
3461 3789 0
3271 3878 0
427 1610 0
6537 6621 0
6539 0
5149 6642 0
4883 0
824 2627 4231 0
743 0
3414 0
3058 0
4208 0
4029 4491 0
0
5803 0
4042 0
1609 3803 0
241 5800 0
3609 0
3591 0
0
6631 0
102 1745 1752 0
119 907 0
3160 6780 0
2018 0
4309 0
891 1676 3210 0
2447 0
1420 0
3835 0
442 0
4116 5193 0
2263 0
2197 0
46 0
40 0
4556 0
3016 0
0
231 4976 0
674 894 4703 0
4300 4441 0
4376 0
1881 2776 0
4476 5062 0
672 0
4791 0
5247 0
4685 5241 0
4690 5524 0
602 1565 4457 0
1051 6442 0
3078 6061 0
2871 0
163 0
1878 0
312 1068 3694 0
0
3993 0
2637 4296 6849 0
6015 0
3585 0
1191 0
286 1461 0
6176 0
548 0
3054 0
0
0
2881 0
68 4069 4439 0
3839 0
914 2347 2973 4676 0
664 4032 4889 0
18 64 3864 6415 0
0
2966 0
2143 0
801 0
0
4338 0
0
2058 0
1792 0
114 1485 0
3701 0
6035 0
4175 0
3762 0
2243 0
4090 0
1901 0
722 5284 0
1966 0
5405 0
3077 0
3637 0
6320 0
3223 4649 0
1656 4135 0
5950 0
3336 0
6194 0
3523 0
591 0
66 0
4745 5442 0
3956 4441 0
1456 2827 0
865 0
306 0
6876 0
2032 0
1529 6457 0
3112 6715 0
907 1234 2130 2480 6444 0
5863 0
3030 5862 0
561 6405 0
3262 0
2465 0
301 4836 0
3261 0
1635 0
6813 0
4225 4311 0
1639 4814 0
3433 0
2847 0
610 0
1443 2699 4885 0
4637 0
4517 0
2381 3293 4731 0
4056 4252 0
1827 6492 0
1843 6624 0
138 2778 4135 0
6467 0
4092 5820 0
5692 0
2635 3436 4252 0
3078 0
221 0
0
0
1469 1592 4026 5408 0
5816 0
0
3544 0
4340 0
1755 2891 6057 0
1009 0
917 2303 5047 0
195 6135 0
2440 0
2332 0
1116 4257 0
3677 0
3107 5724 0
5349 0
247 606 607 2238 3907 0
2055 0
1214 0
6641 0
5544 0
1861 0
325 3074 0
1820 0
194 0
2499 0
355 0
3844 0
4978 0
0
482 0
0
3369 5376 0
1754 5733 0
5006 0
1616 0
0
4628 0
3456 6127 0
1685 6463 0
2185 6789 0
347 1018 5647 0
2747 0
2685 6894 0
5063 0
909 1089 1299 6717 0
3687 6007 0
1554 0
0
5780 0
5502 0
1898 6746 0
5531 0
4715 0
2321 0
1266 0
271 5163 0
979 6493 6920 0
4675 6387 0
1716 0
148 3308 0
2124 0
1582 4639 6891 0
4641 0
4814 0
4264 4969 0
1160 0
1343 0
0
3923 7039 0
0
5753 0
5038 0
3641 0
550 3527 0
61 255 1732 0
5876 0
0
4606 0
27 6482 0
2860 0
6340 0
52 2173 0
5126 0
6547 0
413 2362 0
0
2058 0
418 2294 0
2863 0
6026 0
4863 0
4050 0
858 1626 0
762 0
6811 0
3096 0
2419 0
2255 3626 0
2960 5822 0
908 0
249 0
4771 0
1410 2428 0
1035 4730 5748 0
4475 0
940 0
0
3869 0
102 1674 4595 0
5687 0
1394 0
2591 6292 0
1428 0
1263 0
2956 0
4474 0
259 0
3756 0
2689 0
1301 0
1056 2787 0
2115 0
5564 0
3735 0
1929 0
1783 7025 0
3057 0
1819 5811 0
2930 5950 0
3854 4519 0
3639 0
5348 0
1636 4829 6790 0
3508 0
798 0
2408 5326 0
3331 6653 0
2032 0
832 2111 6140 0
4868 5132 5773 0
3151 0
5157 0
2201 3451 0
931 6571 0
3293 0
1408 0
4781 0
829 4418 6883 0
220 3802 0
1375 6196 0
6464 0
4538 0
494 1810 0
719 0
2049 6946 0
5765 0
1167 0
736 6041 6514 0
6300 0
4782 0
1316 2177 0
389 840 0
830 0
1537 0
223 0
2814 5260 5549 5611 0
2833 0
6655 0
3051 0
1863 6763 0
5646 0
5258 0
4081 6775 0
4179 0
4047 0
1923 6795 0
2637 5967 0
3953 0
1070 5094 0
3516 0
148 6449 0
827 5711 0
3034 6797 0
6436 0
2856 0
130 1840 6398 0
1778 0
1653 0
411 7050 0
3616 0
3401 4352 0
7193 0
6829 0
4686 0
6142 0
4593 0
1289 5028 0
1695 6051 0
976 0
393 0
336 0
3031 0
1010 6298 0
1070 1966 0
4066 0
0
0
6742 6931 0
4610 0
2739 0
568 3125 0
0
3555 0
2735 0
279 0
105 0
6271 0
5687 0
0
2253 0
0
5533 0
0
6706 6971 0
1449 6961 0
5233 0
1198 5095 5750 0
4661 0
2864 0
303 0
4014 0
46 3911 0
3447 4828 0
3899 0
1819 0
3581 4399 4710 0
510 6743 0
6584 0
484 1056 4747 0
2866 0
0
1641 2427 6363 0
1454 0
833 3663 5629 0
1527 0
883 3158 0
2575 0
215 6652 0
720 0
207 5082 0
545 2032 7028 0
1404 0
3617 0
693 0
6151 7211 0
2645 0
6053 6903 0
6160 0
2716 0
471 0
141 3905 0
546 4699 0
7028 0
5462 0
2247 0
1555 5336 5685 0
857 0
2469 0
1011 3189 0
3601 0
1579 5014 6083 0
2716 0
884 1093 2244 6809 0
5627 0
333 4789 0
5977 0
2612 2698 0
5444 0
2701 4674 6500 0
3410 6189 0
1844 2479 0
2197 2935 3330 0
1533 0
2284 0
858 5371 0
0
4422 0
3506 4178 6406 0
5052 6887 0
323 3411 0
1802 0
3284 0
1594 6451 0
1811 5760 0
3832 0
2856 6620 0
1165 2995 0
873 3166 0
407 0
2333 0
6764 0
257 2375 0
0
1095 0
3961 4874 6540 0
2241 0
380 5705 0
434 6829 0
7321 0
1466 3769 0
189 4478 6851 0
1812 4102 0
2576 3652 5296 0
1911 0
19 0
0
0
5530 0
2792 0
2071 0
1378 4522 7189 0
3029 0
1820 0
243 4644 0
6616 0
4661 0
3926 0
753 0
3801 0
5211 7152 0
3690 0
0
0
1083 0
1520 3722 0
3523 4556 0
2134 2915 0
4002 0
979 0
396 2524 0
2182 4535 6183 0
759 6143 0
2935 6640 0
7177 0
268 0
786 2261 0
7363 0
2994 0
910 0
204 4760 0
2787 0
2765 3994 4777 0
2626 0
4442 6671 0
4722 0
2349 2623 0
2437 0
1441 7353 0
6024 0
4891 0
2757 5020 0
3749 0
943 0
518 1084 4081 0
1514 4413 0
2664 4059 4090 5773 6494 0
0
3611 4664 0
2548 7357 0
6261 0
764 0
500 5458 0
5250 0
4264 0
2801 0
2925 0
428 4128 5084 5365 0
1658 0
283 5371 0
1206 0
1060 0
120 2784 3990 0
3562 5366 7305 0
5170 0
3525 5683 0
4852 0
0
2959 0
1962 5221 0
276 0
0
2556 0
3681 6423 0
754 0
5602 0
4002 6170 0
4219 6702 0
4427 6646 0
381 0
6267 0
2390 0
2017 0
4747 0
1527 6829 0
708 0
463 0
373 0
5622 0
5206 0
1506 4213 0
4516 0
794 0
1203 0
823 0
4272 0
1833 0
656 4564 0
5794 6169 6265 6835 0
6402 0
3975 5851 0
5338 0
6145 7251 0
6146 0
4152 0
2506 0
2820 0
6007 0
5998 0
4085 0
6966 0
6648 0
6236 0
4396 0
4281 5579 0
2626 0
518 2002 0
0
0
2765 2928 0
1336 1842 0
0
1332 1952 0
2300 3419 0
3124 3414 4568 0
0
4584 6175 0
4965 0
324 5455 0
0
4627 4819 4924 0
3485 0
6159 6666 0
0
6191 0
438 0
2068 0
6877 0
4237 0
1796 4497 0
1453 0
711 2975 6225 0
5845 0
117 3188 0
6074 0
4898 0
1049 4943 6647 0
841 0
1070 1144 0
3663 0
2862 0
2438 4655 0
1616 2402 6048 0
5359 0
4331 4985 0
3617 0
269 2905 5930 5939 0
2189 2515 3284 0
4643 0
1447 0
87 7338 0
5514 0
3207 0
487 2184 0
142 2546 0
505 0
3778 6554 0
5340 7221 0
6376 0
182 0
4189 0
1755 4913 0
3432 6573 0
4015 0
2483 6910 0
0
903 1298 0
565 2527 5078 0
2259 6914 0
1060 0
4144 0
1183 3757 6475 0
91 5590 0
2171 0
951 3185 6301 0
0
0
26 6302 0
3707 0
2764 0
6507 0
3776 0
3121 6471 0
2942 0
555 0
840 0
1124 0
3334 0
1458 0
0
6157 0
3758 6792 0
908 0
5961 0
5909 0
1690 6125 0
148 6307 0
250 4798 0
0
4800 5917 6196 0
2567 0
1952 7194 0
3661 0
4111 0
4611 0
3273 7452 0
6740 0
2396 0
583 3052 5660 0
2434 2846 6388 7399 0
6641 0
5913 6392 0
4744 6946 0
2336 6836 0
5290 0
0
2720 4194 6215 0
1819 4401 0
2814 3662 0
1502 3382 4728 0
2980 0
1513 0
2382 0
538 6078 0
3588 0
7119 0
4726 6953 0
6882 0
3688 0
3143 6507 0
3258 5622 0
228 1714 6360 0
5414 0
2360 3113 0
2412 0
5054 6462 0
5781 0
270 294 1792 7105 7121 0
1783 6304 0
4297 6073 0
1673 0
1006 0
977 3704 4337 0
1015 0
6234 0
5138 0
2451 4971 0
4970 0
2942 0
6685 0
6367 0
5887 0
3335 3976 0
6914 0
6450 0
2306 0
6508 0
7521 0
3327 4513 4787 5658 0
4906 0
2222 0
5000 7284 0
3298 6575 0
5486 0
4617 5378 0
1665 3597 7180 0
5014 0
3117 3881 0
2546 5103 0
4835 0
4069 0
6852 0
6588 0
2689 0
0
4983 0
155 0
7461 0
3195 7408 0
4933 0
3797 7415 0
3161 7555 0
6061 6378 0
2729 0
184 0
0
6831 7281 0
1260 0
197 0
4050 6007 6922 0
5179 5762 0
5412 0
4250 0
1628 0
246 2240 5581 6009 0
2928 0
2384 2968 7033 0
6250 0
6560 0
4518 0
3131 5807 7241 0
4538 7371 0
472 0
4434 0
565 0
1976 3001 4946 0
4176 0
3570 5401 0
4162 5628 0
11 3183 0
2259 0
731 0
6229 0
2508 0
0
2797 0
2702 0
2025 0
4005 0
2079 7031 0
3117 0
2559 3942 0
1551 0
265 0
4608 6565 0
5617 0
0
5984 0
4343 0
1899 0
2376 6149 0
0
7033 0
3484 4376 5648 0
4979 0
1319 1733 0
2189 0
648 3683 0
3462 0
2181 0
7172 0
4540 0
2454 6125 0
1269 0
5903 7260 0
846 2978 4767 7041 0
3343 0
3272 7671 0
1860 5025 0
306 4106 0
1574 3092 0
5662 0
5396 0
7387 0
130 3327 4271 4629 6530 0
3607 6808 0
2429 4208 4730 0
4505 6817 0
4073 0
0
6140 0
2541 3345 6327 0
2617 0
1498 1582 1621 5235 7690 0
4045 0
2157 4843 0
2919 4905 7592 0
5283 5988 0
2171 0
5641 0
3386 0
1417 4293 0
3676 0
421 5370 0
7663 0
5930 0
1735 5444 6731 0
2722 6102 0
7296 0
4101 0
795 0
2123 0
4745 0
1302 1740 0
1288 2498 0
2941 0
1343 3168 4947 0
2274 2901 0
2563 7255 0
4304 0
1460 5058 0
3992 0
2690 6589 0
323 0
6595 0
6166 0
294 3054 0
3915 4781 0
2303 6395 0
6006 0
4826 5121 6358 6929 7343 0
1297 4409 5706 0
1334 2295 7231 0
2264 0
1935 5055 0
188 0
3385 6791 0
1675 3526 0
939 0
0
709 0
984 0
1456 3592 6934 0
5683 6568 0
2533 0
4574 0
964 4736 0
3889 3912 6346 0
6390 0
0
0
1066 3175 0
1448 7558 0
2491 0
2158 4327 0
1596 6491 0
6088 0
2273 0
5980 0
4186 0
0
6357 0
5850 0
4430 6480 0
0
702 1804 0
539 980 6120 0
7384 0
5330 0
6718 0
4792 0
6892 7257 0
6162 0
6033 0
5495 6357 0
5586 0
3393 0
0
0
7615 0
4459 0
3402 6212 0
6890 0
3028 5035 0
2021 6714 0
3462 0
673 3957 0
3907 0
552 4476 0
5941 0
3879 0
2878 0
584 0
3436 0
603 3677 0
3396 6097 0
2274 0
339 6674 7002 0
0
4019 0
1536 0
758 6721 0
6449 7310 0
2751 0
2063 0
1416 5171 0
2123 5778 0
4117 4143 0
3040 0
864 7808 0
2334 5102 0
1564 2919 6775 0
3818 4889 0
7361 0
1190 6761 0
4525 0
5021 0
1371 0
5312 7581 0
7010 0
789 0
755 1855 0
6052 7439 0
7146 0
3882 5122 0
2537 4819 0
4186 0
64 0
0
0
3499 0
1067 5484 0
1540 1891 4797 0
186 4604 0
1616 3433 4715 0
3553 6000 0
3904 0
1198 2788 0
1659 3907 0
3473 0
1090 7672 0
4891 0
2388 6081 0
3072 0
4138 0
3642 0
5349 0
3312 7700 0
239 6933 0
6463 0
6127 0
1929 3673 0
1718 1931 2846 5291 0
6971 7380 0
3191 3892 0
5812 0
3361 4972 0
144 0
5263 0
4635 5107 0
3095 5030 0
3473 0
1452 2668 5422 0
1249 0
1762 0
779 5961 0
2551 0
345 4046 6336 7484 0
6999 7222 0
5519 7465 0
1713 3604 7376 0
6177 0
4099 7570 0
1619 0
2616 5384 7751 0
6249 0
4177 0
3069 0
3226 0
2174 7888 0
4816 0
2511 0
110 1956 4878 0
547 6585 7094 0
1056 0
746 5648 0
1428 1570 0
802 4990 6195 0
2054 0
472 4074 6014 0
4230 6046 0
3558 0
0
0
2311 5734 0
5261 7200 0
1217 1793 6054 0
2175 6285 0
403 4143 0
3668 0
1804 6745 0
3427 5197 0
4004 6332 0
3429 0
1296 0
0
1704 0
5180 0
671 0
3027 0
2637 5451 0
0
6139 0
3038 7496 0
2294 0
1519 0
1499 0
6525 0
6504 0
1684 3347 0
1302 7666 0
1397 7037 0
3796 4191 7670 0
4677 0
2533 3175 0
3581 7728 0
5941 0
3411 4909 0
3919 3993 0
4066 7373 0
5913 0
2695 0
796 2127 0
5374 0
1468 0
270 2667 0
2051 0
1054 7795 0
1795 3605 0
6776 0
2696 0
2000 4989 0
2210 7161 0
2145 0
719 5594 0
626 0
2139 3512 6573 0
3410 0
5999 0
3710 0
2547 6829 0
2220 0
2197 0
2917 3750 0
3058 0
1041 1126 0
7403 0
6992 0
2160 0
710 0
2843 0
2719 3272 0
6767 0
1053 0
538 4356 0
1280 4592 0
929 5472 6619 0
1183 0
1147 0
4588 0
3352 0
2182 0
3777 0
2665 3249 0
6577 6765 0
1045 4702 5004 0
4942 0
3408 0
1158 5748 0
1289 0
360 0
625 5382 0
0
0
7064 0
3561 0
2565 0
1350 4604 0
4265 5083 0
1023 3420 0
0
3391 4712 6941 0
5358 0
5005 0
1684 0
7676 0
4592 0
7824 0
5661 0
3332 0
306 7716 0
1815 5527 0
3029 0
254 2405 3128 0
1516 2308 0
870 5954 6395 0
4761 0
2915 0
2401 0
331 7779 0
2974 6640 0
1688 4055 7243 0
5127 0
1068 0
4862 6385 0
98 1360 0
2851 7012 7749 0
1949 3812 0
2319 0
1610 4900 0
1745 7062 0
417 6172 0
3174 0
7898 0
3190 0
6520 0
6352 0
3942 5880 0
3939 0
6381 6565 0
3296 3796 0
836 6263 0
35 3019 3682 6373 0
949 5740 0
3635 0
2634 0
384 676 0
528 0
996 3715 7390 0
2214 0
6446 0
961 1640 2357 0
2185 3256 0
2086 5655 0
124 1028 2009 4891 6131 0
163 3259 0
3096 7646 0
3380 5434 0
1051 7740 0
4767 6325 0
233 4616 0
3068 0
2539 3286 4308 0
212 7975 0
244 5209 5492 0
6885 0
2602 4467 0
742 0
4390 0
1490 4368 7636 0
2992 6315 7368 0
4138 6288 0
6019 0
3331 0
3792 6355 0
5989 7460 0
463 4926 0
6862 0
231 0
97 5351 5548 0
4073 0
3704 0
5567 5878 7258 0
194 2724 6476 0
5263 0
2864 0
6965 0
6154 0
2819 3818 0
3717 3977 5528 7862 0
1698 0
1573 3551 7666 0
6000 0
868 6092 0
3506 4243 0
2784 3069 0
2419 0
7250 0
7130 0
2680 7287 0
4158 4837 0
4526 7631 0
5238 0
2792 0
4072 0
0
5927 0
3817 5705 0
2476 0
2541 0
2171 0
278 7203 0
2723 3711 4939 0
3139 6579 0
4218 7108 0
1216 6699 7195 0
5986 0
3060 0
1575 5103 6515 7740 0
6396 0
7446 0
1681 7693 0
5608 0
3338 7312 0
2726 0
0
7396 0
4787 5757 6089 0
3829 6476 0
5536 6006 6238 6934 0
6734 0
1317 3391 4238 0
3611 4541 0
1402 5614 0
11 1686 1776 2451 6559 0
763 1346 0
4408 0
1143 2698 0
2397 7341 0
4489 0
2782 0
202 4878 0
3616 0
3392 5549 0
6726 7238 0
4023 7691 0
4261 0
3340 0
180 1516 2335 4243 7418 0
3882 4495 0
3988 0
6884 0
785 7498 0
6281 0
3366 0
446 6990 0
598 0
5581 0
1028 0
730 2975 6377 6762 0
559 4877 7216 0
3105 0
582 5042 0
2828 0
849 1047 6823 0
6110 0
3689 0
1356 0
7524 0
6016 0
2687 0
2027 7689 0
2293 0
1315 7212 0
4517 0
2498 0
267 0
1431 2181 6049 0
3071 7163 0
5986 0
1088 2322 0
1162 4337 6753 0
4924 0
5458 0
2077 0
1377 7213 0
294 0
6911 0
4949 6594 0
2138 0
3522 6722 0
2863 3541 0
574 6498 0
3654 0
6614 0
6881 0
5009 0
3650 0
463 3673 0
1106 1470 0
5350 0
683 0
7834 0
4381 0
2405 6622 0
3139 4175 0
3366 7360 0
5289 0
1500 7914 0
5157 0
3701 0
1663 7906 0
1386 5399 6621 0
5527 0
1724 0
3558 0
3409 0
1332 4162 5387 5404 0
1611 2779 0
1946 0
3383 3755 6419 0
4435 7877 0
6240 0
3510 7134 0
4399 0
633 1954 7128 0
349 0
0
6379 6698 0
4989 7539 0
6381 0
4403 6640 0
353 7177 0
587 2644 2998 0
42 8020 0
1578 2668 0
2597 0
1284 0
7178 0
0
4179 0
0
4220 0
3222 4336 7655 0
1447 0
2990 0
1616 7456 0
3719 0
2538 6519 7631 0
4181 0
3279 4695 0
600 0
550 825 0
7452 0
4474 0
4077 0
686 742 6375 0
6043 0
981 0
95 6135 0
4588 0
7454 0
3019 0
3585 5382 7906 0
787 1944 0
121 6182 6625 0
5882 0
0
5851 0
4628 0
5297 0
1985 3202 0
3788 8066 0
4644 6038 0
1816 5746 8000 0
1349 5531 6459 0
25 2863 0
1732 5054 0
181 2303 0
1705 2559 3984 0
2035 8261 0
7306 0
6001 0
2993 0
1734 5188 0
6848 7160 0
5215 7995 0
666 0
605 1460 4955 0
3403 4780 0
561 3170 0
2476 0
139 8129 0
5343 0
216 7438 0
1746 5432 5482 0
4404 7750 0
2764 0
1523 0
671 2593 4558 6252 7349 0
1375 0
198 2016 7618 0
337 3884 0
2892 0
2667 2873 7361 0
6131 0
3695 0
3461 7131 0
990 6351 6914 0
5929 0
3372 7723 0
6246 0
481 0
580 7423 0
4474 6069 0
2560 6122 0
2068 0
2432 5068 5531 0
4465 5693 0
621 3058 7543 0
4802 0
1652 3492 0
1983 7533 0
6153 7468 0
5759 0
1288 1293 5608 0
3295 0
3271 7847 0
4991 0
4650 5768 0
6356 8249 0
8212 0
2183 3068 7104 0
6611 6988 0
3314 0
2089 0
396 1685 5060 0
3194 6065 0
4525 6563 0
0
2000 6367 0
5807 6752 7482 0
1545 8294 0
3820 6742 0
4465 6532 0
2541 6385 0
1661 7301 0
6263 0
6128 7799 0
2901 0
7062 7645 0
2629 0
564 2538 4782 0
740 1365 7842 0
3602 8294 0
4643 6599 0
5297 0
4955 0
1830 3847 4031 4726 7942 0
5232 7400 0
1027 0
847 6162 0
4253 0
2761 0
2440 3129 0
3285 7032 0
2482 3196 5443 0
3185 5421 0
5078 6213 7691 0
2256 0
480 0
5584 0
4634 6563 0
2324 0
1061 5964 0
764 0
81 0
578 0
6310 6360 0
4002 0
3356 5142 0
6177 0
332 612 3358 0
2700 0
1118 0
0
6004 0
5081 0
3363 0
4609 8388 0
591 0
5880 0
2226 0
5568 0
3653 4150 0
3174 0
108 0
3880 0
15 5193 6200 0
4195 0
7787 0
7161 7416 0
3886 0
756 4471 0
3045 0
1360 5106 7445 0
506 6001 0
3580 4739 5227 0
3928 7949 0
7896 0
402 3363 4534 0
1422 7877 0
3266 0
926 0
62 4127 0
2390 0
546 0
5183 6113 0
2318 0
7943 0
5268 0
4164 0
1209 3019 0
3092 0
821 0
4808 0
4591 0
2542 5029 0
6277 0
1127 1324 0
1235 8400 0
7027 0
2706 8079 0
2934 0
2016 0
1121 3024 0
104 5843 0
5605 0
868 3138 4130 0
3967 0
1919 0
1812 0
6832 7537 0
93 7465 0
5128 0
180 3338 4617 0
3864 5177 0
2026 4833 0
7491 0
6919 0
897 5560 0
5037 0
1654 3140 0
907 5409 0
4402 6636 0
1449 4469 0
244 2080 7713 0
7189 8397 0
0
4268 8147 0
7820 0
2292 0
5334 5496 0
749 0
2098 2548 7078 0
2392 6284 0
4274 0
2606 5432 0
851 0
15 7865 0
6891 0
4533 7961 0
5999 0
3551 6866 7380 0
5263 0
1588 5991 0
1895 5438 0
890 6172 0
2145 0
1176 7895 0
1429 4804 6727 0
4895 5485 8393 0
7668 0
1669 4973 0
3211 4310 0
5833 0
531 7026 0
6301 6496 0
3017 5255 0
5152 0
3714 0
2929 7528 0
7417 7578 0
1242 0
8443 0
5377 7170 8341 0
1249 4426 0
3283 0
2126 7729 0
1131 8218 0
3104 4892 7364 0
24 2046 0
1847 3874 0
2237 0
279 4890 0
5080 0
5067 8168 8312 0
1539 7899 0
1107 7680 0
5093 8303 0
7368 0
7153 0
3649 0
6269 0
211 639 3535 0
2738 7024 0
3556 0
2626 8092 0
193 0
0
8263 0
4104 0
2160 3055 8214 0
6964 0
4928 0
2927 6068 0
5797 0
1062 2439 0
1460 0
1326 6161 0
5492 0
5440 0
2940 6012 0
3102 0
5312 0
2610 3704 5346 0
2939 0
1025 7994 0
4225 4334 7531 0
6380 0
1665 2781 6264 0
0
2354 5981 0
1134 0
2163 6043 0
3804 5342 0
0
5508 0
893 0
335 0
5493 0
1601 0
225 7497 0
2446 0
1227 6259 0
4044 4911 7026 8457 0
7880 0
4921 5557 0
3723 4022 7109 0
8271 0
7258 0
1804 7163 0
7778 0
990 3738 8321 0
6874 0
2782 3238 0
2567 4931 0
4697 8216 0
2579 0
1560 0
26 6533 0
0
3358 7105 0
295 4893 5666 7581 0
2058 5978 0
4872 5377 0
2807 8100 0
8364 0
717 6849 0
4895 0
1816 0
5515 0
1522 3322 0
3730 0
486 2379 0
2341 0
5432 0
1818 7889 0
4892 0
565 7279 0
4130 0
1487 3216 0
73 4999 0
2361 4516 0
1794 0
1576 2989 0
2445 7770 0
2889 0
4240 0
455 0
1532 2153 5904 0
0
2430 6894 0
274 7466 0
2190 4187 0
2724 2777 0
3786 7142 0
4615 0
6842 0
787 2160 0
2156 0
601 0
4633 0
158 0
3786 6212 0
3742 0
3505 0
3124 0
2690 4359 0
2361 3999 0
1797 7321 0
955 2761 0
2196 0
3654 7085 0
2848 0
2652 5707 8245 0
1333 0
9 3658 7096 0
2398 0
8563 0
5032 0
1767 5226 7441 0
3632 0
2604 7307 0
1308 6176 8275 0
6481 0
6376 0
973 1937 0
1651 3864 6415 0
308 0
4487 0
7404 0
2285 6035 6437 0
6095 8609 0
5091 5176 0
4280 7551 0
2304 5452 0
5232 7176 0
610 7519 8056 0
3662 6108 0
2239 0
3485 0
3353 0
795 3752 0
2169 0
461 0
2178 7962 8021 0
6481 0
2639 8253 0
729 1950 2667 0
579 8504 0
7067 0
7599 0
1627 0
2503 0
484 944 6160 0
1577 3510 7227 0
5231 0
22 3363 8388 0
1016 5774 0
2500 8335 0
4431 7644 0
5793 6297 6357 0
437 5604 0
1156 8523 0
5121 0
22 3249 7518 0
6031 0
2091 5550 0
3239 7630 0
44 4301 0
1434 8039 0
7494 0
1974 0
1325 8461 0
3589 8652 0
4572 7620 0
7206 0
5301 0
4475 6391 0
5486 8097 0
5226 0
3447 5419 0
3924 4660 0
1015 2986 0
2598 3576 7176 0
379 2093 0
7459 0
4850 0
1017 6466 8510 0
4318 8581 0
2992 5889 0
1532 3708 0
3056 0
2315 6955 0
5212 6269 0
2580 5930 0
366 1531 2925 0
5246 0
7422 0
3549 5998 7571 0
7542 7858 8158 0
1653 0
832 4890 0
629 2405 2572 0
1335 5544 0
4206 7286 0
7049 0
302 7445 0
3589 7796 0
4843 0
3099 7669 0
6802 0
5682 0
1742 2231 0
3327 6039 7417 0
7289 0
7257 0
5734 0
880 1595 8392 0
3090 7442 0
3507 0
1635 0
801 0
6675 0
3273 0
2031 2058 5251 7954 0
5624 0
3075 7858 0
2486 0
2304 6296 6938 8067 0
3875 8601 0
436 4409 0
4248 0
566 2792 0
2508 3594 0
2434 6852 0
7151 0
2126 2977 0
772 3086 0
2448 7008 0
4957 0
1647 1918 3306 4030 4847 0
4540 0
1599 2566 6990 0
3839 6676 8642 0
1609 1941 7861 0
3189 0
6176 0
2838 4849 0
3858 0
22 5804 0
5774 0
1152 8624 0
3775 0
7864 0
1885 5123 0
2856 6720 0
1710 4387 0
157 3101 6376 8041 0
8748 0
3623 0
972 1266 1671 2780 0
6245 0
2459 7595 0
4455 8430 0
6406 0
5349 0
4041 7027 0
5329 0
4778 5671 0
4696 0
1569 4530 0
6393 0
5733 0
3988 0
1759 7980 8734 0
4364 0
1895 2937 0
2422 7187 0
6888 0
6608 0
5520 0
61 2674 0
3381 5998 0
3360 0
0
6581 0
2223 0
8144 0
4552 0
850 3277 0
2712 6086 8550 0
6840 8300 0
38 1930 8693 0
3034 4891 6510 0
1599 3305 5669 0
4730 0
4460 7430 0
448 8422 0
6607 7069 0
6139 7703 0
2730 4945 0
2860 0
2225 4505 0
3178 5278 0
4480 0
3030 5253 6300 6348 0
2347 2982 4253 0
2812 0
2205 7712 0
4317 0
4269 4291 0
5487 7225 0
973 7226 0
4073 5903 8138 0
1377 0
363 7343 7478 0
4563 8499 0
3790 5889 0
7286 0
32 1848 5556 0
3800 0
1764 0
226 2102 0
1910 8635 0
7717 0
1856 2753 0
1003 3923 0
3268 0
2321 0
8637 0
7190 0
5680 0
665 4244 7599 0
5829 7742 0
5259 0
5115 5877 0
5136 0
7153 8699 0
893 8508 0
3681 3860 6308 6723 0
3714 0
1071 8083 0
599 2090 7692 0
4029 0
3951 0
1196 8676 0
1020 0
6226 0
5604 0
1726 2096 4115 4148 7852 8257 0
276 2093 4121 7296 0
4723 0
1811 6844 0
4950 7304 7565 0
7365 0
3821 6951 0
91 6512 7009 0
1578 7474 0
5001 0
5691 0
426 2631 5341 6061 0
1900 2181 0
1756 5891 7040 0
3702 4375 5519 8628 0
6154 8660 0
7744 0
785 7975 0
7147 0
0
1243 4770 5962 6632 8424 8806 0
5917 7483 0
1424 7305 0
4918 0
6881 0
2503 6505 0
249 5546 7348 0
7448 0
3415 0
2062 3975 0
643 2026 6990 0
6475 0
3055 6196 0
1845 2644 5787 0
4924 0
2536 7141 0
1116 8437 0
2776 0
2225 8891 0
6102 0
6551 0
5242 8662 0
1216 6202 0
5296 0
121 781 6262 0
6167 0
5277 5409 6754 7699 0
3467 8298 0
8270 0
709 2524 3374 8362 0
6926 0
0
4653 0
259 2333 0
1759 6612 0
367 0
81 898 2477 0
2212 6557 0
918 0
96 1859 2698 0
535 0
3392 7342 8067 0
2802 6671 0
4639 7826 8325 0
5499 6214 0
70 7403 0
3544 3825 0
429 4929 0
3982 4276 7761 0
733 3970 4464 0
2335 2559 0
285 6183 0
1039 3910 0
7497 0
1257 0
687 7661 0
4988 0
3437 3480 0
1573 0
1161 0
778 4194 0
2546 0
650 0
1151 4293 8746 0
8007 0
2915 3637 6571 0
6468 0
106 3702 0
705 0
547 1506 0
130 7985 0
7563 0
1391 4648 0
629 7749 0
4045 8907 0
4042 5555 0
49 5760 0
5640 6695 0
1444 3850 0
3432 0
344 7368 7957 8447 0
1233 6722 0
3287 4554 0
3821 5409 0
7027 0
3790 0
553 8300 0
5299 0
3895 0
1618 8758 0
6239 0
3610 6671 0
4915 0
3966 7654 0
6142 0
5275 0
3952 0
3204 4451 8628 0
5014 0
4742 8061 0
391 7373 0
2526 8153 0
1437 2239 7363 0
2920 4145 0
7725 0
6257 0
3376 0
3102 0
1334 2447 4325 0
1115 0
864 5289 0
2541 7447 0
4957 5412 0
4064 7977 0
3053 7713 0
3434 0
2043 0
1279 0
1622 3671 4455 5425 7110 0
3577 4108 0
1127 5040 0
721 8642 0
2404 0
108 5089 8089 0
2442 0
7879 7951 0
1182 1778 3433 6267 0
4805 8584 0
2794 4770 0
2208 4633 6824 0
2876 0
1543 8185 0
1824 1901 0
1194 0
310 6948 0
5786 6310 6858 0
852 0
7898 8673 0
5774 0
5183 0
4968 0
4631 0
4415 8382 0
6494 0
3996 6214 0
4345 0
3051 0
1236 6853 0
6475 0
3461 0
1268 4407 6074 8856 0
3546 4655 0
2956 8833 0
3660 3995 5806 0
2054 2370 5466 0
1029 8324 0
7034 0
352 0
261 5848 0
2981 0
486 2739 6634 0
2259 2336 8322 0
6222 0
1676 7165 0
6134 0
471 7521 0
7246 0
6712 0
3288 3935 0
4439 6795 0
6504 6662 0
4818 0
2812 0
622 3572 0
924 2838 0
1218 4217 0
207 3040 8261 0
154 2732 0
676 8810 0
6810 0
4014 0
256 3907 4413 0
404 8883 0
335 0
208 7364 0
3809 0
896 7232 0
23 6006 6103 0
3936 0
2986 0
1057 0
301 8269 0
1874 0
6049 0
1326 2393 3428 0
3007 5879 0
958 7707 0
6316 0
4884 0
3103 0
2905 3456 8650 0
4893 0
2281 7400 0
632 4132 0
807 5751 0
4482 8792 0
7313 0
1049 0
480 2505 0
770 1363 7488 0
5669 0
2394 0
1071 5376 7444 0
5882 0
2230 7072 0
4846 0
1265 3942 6671 0
1670 0
1239 8326 0
5213 0
935 8610 0
8230 0
6303 0
2248 5536 6586 0
5669 5766 0
5573 0
3302 0
1261 1887 7584 0
1967 7787 0
6081 0
1963 7484 0
4433 5702 0
5015 0
308 6144 8297 0
1211 7050 0
792 7379 0
3563 0
2925 0
9001 0
4095 5814 0
3639 0
1072 2182 0
692 0
625 5558 6863 0
8865 0
1658 4348 7655 0
4091 0
6229 0
3764 8407 0
1033 5742 6918 0
2912 0
2691 4590 0
6665 0
3158 3512 0
6411 0
3136 0
7032 0
90 1904 3566 8640 0
5123 0
4266 6322 7176 0
1780 3250 0
2570 0
5008 0
1686 0
1964 7488 0
4168 0
8980 0
293 7433 0
1798 4703 6798 0
593 0
7568 8688 0
6559 6795 0
2454 0
2276 3319 4384 5595 0
5115 7477 0
3179 0
1918 4827 0
4602 7104 0
1727 6280 8579 0
1448 2161 2448 8104 0
7760 0
1449 6120 0
346 0
56 1293 2774 8022 9171 0
9115 0
1959 3133 0
262 2247 0
658 0
395 4274 6959 8650 0
7621 0
3061 3940 7645 7663 0
6170 0
4889 0
778 7486 0
6711 8446 0
8345 0
7534 8174 0
228 1927 2659 0
559 6538 0
5845 6280 8552 0
4311 4734 5904 0
304 6144 0
768 7905 0
1915 6078 7701 0
1905 0
7818 0
7407 0
6308 0
33 3945 8669 0
4154 0
973 7873 0
6424 0
6901 0
150 4720 5481 0
3049 0
625 1648 3760 0
1385 6205 0
2321 8985 0
3905 0
1117 1460 2825 4846 0
945 3820 6772 0
3208 7433 0
2693 6563 0
1889 7587 0
6464 8622 0
2388 5968 0
4079 5955 8114 0
6224 8703 0
4010 8582 0
6471 0
4827 0
8455 0
128 3829 0
365 6764 0
5148 0
1383 7536 7857 8190 0
7261 0
4460 0
1708 3626 3638 4945 0
4245 0
6950 0
806 4354 0
2223 7054 0
6973 8228 0
2871 6470 0
5553 5734 8292 0
2837 0
1922 0
1259 9131 0
9049 0
6237 0
2884 3115 7176 8647 0
2387 4191 0
6869 9098 0
2322 6435 0
5063 8337 0
3627 7051 0
6284 0
407 6042 0
4122 0
1192 9160 0
2805 5140 8071 0
4697 0
6611 0
6379 0
1586 3700 9172 0
2859 0
2389 4629 4729 0
635 9241 0
6736 0
3903 5207 6667 8769 0
741 9042 0
4669 4886 0
2022 2323 6668 6963 8057 0
6595 0
2551 7480 0
2868 6509 0
5573 8328 0
3775 0
2166 0
25 6939 0
5689 6050 0
813 0
8875 0
7349 0
5835 0
3569 8760 0
5467 5658 6637 0
4045 0
1347 4969 0
3834 0
2535 0
207 1930 8606 0
3429 5992 0
538 0
189 269 1040 6444 0
6236 0
5829 7021 8840 0
5374 8369 0
8192 0
1458 3487 6022 0
3491 0
3432 5801 0
4418 8274 0
233 3468 7806 0
2705 0
2499 6194 7594 0
1905 0
64 0
2937 0
2570 3882 0
3375 3564 8502 8589 0
6784 0
4538 0
2116 5368 0
5351 6766 0
3937 0
981 4183 8424 0
103 3908 9046 0
1003 1660 6136 0
4658 0
4233 0
3473 8325 0
3416 8699 0
5462 0
1508 6676 0
2048 3977 0
3133 8424 0
6020 7205 0
6841 0
6000 0
1520 2483 5551 0
1148 5216 9219 0
6294 0
548 3683 7502 0
2056 9142 0
3674 0
1953 1964 8438 0
1394 6483 0
5451 0
1445 2126 8878 0
2132 5864 7982 0
4658 0
328 8473 0
6270 0
9184 0
8912 9218 0
1751 4023 4395 9069 0
6361 0
4717 5564 0
4853 0
2027 6786 0
4305 0
3991 7769 0
6649 0
5184 0
2369 3037 8946 0
6476 0
1249 0
824 7697 0
5023 0
2886 7438 0
238 2786 4506 8233 0
6152 0
630 7075 9334 0
1049 7925 0
1218 8043 0
6835 0
373 3756 4011 5139 0
2998 9001 0
4055 7077 0
5287 6417 0
4625 6173 0
6019 0
2954 0
2850 0
2254 6477 0
2085 6284 6754 0
1232 6750 0
6015 0
2603 0
2299 5971 8309 0
6597 0
1565 3832 0
4850 5827 0
5058 0
794 2344 7809 0
3845 0
3660 7966 0
6064 0
3886 6007 0
4971 0
1709 7627 0
7338 0
1616 5800 8384 0
84 4431 9305 0
4597 4655 0
1857 7741 0
2769 3132 8162 0
2649 3345 9100 0
245 987 6700 7435 0
1087 4291 7754 9223 0
5054 0
3227 7657 0
7551 0
7493 0
6549 8968 0
3028 0
2567 5408 6273 0
2374 5368 5870 6918 0
6051 0
3547 3649 5012 0
3029 4332 0
2468 6692 0
6035 0
595 1690 0
1188 7221 0
4901 0
3561 0
1776 0
242 1967 0
1038 8109 0
290 0
6003 0
1781 2693 5956 7990 0
430 2642 4143 0
872 4676 7703 7953 0
5299 7078 0
6899 7297 0
6328 0
2390 6968 0
5157 6117 0
412 1487 7144 0
6310 0
4463 0
290 8086 0
8052 0
1835 0
797 2707 6612 0
4111 4954 5104 0
83 3645 0
2764 7279 0
4525 6567 0
5226 0
4960 0
2044 0
223 2616 6098 0
967 2871 0
2165 4518 0
2299 9339 0
7826 0
2309 6816 0
3102 0
2387 0
3388 3776 0
2722 3211 0
901 7805 0
1456 1572 7300 0
1531 3840 0
898 5240 8144 0
7322 8250 0
4650 0
45 357 6509 0
5460 7707 0
5471 0
2352 0
53 7647 0
1623 4627 7887 8724 9099 0
4987 0
2611 3137 7977 0
1374 6570 0
1691 0
401 5067 7364 9004 0
2520 3748 6982 9203 0
5428 0
2231 0
1263 3600 0
3418 8718 0
6794 0
2125 3605 7461 9262 0
5163 7578 0
1958 3175 6824 0
1794 0
2875 0
1833 5811 7841 8158 0
6504 6960 0
3602 9333 0
8137 0
2324 0
1368 3731 6851 0
5988 0
614 7213 8708 0
4769 0
2979 4127 0
691 1479 0
975 0
844 3867 0
2494 5718 0
0
2592 0
3 9174 9230 0
6312 0
5061 0
2423 4524 0
3294 7410 0
1892 0
1277 0
2434 0
6296 0
3614 5467 0
3742 8070 0
3288 0
790 4849 6316 0
719 2325 0
431 6982 7089 8761 0
381 4461 6588 0
3094 4928 9025 0
6419 6776 0
5826 7134 9087 0
4389 4463 0
577 6151 0
501 9364 0
8529 0
623 1124 0
168 4695 8323 0
2240 0
1806 0
462 6532 7278 0
2733 6312 0
5393 0
2880 0
1918 7735 0
3657 0
2581 6779 0
1960 2739 4722 0
1331 7977 0
7504 0
1933 9188 0
7664 0
5974 6357 0
5227 0
4382 6852 0
6547 7464 0
4551 8474 0
1201 9286 0
68 0
4243 6929 0
2117 3996 0
802 2661 0
7502 0
4750 0
1219 1340 4348 0
3746 5719 0
323 2195 6879 0
4377 7640 0
2769 0
7563 0
6748 8621 9322 0
9164 0
8490 9468 0
8412 0
1265 5771 0
4344 5596 0
943 2497 0
58 0
6804 0
2671 5362 6468 9022 0
424 5700 0
2619 9502 0
2321 9437 0
8376 0
5687 8927 0
1522 0
378 0
6121 0
3802 0
1972 8078 0
5718 0
3238 0
2812 6347 9243 0
5863 8240 0
3463 0
1598 4181 6764 9315 0
6814 0
758 5993 0
5682 7296 0
4407 0
2601 8091 0
7721 0
4506 8777 9399 0
4046 0
3765 6164 9126 0
1356 3860 0
1254 6446 0
4818 0
426 8671 0
7606 0
1390 0
1003 7070 0
797 3896 9442 0
7681 0
2814 3579 9519 0
1790 0
832 4365 0
2430 0
3723 6206 6596 0
641 1318 7570 0
6225 0
5456 7734 0
547 8447 0
5102 8827 0
3020 3483 5009 8885 0
7632 0
4886 0
3663 6852 7228 0
2049 7758 0
3766 7092 0
1694 1891 6242 0
2679 8543 0
6112 0
3319 5349 0
2489 0
803 2472 4494 0
2234 0
1834 4056 0
908 0
597 8533 0
5847 0
1741 3325 0
1564 6374 8099 8247 0
6009 6485 0
5053 5744 0
1421 0
1214 4877 6568 8310 0
6789 0
3985 4370 6449 0
5002 0
652 2614 6667 0
3496 0
3089 3966 0
3136 7962 0
5925 0
7146 9132 0
6864 8363 0
915 6219 0
5358 0
4495 6000 0
1534 8440 0
2549 7515 0
5793 9441 0
2147 5294 5934 0
998 8600 0
3761 0
2317 0
1680 0
721 9248 0
7072 8649 0
5548 0
2083 6404 8877 0
1182 5871 0
4760 0
3466 0
1844 7374 0
4802 0
1520 0
1005 9518 0
9494 0
5722 0
648 5789 8470 0
7321 0
2633 0
282 6931 0
3803 5059 0
3969 4079 5569 0
376 0
198 3099 5923 6969 9127 0
1597 2559 3968 0
2919 9080 0
4385 5885 0
1404 3485 0
692 8934 0
5616 8579 0
3707 6734 0
3971 4345 8936 0
5755 0
715 8625 0
3352 7771 0
1615 7103 0
3372 6954 0
708 7795 0
7581 0
6469 0
5222 0
4494 6118 0
5004 0
51 4575 7475 0
5906 0
106 3332 6127 7302 0
3515 0
1807 0
44 6571 9123 0
541 0
97 5502 0
2465 8123 0
7830 0
6156 0
5937 0
4706 8659 0
1674 2552 0
6401 6475 0
5557 0
366 8836 8981 0
8162 0
400 5872 0
4269 0
1835 0
1249 7508 8634 9147 0
6483 0
2988 6117 7927 0
5606 7587 0
4645 8891 0
8463 9249 0
8060 0
7472 0
1693 6668 0
1845 6912 0
1863 9314 0
8563 9509 0
9035 0
8498 0
7128 9303 0
2345 9488 0
5886 8772 0
6845 0
2666 8431 0
589 907 6752 0
6413 0
1114 5481 0
952 7530 0
657 3019 7753 8313 0
7524 0
6922 0
4937 9409 9451 0
1393 0
251 5324 6236 9143 0
5111 9148 0
5765 0
2270 4788 0
3597 0
3097 4373 6192 0
4979 6147 0
5772 8950 0
2472 3416 0
1121 1297 3715 7270 0
6874 0
6101 6802 7242 0
3438 4833 0
2827 0
303 9032 0
1527 8067 0
503 7885 0
2445 2585 6019 0
787 7584 0
1082 5522 0
3319 7071 0
5409 0
548 3798 0
486 6240 0
528 4283 9064 0
8932 0
7298 0
4026 0
5820 0
5418 0
2227 3414 5486 0
3046 5496 7347 0
3440 0
869 1231 0
197 8863 0
4125 0
3557 9477 0
3383 5184 6081 7738 0
175 1846 3985 7643 0
7173 0
2141 0
42 6520 7774 0
3323 4554 0
4166 8558 0
3567 0
604 2139 7530 7998 9274 9617 0
4094 7544 0
7512 0
2205 9722 0
4897 8081 0
6534 0
7343 0
89 5596 0
1445 2953 5472 8563 9079 0
6003 0
4191 0
6 4765 6928 0
4751 8607 0
5523 0
816 8215 0
6940 0
539 4671 5548 6265 0
2056 7690 0
4561 0
3171 3745 5063 8346 0
5567 8758 0
906 5149 8473 0
2092 5514 0
4357 0
1117 6780 0
5002 0
1098 3456 9396 0
4742 0
2018 2534 0
2131 4335 9094 0
4209 5457 9239 0
4720 0
3636 0
442 3175 4656 6497 0
1352 7870 0
6981 0
5990 8779 0
2270 8719 0
7389 9704 0
8948 0
3889 5124 5720 0
5236 6544 0
2003 3886 9742 0
7655 0
4794 0
3195 4413 8125 0
3372 4614 9609 0
7515 0
6237 9616 0
3788 0
2471 7970 0
1465 9035 0
6450 6748 0
6047 0
5618 7746 0
4154 6299 0
3028 6861 0
6537 0
1888 4959 9022 0
1531 4392 0
2108 0
1609 8052 0
2371 8507 0
2274 4406 0
2054 8767 0
8515 0
7862 0
6516 7723 0
4930 5111 7376 0
3931 5046 7864 0
6017 0
2241 9649 0
8265 0
3744 0
2747 7940 8539 0
2350 0
325 8688 0
5989 8991 0
4715 6411 8242 0
4048 7731 8931 0
1947 6717 0
2789 6792 7480 0
3918 8602 0
6418 8554 0
282 9185 0
6772 0
1806 4536 0
2501 4035 0
1807 0
1250 6813 0
443 6303 9511 0
2662 0
2098 9691 0
7538 0
1586 0
1309 5378 6026 8729 0
4263 0
852 0
635 5006 6968 8677 9761 0
7174 0
1808 1980 2850 0
793 2834 5876 0
456 3831 9744 0
1460 0
427 8292 0
7472 0
2313 8926 0
7393 0
6027 0
1549 6310 9757 0
697 4301 0
3980 7745 0
3021 0
2663 2821 8641 0
601 3839 6374 0
2154 5735 9787 0
2453 4214 5613 6679 7868 0
7487 0
2142 6084 6863 0
2653 8771 0
164 7310 0
6185 0
2650 8436 0
1621 6300 8131 0
5979 0
1645 6147 0
5414 8485 0
1895 6192 0
4171 0
2904 9730 0
747 8796 0
3831 4923 9443 0
8554 0
3443 0
2365 6308 7534 0
7319 0
4607 9626 0
7349 8063 0
4174 8687 0
5453 0
3634 4814 9691 0
1657 4207 6357 0
717 3497 6951 0
6452 0
887 5056 5244 0
1280 1852 4571 9288 0
5929 8965 0
8218 9926 0
316 8663 0
8263 0
4466 7189 7698 0
5239 0
4689 5001 0
3750 0
104 3218 4929 0
4513 0
2493 0
1589 2306 5363 0
3323 0
1799 3478 4489 0
980 9917 0
3621 8706 0
142 5154 0
2333 7747 9909 0
5863 8861 0
6797 0
506 0
282 5434 0
3827 5422 7439 0
6750 0
2303 3839 0
1677 9605 0
5590 5713 0
5591 5831 8392 0
3376 3917 0
1527 5010 5271 0
4154 8788 0
6438 0
2099 6854 7692 0
7273 0
7253 0
970 1132 5418 0
1946 5435 0
5198 8059 9653 0
3073 8488 0
103 9423 0
3777 5257 0
3077 5139 9840 0
6197 7058 0
2172 3520 4390 0
3402 7835 0
5428 0
704 2330 2577 9523 0
5009 7823 0
4471 8883 0
1897 0
69 5321 0
2031 9369 0
1308 5009 9877 0
3642 0
3632 8278 0
5341 9984 0
6567 6773 0
5032 7775 0
2289 7136 7592 0
7235 0
2042 9921 0
3061 8411 0
2558 2861 7616 0
4748 0
479 0
431 3017 4110 4662 0
2272 8992 0
533 3077 8672 0
1327 2590 3045 7624 0
