5000
2060 1224 0
2716 4978 0
3320 0
3918 0
2621 1854 0
4038 2317 0
2295 1737 0
3818 949 0
2339 3957 0
4465 2353 0
90 2189 0
4144 0
4579 0
213 4531 0
1658 3347 0
1612 2469 0
1185 2704 0
1883 1785 0
1676 3145 0
3795 4899 0
191 0
188 3139 0
298 0
2712 108 0
4697 763 0
1024 1857 0
2173 0
4472 3058 0
1677 3099 0
8 107 0
4023 0
54 1934 0
172 737 0
3284 4916 0
624 3651 0
4104 2332 0
3452 0
447 862 0
3983 1653 0
2052 0
682 2682 0
1200 0
4829 709 0
2755 3304 0
1126 3061 0
1269 4007 0
4769 363 0
479 3699 0
1639 1178 0
1736 2876 0
4587 2458 0
347 3483 0
264 3287 0
53 264 0
2676 4912 0
2743 4568 0
1561 0
1377 893 0
2989 4097 0
3258 2166 0
1637 3861 0
1249 807 0
3686 0
930 586 0
3875 0
4544 4281 0
33 0
2197 4775 0
3091 2537 0
979 0
748 4234 0
4412 0
2601 1167 0
1134 1500 0
4645 336 0
1003 3571 0
4883 4595 0
1732 0
443 3166 0
2985 2888 0
560 1710 0
1968 3974 0
1021 1894 0
4821 0
1523 2069 0
3813 3414 0
3002 0
4206 3831 0
3482 2953 0
3527 2286 0
1534 2606 0
2914 4019 0
4020 2042 0
2729 2344 0
4526 0
122 4255 0
3265 3962 0
3998 2784 0
1015 2224 0
1351 574 0
4729 440 0
4899 0
4895 0
2961 0
3595 2890 0
3093 4614 0
8 3818 0
1962 2712 0
4958 358 0
647 3921 0
253 2247 0
4515 0
3791 1173 0
3809 1136 0
3045 2887 0
1888 2090 0
1093 4689 0
4915 1573 0
1652 2678 0
1335 4193 0
4166 2108 0
2549 2578 0
4794 2691 0
269 2876 0
4511 2173 0
4082 3730 0
1621 1762 0
3251 1134 0
4773 960 0
1513 0
4191 1389 0
4524 4936 0
3246 3461 0
4036 1315 0
1377 1945 0
3392 0
1540 2780 0
2628 3855 0
394 0
3163 239 0
75 0
2101 4643 0
2820 2904 0
2862 2896 0
3135 0
1038 3668 0
2138 2162 0
4337 4890 0
1512 1450 0
3441 2136 0
4041 2296 0
3348 163 0
3669 2392 0
461 1596 0
2720 6 0
1228 3204 0
1019 4638 0
34 4037 0
4501 1998 0
686 1747 0
3869 0
2601 0
489 674 0
323 343 0
2675 0
34 4037 0
2308 3188 0
2480 2600 0
2825 770 0
2733 2921 0
3540 1004 0
4788 0
2116 1857 0
2881 3723 0
310 969 0
2262 3688 0
67 596 0
3283 0
1775 3177 0
479 3699 0
2706 420 0
556 368 0
2324 2599 0
171 3540 0
4228 0
847 2346 0
4264 1113 0
755 1251 0
2284 1792 0
2375 2127 0
335 0
2148 0
432 523 0
4805 4427 0
478 1763 0
1842 2906 0
4065 1687 0
179 3177 0
1441 0
20 3745 0
4007 2393 0
1057 2034 0
923 1304 0
4377 398 0
3000 1990 0
2045 3439 0
4415 1988 0
849 4984 0
728 2910 0
3431 0
4851 0
384 1927 0
1561 1146 0
1713 2315 0
2019 0
4061 1081 0
1767 4561 0
3723 174 0
4069 0
3453 663 0
2633 1106 0
2089 1884 0
1153 292 0
1635 0
4295 3689 0
4591 2067 0
131 4392 0
3726 4387 0
612 0
2438 0
4061 328 0
2705 126 0
4023 1074 0
4963 0
4181 1076 0
1100 3648 0
1913 1043 0
814 1136 0
2890 4225 0
4685 306 0
672 3684 0
3964 0
2183 4069 0
3031 4759 0
2889 338 0
2867 1082 0
2246 1023 0
141 4703 0
414 4057 0
1829 2634 0
2124 4548 0
2737 353 0
3418 783 0
2213 0
3748 3589 0
3944 0
246 4477 0
1954 0
3455 0
2117 1902 0
1839 3424 0
4981 1685 0
2376 0
4918 946 0
3542 0
4301 2369 0
3887 4244 0
2751 0
3008 0
4328 2831 0
2113 465 0
424 4744 0
1193 2236 0
4333 2364 0
2257 234 0
1806 0
1786 3302 0
3698 1299 0
2178 2214 0
1745 4812 0
414 2477 0
1377 0
1784 0
1080 117 0
1338 684 0
1858 2580 0
1585 4499 0
1522 4687 0
3057 731 0
4722 567 0
194 0
1722 2198 0
2442 3871 0
729 3100 0
1447 3298 0
3917 4226 0
4088 0
873 1951 0
1477 3429 0
2881 2142 0
1293 1593 0
1446 1960 0
3837 2587 0
981 3430 0
1606 0
1236 969 0
3021 1971 0
4873 1715 0
3926 1440 0
3469 0
200 3350 0
510 2433 0
903 967 0
4464 2472 0
2724 2729 0
462 4758 0
2861 2195 0
3300 944 0
1596 1252 0
3026 2511 0
1306 3082 0
2545 2109 0
576 2385 0
870 4291 0
3653 436 0
4847 1419 0
1503 2648 0
215 216 0
2820 2904 0
4709 3010 0
2386 3624 0
1467 3141 0
4795 1908 0
26 1857 0
3344 2136 0
3510 210 0
4860 3354 0
1898 2889 0
3457 2759 0
795 2816 0
1624 4780 0
1728 0
4995 0
4457 3340 0
3518 0
4709 2697 0
2234 3483 0
2626 1756 0
1679 0
900 1292 0
2072 4942 0
196 1842 0
3968 538 0
3125 3923 0
4925 3463 0
2442 3871 0
1237 0
2596 4520 0
549 101 0
545 4117 0
365 3298 0
3744 3880 0
4769 1850 0
508 1260 0
2383 3298 0
458 4080 0
2898 3269 0
556 3554 0
4989 392 0
1370 2270 0
2770 2601 0
1562 1292 0
4207 1467 0
22 0
4749 477 0
2890 3595 0
3933 0
4641 4287 0
598 3498 0
138 0
3058 0
1616 3234 0
2951 1866 0
140 4235 0
3518 2281 0
4261 4604 0
4503 3660 0
3398 2451 0
1568 0
2502 2282 0
2188 4294 0
4616 4841 0
741 3690 0
3020 3683 0
3891 2349 0
3544 1814 0
143 4664 0
2965 0
2803 2535 0
4429 0
4125 1678 0
4203 4206 0
3807 0
1449 4133 0
3205 3959 0
725 2430 0
2861 956 0
2369 4010 0
1266 4852 0
171 184 0
534 1623 0
2883 0
237 3329 0
3763 2460 0
3802 2581 0
2478 0
3681 0
245 4167 0
3374 1185 0
2740 2487 0
3425 2696 0
3585 4048 0
136 3392 0
4742 1293 0
4746 4900 0
1784 4779 0
4586 0
2219 0
2347 2652 0
4199 4675 0
2683 1279 0
416 2636 0
3711 2512 0
2168 1978 0
865 978 0
2602 0
4363 2847 0
1327 2777 0
3630 1555 0
1547 2839 0
1333 3324 0
2312 0
152 830 0
4264 1770 0
1162 4527 0
1070 3224 0
3746 3851 0
2251 2713 0
2113 0
311 980 0
4628 4231 0
3816 3591 0
232 3700 0
1824 3074 0
3670 527 0
2292 3243 0
4429 1274 0
4080 1094 0
422 4048 0
3031 0
1216 991 0
4820 4098 0
1842 196 0
1431 1310 0
3788 4012 0
806 2672 0
1889 1649 0
118 1133 0
2432 2930 0
1171 4534 0
2056 1342 0
4945 3782 0
3039 4948 0
1638 580 0
2051 4410 0
1287 640 0
1702 2480 0
965 831 0
3699 3918 0
4034 2604 0
1967 4897 0
1645 1001 0
1402 2673 0
3549 3441 0
1271 0
2790 4686 0
4846 2185 0
2323 2423 0
674 3295 0
230 4802 0
1042 3102 0
207 2993 0
4483 3155 0
3122 4273 0
535 2728 0
3044 2802 0
52 3415 0
4812 1495 0
589 4585 0
1089 389 0
1457 1512 0
1542 777 0
3055 773 0
682 3341 0
4125 401 0
907 2244 0
3402 4620 0
2577 1190 0
3158 3579 0
3921 0
2617 3129 0
4160 84 0
4056 4960 0
3133 0
4920 2370 0
3086 4570 0
4569 4272 0
2760 4639 0
1487 2354 0
1530 1435 0
1742 1670 0
4249 2684 0
432 3030 0
2893 1620 0
3611 0
3411 2693 0
761 4900 0
2677 791 0
2430 406 0
1585 0
3187 0
4766 3866 0
4399 4947 0
650 1623 0
744 3764 0
2020 1866 0
1744 500 0
4603 1991 0
2193 4895 0
92 2914 0
2286 2190 0
3637 4676 0
2034 1394 0
4084 0
2333 3941 0
355 4657 0
1956 559 0
1939 0
440 101 0
297 846 0
3558 3330 0
2033 3631 0
1511 2684 0
3767 3033 0
98 2165 0
3554 4282 0
3738 2836 0
4358 3956 0
2704 0
1932 2844 0
1825 4725 0
1511 553 0
4355 0
4842 340 0
3619 2961 0
7 4142 0
1032 0
2531 3563 0
1141 0
4669 0
1559 4448 0
268 4232 0
1737 2295 0
375 0
4254 3812 0
4627 2946 0
1017 837 0
3528 3433 0
2934 4144 0
2947 2076 0
1871 2843 0
4320 2657 0
1729 3936 0
1429 3072 0
4862 1569 0
930 883 0
623 0
2683 2010 0
4953 4585 0
2151 731 0
2605 0
3060 625 0
3481 0
4058 0
3909 2913 0
738 4803 0
4695 1718 0
2031 1571 0
4800 0
3530 1838 0
294 729 0
1338 3898 0
2328 1418 0
1260 4753 0
441 3449 0
4985 125 0
843 1445 0
689 2543 0
504 682 0
46 0
2669 0
2294 2700 0
406 529 0
4693 654 0
594 3278 0
610 4200 0
1523 85 0
1419 2699 0
4133 404 0
1055 1366 0
2224 1015 0
2746 74 0
1992 2548 0
1181 3280 0
486 2790 0
1428 1406 0
1694 1114 0
2587 3912 0
3159 3661 0
224 4990 0
4740 1410 0
2345 0
364 1243 0
4321 1766 0
4251 2665 0
458 0
2623 4480 0
2077 492 0
2401 1592 0
4314 3477 0
957 0
4594 3671 0
401 505 0
4700 4726 0
1365 3848 0
774 1249 0
4466 3921 0
3596 4951 0
3470 4145 0
352 2817 0
3641 614 0
4095 4073 0
4425 2898 0
2948 0
2177 2315 0
1273 2248 0
3204 959 0
4633 0
4583 71 0
793 4298 0
4187 2162 0
2637 1805 0
455 3381 0
2644 4345 0
964 4510 0
2322 0
2743 509 0
4714 1159 0
1589 3552 0
1212 4425 0
2479 914 0
1288 582 0
1672 0
4634 1994 0
3576 0
2988 1398 0
498 280 0
197 4065 0
3994 0
4279 1099 0
1935 859 0
3341 1660 0
72 1122 0
3898 2755 0
3233 0
1180 3371 0
4903 2999 0
3098 717 0
1040 3840 0
1558 3787 0
2076 0
3356 1247 0
3573 2552 0
1721 3358 0
1735 877 0
1506 1159 0
1407 0
1059 2702 0
402 2411 0
3651 2456 0
4982 2738 0
911 4052 0
585 0
1654 429 0
4531 57 0
4866 3127 0
1772 1398 0
3932 4071 0
2838 3201 0
4938 0
3403 0
3847 0
4146 3064 0
4143 1405 0
2584 0
1108 400 0
3362 3098 0
1539 0
2184 4488 0
3111 2041 0
3909 595 0
3152 4678 0
1494 4048 0
2120 3105 0
101 359 0
3597 0
2252 43 0
2910 2653 0
2473 664 0
973 3886 0
2151 3057 0
4009 0
4851 0
4162 914 0
3309 0
3755 0
2742 4788 0
67 33 0
4186 4396 0
3264 259 0
1267 899 0
2769 1633 0
1028 2952 0
4641 4805 0
1018 0
1326 3389 0
4036 3283 0
3174 2622 0
3340 4607 0
4390 0
1911 1365 0
4156 0
1696 3738 0
943 833 0
1967 2783 0
3700 1895 0
2576 0
3383 4064 0
1575 4986 0
291 802 0
4435 1548 0
3042 4537 0
3542 2063 0
4855 3083 0
1656 947 0
3551 2628 0
2136 0
1584 112 0
3722 1556 0
2341 2722 0
4237 2990 0
4494 1645 0
722 0
4717 2021 0
4446 4205 0
3645 4884 0
480 0
1186 0
3524 3800 0
8 0
2034 1394 0
2520 4675 0
4070 0
988 0
2573 1891 0
3725 3395 0
2672 1907 0
1359 0
4686 1640 0
3278 2701 0
2710 4469 0
3692 221 0
3991 277 0
2501 0
4243 0
2293 0
3035 0
1719 4760 0
4060 550 0
4125 697 0
295 361 0
4427 194 0
1586 4375 0
2797 1516 0
3034 253 0
1373 0
2818 774 0
2445 3294 0
1048 967 0
3454 0
3332 0
1768 127 0
4562 585 0
2794 1233 0
555 1833 0
405 3959 0
716 1318 0
706 0
2280 821 0
1618 3080 0
2174 3873 0
2217 4634 0
979 2202 0
4610 0
674 3295 0
2969 1005 0
2703 2674 0
4848 4862 0
3691 2320 0
3348 953 0
4817 3967 0
569 1843 0
943 812 0
1935 3218 0
2311 2700 0
3802 4736 0
1017 3531 0
1167 2601 0
4264 1113 0
2403 3879 0
715 0
3706 3804 0
3426 513 0
2944 4853 0
1170 2887 0
2416 0
2980 0
889 0
3200 0
2924 3646 0
3362 4456 0
4727 0
354 1423 0
3618 4872 0
3491 279 0
3151 0
3360 2864 0
158 2266 0
1935 3218 0
186 3428 0
2290 4017 0
4573 3851 0
2099 3662 0
2615 3099 0
2018 3913 0
83 1817 0
2125 1163 0
1834 3574 0
2955 3666 0
473 0
1537 2928 0
4120 2917 0
2483 4543 0
1196 0
3087 0
4096 133 0
308 0
3353 4040 0
3231 1386 0
1426 3233 0
3795 4474 0
2256 1969 0
507 1546 0
4431 4198 0
586 307 0
1453 1698 0
3691 4837 0
1030 1224 0
266 2369 0
3689 1826 0
2501 0
4127 3422 0
927 1945 0
2161 4170 0
940 540 0
254 3916 0
4397 4822 0
3299 3479 0
4204 1949 0
2115 2157 0
867 2024 0
251 2792 0
3012 2976 0
4106 0
2210 2891 0
1924 2221 0
4530 3918 0
4450 912 0
2353 3990 0
2727 0
4140 0
368 3554 0
1384 3217 0
2479 0
98 2524 0
1924 1079 0
4567 0
4367 3499 0
4927 796 0
1962 0
909 4238 0
2946 0
4363 1304 0
2119 2653 0
2375 4878 0
2652 0
2337 3828 0
1654 1795 0
3069 0
4308 507 0
2212 4902 0
1519 3068 0
2815 58 0
3637 2639 0
1138 1598 0
2429 2457 0
1531 1395 0
2158 3890 0
1853 1532 0
2901 4514 0
15 4933 0
2136 3441 0
1762 1768 0
3736 1840 0
2474 3794 0
244 0
2555 1283 0
4359 1848 0
1751 2824 0
1484 123 0
2867 3839 0
3272 1439 0
163 0
552 3819 0
447 3746 0
2698 104 0
135 4300 0
3326 0
156 0
4773 2870 0
557 2245 0
3656 0
2317 0
1337 2731 0
4049 3967 0
2240 720 0
3586 3012 0
1615 0
310 657 0
415 836 0
159 1417 0
64 0
579 12 0
3357 0
1899 2144 0
2925 1076 0
1511 0
1807 865 0
2202 205 0
2983 3375 0
3430 1852 0
2926 4799 0
3321 170 0
3462 4767 0
1911 240 0
2067 1779 0
2466 0
4017 2153 0
3904 1989 0
2331 4198 0
4665 2066 0
2927 428 0
3556 4965 0
2075 3643 0
3998 373 0
2308 3188 0
2906 0
4280 699 0
3654 2256 0
3633 0
772 4494 0
764 3170 0
3571 3982 0
4761 3540 0
2509 2611 0
4940 2228 0
834 4182 0
2574 1148 0
94 3366 0
1033 2677 0
3626 4939 0
3399 0
3464 1830 0
243 219 0
2035 717 0
1527 0
1205 3531 0
3529 919 0
2866 1620 0
2189 3659 0
0
2444 1164 0
3457 568 0
1835 2826 0
365 0
492 4980 0
2306 1777 0
3488 2179 0
3626 4464 0
3501 0
1726 2361 0
2860 0
791 2710 0
4104 0
3229 773 0
381 4367 0
4508 415 0
713 0
387 0
3840 345 0
3844 2642 0
1198 1844 0
3329 1755 0
2028 0
4132 3187 0
3720 0
1526 3731 0
3586 3012 0
1918 4253 0
1591 1352 0
1227 0
1016 1907 0
531 1612 0
4882 2390 0
1366 4085 0
520 1435 0
765 0
2735 0
1844 4231 0
910 0
3831 1063 0
4982 701 0
1554 3404 0
4160 428 0
817 4614 0
4351 848 0
2280 4074 0
730 0
4498 4907 0
3288 2696 0
410 4434 0
4016 448 0
499 254 0
4030 1915 0
470 708 0
3077 4147 0
4155 559 0
3104 4644 0
2884 1924 0
3519 4840 0
974 0
4223 4929 0
3073 614 0
2111 3414 0
273 2236 0
300 0
4555 3431 0
2694 4369 0
2491 1568 0
2065 0
4560 0
896 0
1504 4689 0
2907 4443 0
4624 63 0
4748 0
3065 0
4500 734 0
1008 1797 0
3368 21 0
4357 3900 0
3465 2616 0
2566 0
4009 1551 0
2922 1193 0
1907 0
415 4480 0
400 4429 0
2010 3609 0
1496 4069 0
3018 0
1839 3505 0
1770 3091 0
1707 1870 0
990 2331 0
4087 4831 0
3882 4136 0
4364 0
1975 0
3491 0
3266 1452 0
2528 2272 0
4014 0
1230 4355 0
4408 0
2100 0
358 3892 0
3110 0
172 1223 0
1426 469 0
4131 2055 0
2796 4818 0
4179 2249 0
1150 0
4003 4616 0
3825 1233 0
1049 2979 0
548 4814 0
4396 80 0
1761 1723 0
913 4350 0
1703 3000 0
2736 1046 0
4004 3219 0
1355 3604 0
4810 1561 0
3013 4533 0
2574 0
4281 1822 0
572 2723 0
334 4811 0
1355 1948 0
4999 292 0
3677 2076 0
3168 0
1094 3384 0
600 3530 0
4292 0
4134 2854 0
4671 2321 0
1367 3855 0
2428 4452 0
2125 4076 0
2289 2444 0
3337 3877 0
4831 2649 0
2465 0
86 1084 0
845 4668 0
2227 808 0
4941 71 0
2732 0
3329 1913 0
4583 71 0
2542 572 0
3924 3686 0
2783 2400 0
2832 2606 0
867 23 0
1509 0
1436 3547 0
60 3473 0
3392 2627 0
4898 1485 0
4219 4158 0
4146 4652 0
3733 4982 0
3542 3761 0
1974 4138 0
3411 526 0
3783 2402 0
1745 2470 0
2124 2922 0
2760 1239 0
2026 3678 0
2395 0
3722 3387 0
355 3847 0
558 603 0
4405 1336 0
3271 4793 0
2880 2303 0
101 0
3534 3279 0
1340 910 0
2387 1434 0
819 3895 0
4157 0
917 3213 0
3566 495 0
4189 3612 0
377 4690 0
443 0
843 2277 0
3312 1946 0
4665 0
4276 0
4174 3718 0
522 977 0
1479 2788 0
3240 4907 0
1010 2677 0
3664 3076 0
2060 1030 0
4789 4739 0
3931 2885 0
2966 3078 0
2310 0
1538 176 0
3603 4059 0
3388 650 0
4711 2009 0
2794 0
2631 2027 0
1181 3547 0
156 3469 0
3460 3751 0
2778 1469 0
4473 3238 0
4230 0
4535 2848 0
4214 1344 0
1260 364 0
1276 51 0
659 71 0
3749 4731 0
3356 42 0
791 1033 0
2818 2381 0
902 2922 0
755 0
4362 4986 0
2999 4624 0
1821 0
2574 2050 0
4162 914 0
4461 980 0
3316 3181 0
2264 0
526 1190 0
36 0
4351 1335 0
3888 2386 0
1326 1721 0
517 85 0
4852 2001 0
2892 0
3874 4970 0
4007 192 0
1609 3887 0
4020 0
3625 1933 0
1097 4250 0
2241 4658 0
2707 3778 0
981 2582 0
4134 2629 0
3308 1299 0
4371 2683 0
0
1180 3830 0
1679 544 0
3148 2555 0
3926 0
2745 159 0
4852 2001 0
2668 2146 0
582 1408 0
4382 0
4605 0
3166 1213 0
900 4601 0
2841 2362 0
972 2900 0
2466 0
3126 4361 0
1607 0
592 2800 0
3698 1317 0
4237 1258 0
719 3194 0
2468 1732 0
1092 3946 0
3442 4363 0
4441 0
604 0
2977 266 0
2929 100 0
4702 2796 0
1029 1011 0
3722 769 0
4120 1698 0
120 4652 0
578 0
178 0
213 1508 0
4342 3122 0
1108 4275 0
4833 2638 0
3876 4277 0
4254 3591 0
1652 1659 0
3710 4910 0
2913 2987 0
4362 1596 0
3377 0
780 107 0
1056 3914 0
486 0
2793 497 0
1979 2434 0
283 1784 0
3324 4876 0
147 2138 0
1743 1307 0
2857 4405 0
1643 4078 0
684 2744 0
1044 1482 0
1578 1060 0
4696 0
405 0
294 1928 0
986 4101 0
1599 3616 0
4255 0
373 4589 0
3427 1863 0
2782 1647 0
2540 1549 0
3176 0
2844 0
3438 2945 0
1555 3558 0
1948 4000 0
321 4536 0
1375 41 0
2278 2364 0
4638 2367 0
3719 0
4723 3489 0
4593 1552 0
1702 3969 0
659 1171 0
1911 0
302 4085 0
2628 3855 0
390 2282 0
701 1062 0
2235 0
525 3145 0
3740 4415 0
3147 3620 0
1766 4321 0
504 0
157 0
2337 3704 0
4512 0
2821 4436 0
2897 2100 0
1864 860 0
1251 755 0
2937 0
4808 3559 0
1073 4683 0
831 1763 0
4416 4921 0
3506 4979 0
3177 1775 0
2100 369 0
4925 2053 0
2266 2143 0
1502 2533 0
4955 0
333 3081 0
2105 3164 0
3619 2961 0
627 1870 0
4733 0
143 4038 0
776 0
2673 1980 0
312 110 0
3861 3629 0
569 3845 0
1428 0
561 1693 0
3460 4312 0
3841 4621 0
2647 4863 0
4289 0
3232 4650 0
201 4165 0
3335 2486 0
3256 1205 0
1229 0
3833 4501 0
2328 4358 0
4720 771 0
2066 203 0
350 372 0
2631 2117 0
530 0
4637 47 0
782 430 0
2432 3248 0
2088 0
1396 4701 0
970 0
2227 2887 0
1029 1310 0
1140 2347 0
1549 1700 0
4870 0
1530 821 0
818 958 0
4486 3083 0
945 3199 0
1356 4536 0
1859 0
2624 1929 0
4747 4671 0
3507 1823 0
4916 4260 0
843 3426 0
471 2211 0
4370 0
3123 2613 0
3126 1296 0
4533 3325 0
1352 560 0
1632 4033 0
1312 0
2374 0
1095 1176 0
4854 0
1450 1512 0
4766 0
4832 4446 0
3173 3059 0
1839 1341 0
2714 4723 0
2048 0
1493 0
2366 1985 0
4450 908 0
4207 3632 0
3416 696 0
1566 4404 0
3896 3410 0
3133 756 0
3195 4559 0
4937 3553 0
2693 3728 0
710 3273 0
331 2386 0
3573 2552 0
1001 4494 0
3561 2788 0
1898 0
3880 362 0
721 0
2703 827 0
3242 2691 0
4898 4288 0
948 4359 0
1278 2354 0
1308 2532 0
3743 2450 0
3088 943 0
3932 4071 0
543 4113 0
3489 4550 0
2096 3585 0
3668 2470 0
1758 4935 0
456 4646 0
1251 3139 0
1164 4077 0
2542 0
850 4091 0
2533 2380 0
3189 0
4689 2407 0
726 4063 0
1159 4067 0
4299 2355 0
2690 213 0
4195 3830 0
4515 1366 0
642 2598 0
3793 1450 0
2192 1214 0
2237 0
4288 0
2572 2083 0
1148 2574 0
2450 3743 0
4279 4222 0
4556 2734 0
730 3500 0
155 3419 0
517 856 0
1548 3464 0
1693 561 0
4500 1665 0
1909 1373 0
2569 4842 0
1606 0
2280 3873 0
4336 4795 0
276 3382 0
1065 1601 0
1178 2606 0
1586 644 0
372 1421 0
2928 3814 0
3688 2262 0
2780 4173 0
458 2780 0
764 3170 0
2395 1078 0
372 350 0
1848 2316 0
3887 1647 0
4308 4620 0
2707 1443 0
3464 1830 0
886 1938 0
568 0
1714 4756 0
1751 2824 0
466 1106 0
1505 4063 0
911 2338 0
969 1236 0
420 2706 0
1191 4954 0
3987 3915 0
1242 1344 0
3865 746 0
3327 0
1280 0
3413 0
1983 2832 0
2778 4404 0
3275 3087 0
939 4851 0
4374 435 0
1247 0
3274 2031 0
3716 1874 0
2249 649 0
4977 4622 0
4460 0
3598 0
3168 1689 0
3636 2727 0
61 1637 0
403 2191 0
4784 1961 0
1568 0
225 4582 0
1055 620 0
4857 4565 0
1955 644 0
3231 1386 0
4648 4894 0
3552 4558 0
3069 4483 0
2451 1451 0
749 344 0
221 4401 0
329 143 0
1212 0
1216 4362 0
3770 0
1906 4814 0
1545 2332 0
3813 2953 0
2015 0
1526 3928 0
2842 0
3653 3817 0
4842 795 0
2145 0
3546 2054 0
1811 4988 0
950 4244 0
4588 3566 0
3775 0
3881 0
4396 1139 0
2110 4341 0
2766 498 0
2118 2538 0
4460 0
3896 2978 0
2184 1303 0
3053 2449 0
4212 66 0
2171 4777 0
3388 650 0
852 3937 0
4962 190 0
277 1786 0
1136 3809 0
2438 2998 0
4477 257 0
1801 4501 0
2776 0
3172 3343 0
4774 4360 0
190 4878 0
2908 4551 0
4391 4349 0
3861 1404 0
691 0
1521 0
1649 1889 0
4025 2439 0
4040 1483 0
4600 0
3716 0
4885 2856 0
763 1699 0
4244 1270 0
3396 4797 0
4877 4785 0
3124 3532 0
3075 0
3001 3543 0
1598 548 0
429 2149 0
2954 3643 0
2843 947 0
2060 888 0
2016 3347 0
4276 1652 0
4629 3341 0
4825 940 0
974 1507 0
3874 1115 0
814 1233 0
734 0
2745 0
3270 1950 0
2974 2815 0
1295 4920 0
4988 1803 0
3528 3433 0
3054 2931 0
3870 2753 0
2931 2147 0
1302 3336 0
525 3145 0
864 290 0
1693 4256 0
4084 4167 0
1831 2109 0
3317 2037 0
1120 3615 0
3816 2205 0
1178 49 0
274 0
4294 0
1937 4437 0
1402 1746 0
2372 2343 0
725 1203 0
4119 3200 0
3853 3553 0
1825 3897 0
1707 0
3215 4492 0
3452 0
3316 3727 0
1881 0
3761 2063 0
1549 886 0
754 833 0
2840 3969 0
2567 1990 0
2488 2075 0
3528 4310 0
199 3303 0
4135 0
3447 0
627 707 0
1839 1112 0
1357 1375 0
3537 3042 0
2177 404 0
3129 0
4451 0
3710 1488 0
349 544 0
4695 0
3299 3479 0
62 2312 0
3377 1326 0
2521 1922 0
3770 1353 0
2934 0
2040 0
390 4258 0
2697 0
4930 2873 0
2658 2231 0
3842 3267 0
4937 3853 0
2568 2468 0
2255 0
1883 0
877 1715 0
1711 4175 0
2295 3837 0
4622 3525 0
4324 1577 0
2602 1289 0
3227 0
1803 0
1307 848 0
500 2666 0
1495 4812 0
4144 483 0
1180 1509 0
3572 3431 0
632 3127 0
2713 2230 0
231 2824 0
2439 0
2425 3878 0
3391 0
590 2151 0
4598 2043 0
2063 3542 0
3823 3604 0
686 160 0
3638 165 0
3953 1597 0
1822 3088 0
3908 965 0
3622 690 0
4786 2904 0
1085 2504 0
3901 3883 0
1762 3088 0
2838 1247 0
2537 0
1644 1791 0
1398 0
3602 0
1923 4380 0
4798 0
1329 592 0
3891 4024 0
4004 3435 0
2067 3175 0
715 0
1226 3931 0
4416 0
3335 2618 0
2749 550 0
1808 295 0
3444 3302 0
2284 3342 0
3128 2791 0
3275 1439 0
4058 594 0
539 0
2835 0
972 1294 0
2269 3353 0
1654 704 0
3793 3325 0
1255 0
85 4045 0
4872 4706 0
2475 721 0
2143 0
1772 707 0
2536 4988 0
2017 4190 0
2102 0
2009 4711 0
3913 4315 0
1905 295 0
1490 127 0
4799 0
1584 620 0
3352 1677 0
3364 1799 0
2146 1287 0
4015 4933 0
1820 0
0
2595 3120 0
1834 0
3530 0
380 1367 0
4212 4281 0
3032 0
97 2064 0
665 3467 0
1776 3689 0
1516 4699 0
2967 788 0
4617 409 0
187 4754 0
412 2534 0
2834 3156 0
3203 2524 0
4908 0
1268 0
331 1476 0
436 1289 0
2659 4047 0
3635 1341 0
1820 3925 0
1454 4098 0
605 441 0
4580 913 0
451 4231 0
1578 0
4663 2611 0
4412 998 0
1412 0
270 4328 0
1536 4790 0
3871 356 0
1350 1700 0
1532 4971 0
994 3643 0
2691 123 0
1947 4203 0
2826 0
2580 0
3320 4660 0
2620 4227 0
2 3230 0
3064 713 0
2714 1361 0
2612 860 0
3570 0
4484 0
1784 4779 0
3025 0
3532 0
1707 1241 0
4596 2843 0
4738 3118 0
284 0
3716 0
3348 0
1117 3882 0
4997 3690 0
2222 4734 0
1342 0
4781 1314 0
2462 2208 0
4625 3303 0
1025 361 0
2089 4856 0
3720 1692 0
2582 981 0
4140 0
1587 0
918 3112 0
113 237 0
162 838 0
101 549 0
1422 260 0
0
2705 0
2309 4889 0
2169 581 0
2889 0
2903 4015 0
4555 3431 0
1023 568 0
2117 3860 0
206 1202 0
4724 0
3298 3820 0
1619 1301 0
1527 0
1118 2082 0
4874 4828 0
4331 0
1311 240 0
4429 1274 0
4896 4762 0
4794 1855 0
1034 4030 0
2791 3128 0
1850 3703 0
3041 1399 0
1506 0
536 2020 0
2234 0
3882 0
2827 4177 0
3695 0
254 3916 0
632 4757 0
4235 140 0
4656 601 0
720 2624 0
4616 2756 0
4154 3267 0
1710 2844 0
3166 0
53 0
2330 1424 0
4170 1456 0
2152 0
1312 0
2184 1303 0
4570 3334 0
2172 913 0
2641 4944 0
1834 868 0
1450 1147 0
2337 3594 0
2084 3713 0
3404 1063 0
4000 0
3361 4139 0
147 4882 0
873 786 0
1528 4354 0
1804 4892 0
4296 2866 0
4726 644 0
17 2394 0
4193 1066 0
3823 1496 0
3208 4037 0
2056 1879 0
3843 1982 0
2092 2712 0
2270 3920 0
2049 756 0
38 3851 0
903 3586 0
4402 2957 0
3760 935 0
2734 4911 0
3500 730 0
883 930 0
3434 3090 0
3267 3541 0
4138 2453 0
30 0
1841 462 0
3774 0
1535 2459 0
2519 2787 0
4525 3868 0
615 2701 0
301 1293 0
2721 2832 0
1484 0
505 2579 0
4572 3495 0
753 37 0
4415 2461 0
40 4724 0
76 3075 0
1712 4270 0
2326 4912 0
2055 2665 0
2217 0
1119 2461 0
3648 0
261 1461 0
4575 3015 0
292 0
3403 1035 0
277 0
3929 1720 0
4991 2250 0
1616 0
4386 468 0
4780 1624 0
1656 0
19 675 0
3223 3311 0
3609 4740 0
1534 2805 0
1031 2361 0
4948 0
3078 1972 0
106 817 0
3043 0
3027 0
1541 3338 0
4299 1507 0
1866 161 0
4717 3811 0
1427 2406 0
909 4775 0
2206 23 0
3723 1086 0
4229 1522 0
2631 3614 0
3006 1800 0
321 0
3685 0
1781 3274 0
4357 183 0
3631 227 0
1897 3014 0
4456 3362 0
106 4266 0
3794 3250 0
1213 3166 0
22 374 0
1441 1929 0
1448 3111 0
2263 1478 0
1741 3451 0
1256 1665 0
1202 2081 0
2118 2663 0
3652 2078 0
2179 1717 0
453 514 0
1628 230 0
1794 4410 0
1133 118 0
1567 3198 0
3546 4545 0
4131 3515 0
1342 816 0
2247 3944 0
4252 2494 0
2625 3933 0
2592 1030 0
3353 4410 0
1676 3120 0
2822 3007 0
2561 3265 0
1284 3926 0
4460 203 0
4329 0
4694 0
3151 856 0
4668 845 0
1788 1916 0
3110 1952 0
1970 730 0
112 1584 0
3474 0
2947 0
2268 2993 0
4972 0
4601 900 0
3187 0
3222 4487 0
4364 2680 0
7 573 0
597 3713 0
4393 0
1492 2840 0
1972 3293 0
2621 5 0
1409 3935 0
3509 195 0
623 3005 0
2140 379 0
828 4635 0
1884 0
52 2234 0
173 3481 0
3474 2488 0
4451 0
3662 2892 0
2154 2897 0
4894 1588 0
4603 252 0
760 2728 0
2975 0
1802 0
3904 1904 0
742 0
398 0
3292 0
3683 394 0
1600 0
4844 0
496 2585 0
4615 4008 0
4068 611 0
3185 2826 0
3955 3614 0
2538 2709 0
3237 4764 0
4772 2739 0
1476 3624 0
81 1451 0
4919 2077 0
798 4760 0
2206 0
4796 1724 0
2058 2923 0
562 977 0
1626 277 0
4449 1667 0
2457 2584 0
4242 1650 0
4686 486 0
2923 0
1614 2181 0
3441 484 0
2964 4468 0
3512 866 0
1162 652 0
4738 3498 0
1989 4724 0
4856 1884 0
158 3207 0
2903 0
1680 2425 0
3808 3477 0
3601 0
360 3493 0
3367 4730 0
2977 408 0
1601 2413 0
2708 4977 0
635 2665 0
369 0
3844 2972 0
2332 1599 0
611 4880 0
3486 3506 0
1257 3747 0
466 0
2968 4623 0
1563 0
1116 0
2237 3215 0
332 3998 0
534 0
4028 3781 0
4375 1978 0
765 2007 0
2230 4016 0
2933 0
837 577 0
4985 0
3685 3606 0
3985 3631 0
3944 256 0
619 4026 0
2747 1986 0
4043 1717 0
3521 4056 0
139 2596 0
4572 1986 0
4069 4917 0
4488 1385 0
1682 4983 0
2257 275 0
2834 4680 0
3760 39 0
90 0
4448 432 0
4506 3807 0
2277 1445 0
3716 1206 0
1376 258 0
956 2909 0
3476 4384 0
4775 10 0
3386 0
1832 2187 0
3845 2774 0
468 4386 0
205 1142 0
3854 0
4559 0
2248 3339 0
298 4076 0
2118 3996 0
2603 114 0
1054 4581 0
841 2529 0
2056 2564 0
4864 2293 0
3679 1716 0
3495 2178 0
29 864 0
2839 4123 0
1896 0
1981 2471 0
512 4821 0
285 602 0
1924 3695 0
2299 4529 0
2814 4368 0
717 1015 0
898 3400 0
3535 0
2445 3294 0
4372 4940 0
4420 610 0
241 2563 0
3533 983 0
915 555 0
3256 1340 0
3640 3318 0
1730 1931 0
2922 1193 0
3215 0
3698 0
3364 0
720 0
622 74 0
2148 360 0
2487 2144 0
3699 0
3738 1987 0
4304 1901 0
805 3034 0
1273 3822 0
2785 3470 0
1625 0
4513 3684 0
4092 0
1087 4645 0
779 0
1359 0
2464 1969 0
3666 0
4476 1514 0
4992 4613 0
2323 4228 0
1154 0
4865 4213 0
1001 3328 0
250 1829 0
4923 0
158 0
653 367 0
1988 1119 0
2025 0
3920 1370 0
3584 3535 0
4412 0
2292 0
2183 219 0
3955 3772 0
3468 4233 0
4056 2180 0
2357 2014 0
274 4981 0
4074 2174 0
3378 0
3534 2502 0
3259 3346 0
242 0
3517 0
2427 523 0
2467 3567 0
2640 3694 0
2806 1290 0
1993 1131 0
3893 4423 0
3297 0
2051 0
892 835 0
2608 628 0
2795 2908 0
597 3713 0
1923 0
2085 4734 0
2241 4658 0
3770 3438 0
38 1965 0
3222 1332 0
4412 998 0
3768 3436 0
395 0
2646 2078 0
2011 2544 0
853 4889 0
1608 1670 0
4127 3036 0
62 646 0
3930 0
780 1327 0
4026 0
1412 1848 0
1594 4038 0
1308 4910 0
1980 0
2869 4837 0
575 0
3342 1792 0
257 0
4632 2599 0
818 0
2256 999 0
2675 2305 0
2008 1818 0
4341 2110 0
3370 2523 0
4198 1070 0
1647 1545 0
2258 1695 0
2737 0
326 0
4857 0
3373 0
4140 1887 0
3276 0
1688 2934 0
3726 2722 0
223 387 0
3289 2276 0
1616 3234 0
3471 4459 0
1428 626 0
1761 3062 0
4739 0
4024 3765 0
1956 0
368 912 0
91 4705 0
4694 4465 0
1278 2741 0
68 2619 0
382 2344 0
2087 1227 0
4793 1622 0
4535 4913 0
234 2257 0
1204 4258 0
792 221 0
1771 3804 0
2357 0
4772 2739 0
2579 0
2866 524 0
725 0
4340 1923 0
1295 4094 0
3888 3305 0
3468 2276 0
3487 2412 0
4745 4844 0
4414 2134 0
1378 634 0
1562 1543 0
471 2056 0
3427 1348 0
1788 3708 0
1861 0
3350 20 0
248 3562 0
3395 2388 0
613 4627 0
3305 0
4293 1631 0
4905 0
1847 0
4882 0
2994 0
3669 3557 0
2148 3493 0
17 1077 0
2604 464 0
3351 4871 0
0
164 3525 0
1814 4695 0
4897 2783 0
1592 0
3337 630 0
2343 0
3705 1166 0
785 0
4013 2088 0
4072 0
3564 1687 0
3622 690 0
4637 1424 0
4280 88 0
2222 1878 0
2833 3057 0
1017 1415 0
4030 0
2560 4102 0
1080 4840 0
2031 1226 0
4484 2020 0
4471 3241 0
901 0
3259 0
951 1629 0
3443 3319 0
2545 0
3440 44 0
432 193 0
652 4095 0
2457 2584 0
359 1203 0
1914 950 0
4961 0
2244 0
2571 2519 0
1686 2512 0
1789 875 0
3230 1861 0
3487 2373 0
1319 4025 0
3044 2877 0
2864 811 0
1127 358 0
3572 2365 0
1290 0
2454 518 0
491 1059 0
1555 3330 0
3251 4964 0
4884 0
4712 0
3945 1352 0
3938 0
2060 0
4639 0
2846 1115 0
624 3796 0
1130 685 0
1350 1433 0
1535 1955 0
3182 1580 0
1975 2314 0
1627 114 0
108 0
1520 209 0
331 0
4093 0
3180 2526 0
2252 0
3881 0
3668 1862 0
615 1790 0
1430 4668 0
2644 664 0
711 3199 0
721 3516 0
2084 1718 0
4057 414 0
4532 683 0
1422 2027 0
1363 1702 0
2884 916 0
4594 2405 0
3899 786 0
4504 1588 0
2333 545 0
3864 4381 0
975 4519 0
2590 2786 0
138 0
2265 779 0
2661 0
4027 3033 0
345 3840 0
651 614 0
4361 876 0
4680 2187 0
2044 1665 0
4318 4908 0
1424 2410 0
1432 2149 0
828 2093 0
3534 708 0
4487 0
3109 273 0
735 0
4214 1344 0
2160 1553 0
4107 1733 0
2611 3472 0
3452 0
2525 2863 0
1686 391 0
4777 0
4966 3164 0
186 2980 0
4681 502 0
65 4329 0
578 1671 0
2571 3068 0
430 4199 0
1117 4662 0
1735 877 0
3593 4209 0
2165 2784 0
4130 3071 0
3930 0
3363 1172 0
1847 2272 0
715 936 0
3080 2751 0
2632 2759 0
1351 100 0
2791 0
2900 1793 0
2349 1777 0
2074 620 0
1812 2215 0
4653 1044 0
4073 2167 0
1453 872 0
1926 2345 0
2723 820 0
3840 689 0
4705 1534 0
1831 0
1505 726 0
1466 4831 0
3784 4912 0
3247 4677 0
1729 2812 0
3213 917 0
1883 0
3919 4633 0
3459 1940 0
4526 95 0
288 4145 0
607 2669 0
1210 4588 0
449 2753 0
77 928 0
1648 3396 0
3648 3655 0
4513 672 0
2938 405 0
3571 723 0
4218 4672 0
3075 0
43 2252 0
4243 962 0
3857 0
4222 0
2295 1737 0
162 371 0
1628 0
1135 0
3282 0
3411 0
4677 3880 0
643 0
4836 1047 0
2974 641 0
981 0
656 2205 0
685 3233 0
2877 3044 0
3427 0
3912 3785 0
2648 0
4453 3317 0
3407 0
2962 0
2915 2132 0
4888 0
467 1096 0
2008 0
2329 4341 0
3253 3002 0
4594 2405 0
4360 2769 0
1363 2480 0
1836 0
3922 0
1627 0
1011 1310 0
3775 3415 0
1639 2832 0
2018 1002 0
3912 4368 0
3027 1804 0
518 4639 0
445 2428 0
3428 2980 0
2905 2804 0
1878 4161 0
1032 4950 0
2562 3648 0
2811 0
4221 3815 0
2023 0
204 4166 0
2954 994 0
3647 0
970 0
3446 2041 0
2002 0
2043 0
4468 0
3885 4180 0
2226 2271 0
636 1540 0
2117 3614 0
1759 0
1106 0
1829 409 0
3421 0
3915 3315 0
252 0
1020 11 0
4847 326 0
1018 3694 0
2189 1020 0
2972 2761 0
1209 2013 0
4345 0
2849 1242 0
4987 4702 0
2158 1388 0
3786 984 0
4450 4413 0
422 2810 0
1328 0
2149 0
3569 0
541 0
4991 0
3317 2771 0
3460 1237 0
4708 3533 0
1221 0
3777 4576 0
733 4851 0
739 4055 0
4245 2118 0
2422 0
2830 4251 0
2491 1582 0
3799 3897 0
4314 3477 0
607 1214 0
3882 4188 0
1605 564 0
1909 0
4525 0
1086 4216 0
4496 0
999 4050 0
2550 583 0
1322 1217 0
934 4676 0
1058 2735 0
1380 0
682 1660 0
4371 2010 0
1511 2482 0
485 93 0
3642 0
4930 1583 0
283 426 0
3779 2441 0
746 3358 0
1592 4834 0
1126 0
4804 3140 0
1103 0
3339 2248 0
2725 3224 0
4942 3010 0
4590 104 0
4849 1300 0
4127 892 0
1764 594 0
4231 451 0
3723 174 0
3374 4219 0
1211 4082 0
2243 2487 0
1443 3507 0
4816 0
4653 0
3160 2812 0
3843 272 0
1872 379 0
2251 3684 0
3263 4153 0
1176 0
1782 4921 0
29 0
1744 3084 0
4845 1260 0
2317 1594 0
2073 730 0
1637 61 0
572 268 0
382 0
2518 3165 0
1425 2829 0
1452 1632 0
194 535 0
3234 3366 0
2699 4458 0
3372 3333 0
4159 0
3321 3715 0
4556 728 0
850 0
1885 1046 0
3113 1991 0
3733 0
4090 2891 0
2144 2243 0
278 0
3789 0
4568 0
3440 0
159 1630 0
2448 74 0
2396 0
803 2459 0
2958 4088 0
1673 2559 0
2978 3896 0
2621 1427 0
2113 271 0
2360 869 0
3607 0
2609 4194 0
919 0
2835 2284 0
1759 4993 0
1239 3949 0
341 3792 0
2357 3293 0
3733 2490 0
4559 3390 0
1590 0
4812 1745 0
4398 4576 0
116 0
3817 0
2465 1836 0
3794 0
3748 0
2896 0
569 832 0
3010 4942 0
4439 4728 0
107 0
4404 3977 0
1113 1770 0
2452 366 0
4422 2264 0
1545 3887 0
1259 0
3998 3141 0
3470 2556 0
2935 1502 0
4952 932 0
3939 3561 0
4247 2086 0
4914 1640 0
1244 4317 0
3526 798 0
1921 0
1550 4304 0
1816 4433 0
4751 4987 0
1827 4699 0
3895 520 0
2253 0
486 0
843 0
1783 2618 0
2306 1777 0
3856 1455 0
1534 49 0
4605 2218 0
1035 503 0
2341 2722 0
2858 885 0
593 2096 0
658 3497 0
3210 0
2199 2187 0
3317 2656 0
1945 135 0
137 718 0
463 352 0
2021 2437 0
3653 0
2787 1331 0
3209 3190 0
431 0
1813 3354 0
328 3379 0
770 2722 0
1268 1663 0
4177 4347 0
336 4645 0
3673 1425 0
2379 3427 0
938 4979 0
1521 2073 0
106 4266 0
4765 4107 0
3771 4904 0
37 2510 0
3349 0
1247 692 0
3507 1443 0
4909 3503 0
792 3692 0
4263 2862 0
95 4526 0
1710 1112 0
785 3037 0
990 4332 0
2195 2909 0
177 0
1344 3397 0
25 0
1899 975 0
28 3058 0
4953 0
1277 4134 0
4359 948 0
4372 0
3206 2287 0
1793 885 0
96 122 0
4950 165 0
3009 104 0
1442 0
3026 2525 0
3046 2829 0
335 2136 0
1620 0
4223 4929 0
1999 387 0
3691 1727 0
1101 4111 0
475 2051 0
4718 0
225 0
4813 392 0
3655 191 0
1711 0
1783 3044 0
1567 3198 0
3975 0
4517 3222 0
222 2094 0
812 833 0
2809 2858 0
2221 1924 0
557 0
1782 1387 0
2445 808 0
4325 2985 0
3767 554 0
3595 0
2529 2131 0
4204 3682 0
776 1401 0
4222 1519 0
754 2882 0
1442 1160 0
2874 4631 0
670 377 0
93 2685 0
307 64 0
4514 92 0
2072 0
4015 4528 0
2787 4786 0
3856 2715 0
605 0
1173 1890 0
4433 318 0
2698 104 0
924 2653 0
4005 1266 0
2761 4780 0
4888 0
4514 1208 0
2132 0
4629 2711 0
4743 1881 0
42 2114 0
2342 0
116 0
3004 1851 0
251 2792 0
1083 2494 0
948 4359 0
1076 0
1615 0
2219 4879 0
1302 78 0
1351 2532 0
515 1669 0
4682 1158 0
1370 0
3271 56 0
4144 483 0
2071 2533 0
2565 3982 0
4595 928 0
1316 3959 0
3018 3001 0
4659 4996 0
4073 0
2838 0
4505 4482 0
374 3043 0
3443 255 0
4957 0
3085 0
4324 2403 0
604 1243 0
149 4313 0
1675 0
2179 1463 0
4192 0
2097 1704 0
4521 3666 0
4267 1304 0
4422 250 0
1383 4102 0
2504 0
2785 4145 0
3619 0
2228 2856 0
3027 4599 0
455 663 0
2219 2927 0
4643 142 0
1359 2194 0
2640 4541 0
2611 2509 0
2348 2420 0
2454 0
2006 341 0
4322 3082 0
933 957 0
2490 2254 0
3586 3108 0
4301 408 0
3896 784 0
1049 4253 0
2346 1406 0
453 1895 0
3921 2433 0
4461 2382 0
239 3163 0
4651 1071 0
1876 4662 0
2913 4888 0
1707 1114 0
4130 3071 0
1697 3316 0
2069 1523 0
574 4749 0
1995 1988 0
3688 4423 0
1244 4654 0
2544 2352 0
3022 4428 0
4230 2438 0
2481 4903 0
2567 3075 0
2285 2899 0
423 2137 0
1623 650 0
109 3871 0
587 3910 0
721 3516 0
2683 431 0
1375 41 0
132 4590 0
2072 4942 0
2678 1659 0
4400 3903 0
1832 2496 0
1871 0
4575 858 0
835 2311 0
3737 3454 0
2899 0
3707 3107 0
2022 1427 0
4620 507 0
4428 0
4441 4932 0
1028 2952 0
87 2597 0
4130 714 0
2420 4599 0
4934 0
4345 0
3915 3315 0
4302 0
3741 46 0
4408 1125 0
4800 0
1529 0
1027 2803 0
371 2573 0
1906 4814 0
2551 1143 0
249 3584 0
1399 3383 0
3264 259 0
374 4853 0
1783 2618 0
2454 2610 0
3673 4169 0
1578 2727 0
698 3102 0
2644 664 0
94 315 0
699 0
3539 4285 0
3645 0
70 1158 0
3115 4678 0
3565 4522 0
2833 1533 0
4588 0
3173 4239 0
625 2133 0
4750 1126 0
1597 1723 0
505 0
1262 0
842 0
2932 4545 0
3159 629 0
2894 1519 0
1920 3225 0
3595 239 0
2200 4143 0
4319 637 0
3641 4693 0
3406 0
459 0
4788 1518 0
668 696 0
3434 4643 0
2261 3282 0
1618 3896 0
4795 3702 0
633 4322 0
982 0
1582 2491 0
1974 0
645 3836 0
3272 0
66 4544 0
1191 3783 0
3434 2966 0
1812 2717 0
2209 4581 0
3797 0
2317 397 0
2198 2986 0
1421 1543 0
4335 0
2765 4456 0
3545 567 0
2644 664 0
2786 0
1059 2702 0
3566 495 0
1431 1310 0
2739 4772 0
2648 1503 0
1661 3254 0
149 3458 0
1250 273 0
2671 1605 0
3721 3123 0
918 0
4571 762 0
1898 245 0
235 4678 0
2387 103 0
2297 1946 0
1781 3514 0
2374 2112 0
675 0
2378 0
4273 2469 0
1455 2804 0
612 2294 0
3522 530 0
3461 4096 0
632 2345 0
4317 1244 0
658 2617 0
1860 4844 0
3546 4545 0
919 4716 0
1895 2705 0
456 3243 0
2436 1567 0
2016 0
2673 4737 0
4055 2662 0
2400 188 0
3581 4066 0
4309 4589 0
1787 2322 0
3301 810 0
3097 4390 0
1752 3611 0
4850 2655 0
1418 4358 0
124 4721 0
2128 522 0
4454 954 0
108 1962 0
4181 3261 0
916 4137 0
720 2624 0
2419 0
4765 4680 0
902 1193 0
144 3850 0
4833 1942 0
3210 4236 0
1008 1517 0
686 0
2890 376 0
2105 3235 0
1314 1671 0
152 3348 0
4918 946 0
2343 0
1560 1242 0
764 0
3618 3596 0
4033 1257 0
2065 0
2622 3997 0
3875 4329 0
2600 2789 0
4980 0
618 0
2456 0
4419 2185 0
3876 0
1580 0
1903 0
1217 3011 0
1835 3290 0
1869 1650 0
176 1416 0
2011 2996 0
4430 2220 0
2155 0
2486 3864 0
124 4316 0
1393 0
4110 719 0
1701 2895 0
4403 970 0
3611 0
1567 3275 0
2807 2000 0
4327 0
1247 2918 0
3428 2612 0
98 2524 0
1228 3548 0
1316 57 0
4824 3567 0
3613 34 0
2012 4260 0
2642 4666 0
4708 4926 0
598 2418 0
1976 3351 0
2736 917 0
4691 3429 0
4182 3421 0
4884 0
4808 0
2499 3370 0
4352 4968 0
2845 4417 0
2120 3105 0
283 2688 0
634 3311 0
3425 2725 0
1920 536 0
4111 0
3231 1587 0
3107 3413 0
503 773 0
1782 4978 0
831 965 0
1821 2489 0
2930 1426 0
2046 1616 0
1709 676 0
2754 0
4764 1305 0
1144 4968 0
222 4079 0
3602 4949 0
2348 4789 0
639 4834 0
4868 3297 0
4761 797 0
4311 1517 0
2544 0
4867 4677 0
1669 2930 0
2273 3134 0
2474 711 0
1500 4964 0
1749 4866 0
3002 423 0
2901 0
3151 920 0
3531 1340 0
2985 3672 0
3003 534 0
4934 4681 0
617 2991 0
2925 0
2567 3000 0
387 1039 0
4217 59 0
826 3970 0
1632 0
3842 4154 0
3143 4000 0
2898 1595 0
4882 1334 0
56 667 0
2973 1356 0
4558 2417 0
2245 961 0
3087 952 0
3774 3957 0
4027 3767 0
2409 4058 0
1075 1491 0
1235 1436 0
4045 3260 0
580 3805 0
2718 3687 0
3208 2012 0
3948 0
895 3254 0
244 3167 0
3425 3224 0
2276 3183 0
1115 2455 0
450 1257 0
2883 3754 0
1051 3090 0
1194 2610 0
1896 4438 0
4223 0
3697 1767 0
3820 2383 0
3479 4241 0
1816 0
3017 9 0
3729 3444 0
199 1725 0
3607 0
3888 1566 0
4525 4369 0
2695 3822 0
3698 494 0
4869 2166 0
3414 0
634 4512 0
1946 4608 0
1281 3162 0
722 503 0
4710 683 0
3181 533 0
3250 945 0
3432 4086 0
1934 2772 0
4660 4479 0
2921 0
874 777 0
1022 1499 0
4876 1864 0
3793 0
1749 4866 0
900 130 0
4885 0
590 0
3630 1887 0
3621 4724 0
1425 3673 0
4078 4510 0
3086 4838 0
3815 3191 0
2568 2468 0
151 2296 0
764 3170 0
4118 1097 0
1868 0
2916 4629 0
4886 0
2159 3291 0
3927 3549 0
1745 498 0
4934 2516 0
2039 2016 0
825 0
1191 3089 0
20 4899 0
1976 462 0
3545 864 0
2269 1642 0
854 4860 0
4435 1524 0
4577 1200 0
4775 2023 0
3377 3389 0
4713 3635 0
2829 3046 0
491 2446 0
929 2765 0
1315 134 0
3171 1799 0
4921 1387 0
3234 2004 0
1597 3953 0
2865 191 0
2122 1591 0
1424 2410 0
3830 4195 0
3333 0
342 1728 0
4158 0
311 200 0
4051 3864 0
4269 1471 0
3518 1882 0
1662 2019 0
4592 4089 0
3453 425 0
1806 4424 0
2637 3420 0
4443 3412 0
4135 1241 0
4662 0
4685 306 0
352 650 0
1264 4269 0
1701 833 0
4059 3603 0
2964 220 0
865 1807 0
1536 1850 0
4149 2388 0
3970 1846 0
3380 226 0
2451 0
2441 2864 0
4241 299 0
1395 0
741 4997 0
1035 773 0
1554 1505 0
3235 4966 0
1648 2064 0
3193 1393 0
3150 0
3307 0
4017 4305 0
4804 3581 0
2907 3791 0
4825 3286 0
4698 89 0
2234 347 0
4714 696 0
1321 3812 0
4070 599 0
963 6 0
252 353 0
4182 834 0
399 0
2026 3678 0
3635 4696 0
3165 2725 0
4490 4056 0
4550 1361 0
2980 186 0
2552 1734 0
1433 2458 0
3105 2443 0
4261 0
2570 4684 0
142 4126 0
2626 0
2093 4562 0
1516 566 0
2772 2945 0
1202 2880 0
3304 3734 0
2259 0
2847 2909 0
3319 32 0
3312 1946 0
2119 3569 0
1000 2041 0
4930 1583 0
3226 4442 0
1381 3324 0
446 3288 0
2920 2768 0
606 3766 0
527 4746 0
3737 3276 0
320 4217 0
2070 0
3563 4809 0
501 149 0
4838 0
212 4626 0
167 996 0
285 4965 0
4741 4925 0
187 3989 0
3655 3648 0
1229 2291 0
2731 964 0
3829 206 0
3548 1228 0
288 0
3707 3228 0
445 4527 0
3587 60 0
3193 0
4302 0
169 2808 0
2141 3808 0
204 0
4967 4241 0
2528 1122 0
173 0
4640 1102 0
386 3432 0
3354 3781 0
618 2730 0
1246 148 0
2412 0
2179 4815 0
1462 4153 0
4058 2409 0
2214 0
1828 788 0
545 4022 0
3401 3081 0
316 2747 0
3190 0
4633 658 0
4738 3211 0
2852 4472 0
2126 4796 0
2915 4242 0
4133 0
202 4113 0
2566 0
1341 3424 0
148 4890 0
2229 610 0
3705 2163 0
3227 0
1900 1748 0
2537 1812 0
2397 866 0
3942 0
2031 1226 0
2379 1464 0
595 1324 0
4171 1271 0
4397 897 0
256 2057 0
412 3952 0
473 4378 0
287 2336 0
1299 1317 0
4491 0
164 343 0
4760 0
193 2190 0
3433 4284 0
4716 931 0
3925 4047 0
1340 1845 0
612 2294 0
3649 2733 0
708 4071 0
2477 281 0
2938 816 0
3042 259 0
689 2543 0
2748 2168 0
1529 3035 0
3842 1931 0
2063 431 0
3001 3018 0
2668 640 0
1032 290 0
370 2270 0
3709 2325 0
521 4579 0
319 0
3775 497 0
4180 3885 0
3273 710 0
3056 0
4282 934 0
4868 2292 0
2744 4965 0
313 4956 0
2338 1555 0
837 577 0
4319 3072 0
3939 868 0
2828 4703 0
2759 2531 0
4975 4437 0
1379 0
495 760 0
3930 4824 0
3299 4509 0
3023 4932 0
4506 1672 0
3982 422 0
2365 2120 0
1785 18 0
4318 1465 0
4028 3484 0
1752 525 0
3190 2155 0
849 3200 0
4568 2842 0
263 4711 0
1458 3728 0
3460 1237 0
1343 0
2477 0
1151 0
4164 4400 0
4869 2166 0
2660 2767 0
264 3167 0
1736 269 0
3409 0
4105 4179 0
1850 4790 0
3704 2337 0
420 4225 0
4398 2660 0
3870 4549 0
2898 3269 0
3320 3 0
2518 3165 0
205 0
904 4498 0
4059 4697 0
1948 0
2865 0
621 2224 0
3790 584 0
2888 4489 0
631 4740 0
1804 2609 0
1641 0
3730 0
3284 4037 0
3860 3955 0
855 0
2782 1545 0
2109 1680 0
4706 3588 0
960 0
1418 0
4386 2005 0
3349 3089 0
2318 3710 0
2386 2371 0
2038 1291 0
4464 314 0
4660 0
1049 3676 0
1824 4103 0
1887 0
227 0
1622 2358 0
3111 4518 0
1440 3926 0
2580 4713 0
1452 0
4847 4676 0
3980 3768 0
2022 3756 0
4994 0
4693 2948 0
1132 2307 0
2488 2075 0
1817 83 0
4042 3216 0
2924 1544 0
3691 0
21 1100 0
3715 3321 0
4096 0
3280 0
2078 0
1289 0
2734 1520 0
3605 191 0
4173 1539 0
1228 13 0
3984 4441 0
90 0
4503 1999 0
4833 0
1267 3682 0
3539 434 0
4018 1489 0
608 689 0
4395 4349 0
937 4606 0
1038 1313 0
3978 3557 0
4900 4462 0
2405 0
4651 3821 0
2520 1425 0
4079 0
2022 3683 0
4064 3041 0
3085 3758 0
1522 4687 0
2318 1488 0
4854 2161 0
1735 2098 0
3048 4139 0
3756 3020 0
1288 582 0
4373 4475 0
2999 1253 0
3084 2718 0
4423 3893 0
1298 4295 0
741 3662 0
1727 346 0
221 2160 0
3928 1098 0
4716 2757 0
439 551 0
4125 4256 0
4196 3901 0
3122 494 0
3005 3918 0
232 3739 0
4396 1139 0
2680 0
2377 1543 0
342 3373 0
2547 1166 0
1874 539 0
3286 3107 0
1788 2791 0
4547 706 0
1488 2929 0
1686 4294 0
25 4059 0
476 4695 0
2196 0
356 293 0
4895 2387 0
86 1084 0
60 3309 0
4974 3902 0
1473 0
4518 1448 0
969 1556 0
3239 2142 0
1765 1979 0
3538 608 0
454 4387 0
1320 0
4766 1458 0
1215 3444 0
448 1750 0
3928 2497 0
1842 3947 0
2265 779 0
3607 0
4887 43 0
1838 600 0
9 2339 0
3766 37 0
126 4082 0
2314 4928 0
192 0
1602 0
3711 4712 0
3052 4285 0
3350 881 0
110 1403 0
3375 980 0
54 1934 0
4337 3911 0
557 2885 0
4647 4235 0
528 0
1487 4426 0
2809 2883 0
1143 3213 0
1427 0
1405 714 0
4210 1189 0
1722 4999 0
935 39 0
3007 588 0
4694 0
673 3570 0
4427 194 0
243 219 0
2173 4985 0
4408 0
3980 891 0
2221 2884 0
3443 2424 0
4904 4826 0
3955 901 0
2984 3070 0
3236 3957 0
497 0
2740 181 0
4576 1589 0
616 0
811 857 0
2151 2413 0
2239 1813 0
4945 2570 0
1165 0
999 882 0
1681 2814 0
3189 4430 0
3089 3349 0
496 4012 0
427 1489 0
4319 584 0
1913 0
2006 4780 0
1832 2813 0
2474 711 0
3144 2872 0
2325 3547 0
400 1912 0
2911 1286 0
3467 4725 0
2645 4923 0
1628 2050 0
933 0
4567 1046 0
1791 3706 0
1154 691 0
3826 1992 0
4506 0
1989 2106 0
3825 0
1196 4034 0
3230 0
1683 3816 0
4823 2953 0
1302 0
3191 4221 0
2583 656 0
2819 0
2824 0
4516 2033 0
141 4370 0
1360 0
3339 0
3604 1152 0
3634 309 0
1901 2246 0
4912 2676 0
3696 505 0
3447 2687 0
4233 206 0
4478 0
1554 4688 0
191 767 0
3015 1801 0
519 4557 0
1882 0
3848 645 0
2587 4368 0
842 1097 0
3369 388 0
3835 2281 0
3718 2505 0
185 488 0
272 4744 0
2912 341 0
1843 4350 0
3786 3189 0
4925 355 0
985 0
2218 2471 0
144 2773 0
3746 0
781 3503 0
1379 4937 0
1585 287 0
4180 4168 0
63 1095 0
2655 3146 0
1408 4320 0
3464 1013 0
3772 0
3629 454 0
1166 4831 0
1315 134 0
2392 0
746 694 0
3488 2952 0
878 4410 0
3504 1103 0
3814 2928 0
2559 449 0
3892 2442 0
612 4861 0
3606 2174 0
2846 0
1022 3323 0
4502 4947 0
2296 224 0
322 1680 0
1689 2343 0
4867 3052 0
2080 1416 0
4707 4409 0
2315 2177 0
1958 4069 0
4180 1168 0
973 0
1609 2431 0
1238 4208 0
1031 1368 0
3506 0
1014 4121 0
4520 2596 0
3714 0
4345 0
1067 0
4305 3410 0
4725 3799 0
44 3440 0
4543 2384 0
183 4357 0
214 2315 0
3244 0
3108 3458 0
1989 4724 0
3790 0
434 2748 0
1383 77 0
3022 4116 0
1324 0
3806 623 0
2130 4449 0
2589 0
3338 2018 0
1056 520 0
2478 3987 0
254 499 0
2002 4226 0
623 3005 0
3583 4633 0
3541 1730 0
4692 180 0
1754 0
1423 0
687 4903 0
1221 4047 0
1440 3627 0
4992 2259 0
4500 2044 0
4185 807 0
4846 0
3750 2885 0
1364 1245 0
2625 296 0
4656 729 0
4001 1409 0
4926 3210 0
3260 4727 0
1890 113 0
868 4630 0
2079 0
4476 0
169 3979 0
38 447 0
4819 253 0
560 1997 0
4683 0
3324 1381 0
3978 4956 0
4473 3219 0
4440 3100 0
2402 1165 0
1793 0
2301 1353 0
4984 4157 0
2421 901 0
2008 3120 0
2186 0
3196 0
4531 0
4623 2288 0
2307 2686 0
1846 3970 0
3037 1891 0
4904 3771 0
922 343 0
4274 238 0
3022 2692 0
1712 1991 0
3852 1492 0
826 2969 0
3939 868 0
3735 1732 0
3684 3858 0
1598 548 0
4618 0
2872 3144 0
4426 519 0
809 3557 0
2722 2341 0
891 2501 0
1363 4247 0
1494 422 0
1906 0
3939 0
198 4392 0
3856 0
4532 0
2746 622 0
2779 4754 0
2068 2302 0
1786 3729 0
3121 1446 0
4208 0
3269 653 0
437 0
2028 1044 0
2320 887 0
373 332 0
4540 0
810 1977 0
1409 3975 0
111 2247 0
1953 4616 0
2626 4444 0
793 2001 0
2514 4701 0
4165 192 0
3206 0
3129 0
3138 1774 0
2342 3660 0
496 2440 0
3643 1854 0
1155 0
1658 15 0
2563 2251 0
1993 2055 0
433 3743 0
208 4984 0
2263 0
727 2568 0
545 4117 0
1074 0
2274 219 0
4833 0
619 404 0
4054 1272 0
2239 0
3651 700 0
1261 1034 0
4785 0
1897 2034 0
2159 0
464 1078 0
3289 4233 0
3283 4418 0
4260 4916 0
143 0
4998 4799 0
2674 0
4551 1635 0
1369 1062 0
4815 544 0
2153 861 0
2991 1523 0
2559 4549 0
1773 4907 0
1494 1151 0
3908 0
3654 1969 0
2392 0
3681 1735 0
2456 624 0
2038 1933 0
1613 0
4291 0
1580 414 0
3622 690 0
1646 4697 0
4088 297 0
2019 1507 0
380 766 0
2750 0
4463 3383 0
4437 4482 0
4766 3024 0
2271 4134 0
2192 1214 0
4917 3823 0
3680 1936 0
1245 4534 0
2176 0
3484 3781 0
3606 0
4197 0
873 3899 0
1164 2289 0
1611 3550 0
1884 2089 0
3938 1094 0
3596 648 0
448 0
1074 2415 0
245 338 0
3992 0
4259 4261 0
2547 0
4102 846 0
986 1779 0
1780 841 0
2855 1486 0
709 4829 0
4255 0
2859 96 0
4073 2539 0
996 3188 0
2989 2863 0
3119 3130 0
4754 1830 0
3184 0
4089 986 0
928 2560 0
1824 2064 0
1349 2156 0
2785 2556 0
1166 0
2967 3492 0
3102 3048 0
4011 0
1385 896 0
4442 0
4643 2484 0
1394 781 0
4402 1967 0
268 2542 0
45 4428 0
3941 2333 0
1097 3838 0
4454 3408 0
4743 2208 0
243 4024 0
4732 1358 0
1547 1443 0
3669 3948 0
4256 1407 0
2484 0
4326 2306 0
4997 3402 0
2188 82 0
2200 4143 0
2379 4251 0
1229 2391 0
1296 2495 0
249 3535 0
4913 2848 0
3494 4188 0
916 3769 0
2453 1 0
4108 3361 0
695 0
118 4179 0
2083 7 0
569 0
2319 0
3678 1195 0
3064 4652 0
3077 0
3615 855 0
4286 3538 0
3429 3573 0
3345 280 0
4149 2384 0
4109 0
4228 2260 0
4158 0
151 3337 0
4119 1691 0
1827 804 0
4036 0
84 4879 0
4734 2299 0
2479 1893 0
3179 4053 0
4313 3458 0
2393 0
4377 4201 0
338 3114 0
3717 0
4199 4675 0
2161 3960 0
482 4020 0
2010 4566 0
137 1540 0
3473 0
609 1711 0
4151 968 0
4969 2662 0
2576 474 0
4915 2249 0
3310 0
1468 1076 0
859 3218 0
1492 2840 0
183 2324 0
2021 774 0
4489 3608 0
3644 2162 0
3667 937 0
3612 3730 0
2963 3027 0
4798 1775 0
2616 1996 0
4455 0
1804 1953 0
2394 1956 0
214 655 0
3509 1741 0
3288 4332 0
1551 0
1413 1269 0
4377 1064 0
4325 2888 0
1063 4206 0
4139 3682 0
4446 4981 0
1061 3404 0
3632 4309 0
3977 0
363 0
1189 4138 0
4447 0
4281 757 0
3513 3714 0
4089 3380 0
1661 4825 0
2025 0
4563 0
4672 1515 0
1827 2797 0
2202 3601 0
153 4381 0
680 3245 0
3398 1591 0
2539 2941 0
3776 1557 0
1720 3929 0
2108 0
246 4477 0
3419 2720 0
230 2373 0
712 1198 0
3080 2751 0
3439 1903 0
2320 2622 0
2984 3773 0
4708 3210 0
2990 0
2353 3990 0
1284 309 0
4846 4419 0
3214 4150 0
3872 3532 0
2630 0
2431 950 0
2118 2709 0
3459 2554 0
2086 0
189 2322 0
2482 0
3706 1771 0
1348 2586 0
2494 651 0
758 3041 0
3591 1683 0
4677 3247 0
1407 2667 0
2102 3420 0
390 2502 0
4261 4994 0
1726 0
3779 2689 0
2446 491 0
144 0
1113 3091 0
3994 2267 0
817 0
3442 2847 0
1234 2479 0
514 2049 0
3537 3113 0
3812 4254 0
920 4569 0
1612 1045 0
814 3825 0
400 1912 0
2285 3001 0
4399 4502 0
2499 834 0
4768 3245 0
4206 4203 0
3079 0
3637 2335 0
4600 0
2940 2570 0
3906 2168 0
3538 0
3564 4065 0
4898 1940 0
1058 0
1747 3162 0
870 3521 0
1142 979 0
2422 4439 0
1968 0
592 1298 0
524 4674 0
3539 4285 0
3302 0
2023 68 0
1945 0
408 4010 0
1666 4560 0
1830 4754 0
3457 1023 0
988 0
3566 1610 0
3093 1318 0
4128 0
1201 2358 0
472 0
4768 0
3582 212 0
149 0
989 0
1002 0
3590 0
1244 304 0
3063 0
637 4403 0
3582 0
1085 3109 0
2949 633 0
2701 790 0
1155 1577 0
1360 3821 0
1027 0
2175 4516 0
2158 2647 0
1499 4077 0
3917 4344 0
4649 4670 0
1070 3450 0
2278 1358 0
4751 0
94 0
1118 0
4731 2130 0
1730 1973 0
3130 1454 0
2298 1923 0
3020 0
531 4273 0
1160 2321 0
1720 2002 0
1222 1248 0
4682 1674 0
3701 4177 0
4991 1634 0
2979 0
4580 1843 0
4455 1307 0
348 4004 0
1449 4361 0
1528 3110 0
3391 3603 0
2855 0
183 0
2328 3956 0
1412 1544 0
325 3817 0
3126 3461 0
4986 461 0
3442 407 0
1501 4540 0
1759 3313 0
3752 1222 0
3058 28 0
2814 4453 0
2566 0
3562 0
631 0
3546 3066 0
99 4475 0
4315 865 0
1586 644 0
3410 4044 0
428 1064 0
2643 473 0
2894 1519 0
4969 4347 0
4051 0
3922 1230 0
2807 4839 0
169 2825 0
3623 1323 0
468 0
3074 3861 0
1520 0
2273 4921 0
1009 4335 0
2979 3676 0
4191 1389 0
4470 4832 0
2903 4528 0
4391 1049 0
3608 3257 0
4922 1725 0
3552 3777 0
2678 3184 0
2950 0
3692 221 0
2634 2781 0
1037 415 0
519 0
2857 0
4550 1361 0
3195 1472 0
1272 3625 0
3494 3667 0
3353 0
2616 0
699 402 0
912 0
2923 4252 0
1975 4928 0
456 1497 0
1891 73 0
537 0
1682 4846 0
46 1269 0
203 437 0
2911 0
3714 2196 0
2009 2376 0
1212 4690 0
1278 1487 0
4641 4805 0
45 3061 0
1274 0
2220 3556 0
4332 2331 0
678 4287 0
1816 0
1360 3719 0
1548 1524 0
3190 4522 0
1574 1937 0
4634 1994 0
4728 4934 0
2473 3029 0
3984 1220 0
2107 0
413 113 0
3451 2768 0
1943 0
2279 4719 0
3025 87 0
416 1559 0
2390 0
912 4413 0
31 4023 0
4095 0
3317 2814 0
954 4327 0
266 0
3362 4649 0
3340 4211 0
1300 1697 0
3707 1564 0
203 923 0
3745 0
4900 4435 0
4257 4733 0
4668 0
4694 2302 0
180 0
3854 0
3381 0
3160 2550 0
4832 0
2348 4739 0
2558 4588 0
1778 4968 0
3795 750 0
1015 688 0
1695 2635 0
2867 1082 0
1077 1956 0
1576 3994 0
4508 4736 0
1627 3966 0
1937 4505 0
536 383 0
161 3869 0
3158 4568 0
982 4176 0
2688 3222 0
4683 896 0
2985 4202 0
324 870 0
1560 0
4182 3421 0
3416 3077 0
2856 4885 0
2196 4384 0
3436 2501 0
676 1398 0
904 4106 0
666 1585 0
914 1665 0
4575 1392 0
3184 0
3095 2198 0
4163 0
2152 1574 0
4682 4346 0
2845 785 0
2581 2974 0
3479 3400 0
1337 4600 0
4559 3390 0
2504 3109 0
672 582 0
3954 0
302 1446 0
2175 0
1867 1332 0
1448 0
2903 0
2181 1614 0
4349 1137 0
2821 0
4618 1409 0
4936 960 0
4369 1103 0
124 50 0
652 0
941 1658 0
2085 0
3005 3910 0
57 213 0
4924 3480 0
2199 2496 0
71 659 0
2848 0
4322 0
259 3455 0
829 3174 0
701 1369 0
4356 2855 0
2757 3694 0
4023 4083 0
4149 3395 0
4281 3079 0
1370 2270 0
3371 0
4866 1749 0
2792 2124 0
3870 0
1361 0
4433 0
4486 0
3911 3092 0
1973 0
3572 2443 0
209 0
3753 1487 0
4938 2417 0
754 3390 0
1417 0
3697 3901 0
2093 0
2863 4097 0
1827 3437 0
4248 0
4609 631 0
1885 3720 0
1603 2842 0
24 108 0
3848 0
259 3537 0
4871 2747 0
510 0
1293 2362 0
158 2143 0
3552 0
2287 4008 0
541 0
1608 1803 0
4808 2172 0
3270 1054 0
3689 890 0
748 4538 0
3640 4086 0
4953 2213 0
4712 3711 0
1350 1433 0
3103 1210 0
2358 0
3619 565 0
3323 3175 0
1779 2517 0
231 2824 0
3671 0
704 926 0
2555 95 0
1412 2489 0
2768 3451 0
2348 4471 0
2605 591 0
611 0
1191 3349 0
2737 3968 0
3779 3399 0
2218 4323 0
333 0
2597 4447 0
1946 0
4740 270 0
4792 4727 0
4701 2514 0
4457 3340 0
759 0
3093 4275 0
3567 3206 0
1953 4194 0
4852 1286 0
4174 2505 0
4470 775 0
1877 3402 0
3975 4174 0
3525 2398 0
2640 2288 0
687 2999 0
4397 897 0
4235 3751 0
613 529 0
1198 546 0
4744 272 0
1834 3574 0
4989 4813 0
2769 4360 0
601 0
2309 1896 0
978 1569 0
39 0
4769 4209 0
2866 1019 0
3949 1144 0
1102 2616 0
3564 678 0
2453 1657 0
4126 1588 0
1029 0
1087 1900 0
3297 4868 0
140 3070 0
4835 0
929 493 0
138 380 0
1360 4974 0
3064 0
2028 1044 0
3128 304 0
1455 0
729 3950 0
3463 0
2448 74 0
4348 4850 0
679 0
3363 2732 0
4409 0
2509 0
143 1765 0
1420 2066 0
3844 0
2182 2214 0
2887 115 0
3560 3905 0
493 3225 0
575 4254 0
4893 4288 0
3828 3373 0
1620 3053 0
1551 1714 0
326 2639 0
3744 4297 0
976 3261 0
1503 0
3492 2508 0
777 874 0
70 823 0
1925 3916 0
3146 4996 0
175 0
1096 1640 0
155 6 0
4549 4046 0
2176 4072 0
377 3933 0
1477 3429 0
4466 0
1739 4324 0
955 3943 0
476 3544 0
286 0
1646 1188 0
4640 2953 0
2083 2572 0
4239 2065 0
4776 2514 0
2527 4334 0
75 2828 0
3289 4035 0
1684 0
648 2660 0
937 3667 0
170 0
2902 3010 0
4924 683 0
2009 2376 0
4294 2512 0
3742 1858 0
2629 1159 0
537 1744 0
796 2871 0
1861 3811 0
3050 0
2364 274 0
1697 0
3590 4316 0
4950 0
3263 2919 0
3621 0
665 1825 0
3059 0
617 3260 0
3346 4934 0
1547 2216 0
1432 1140 0
2130 0
2087 0
3420 1805 0
2085 4393 0
1543 3940 0
2581 4508 0
3868 3306 0
598 2418 0
2798 1056 0
1410 1849 0
2436 0
4574 2841 0
2208 4481 0
4742 424 0
2620 4227 0
3355 3859 0
3417 0
4877 918 0
168 3981 0
2100 1390 0
4661 2732 0
1219 2128 0
508 1474 0
4264 839 0
3690 3402 0
658 2617 0
3707 3019 0
1454 0
1091 3031 0
1719 2225 0
3035 1529 0
590 1755 0
2432 2930 0
3023 3658 0
4107 1828 0
2952 1028 0
3556 2220 0
1797 1255 0
3394 0
3849 2289 0
1532 3382 0
841 4090 0
4111 1101 0
3653 2819 0
3990 4238 0
4966 3164 0
3271 2743 0
4311 3245 0
799 0
4610 824 0
1314 0
1576 679 0
1576 4782 0
272 0
1036 3499 0
932 2519 0
1602 3731 0
3789 1489 0
4739 2651 0
2377 4735 0
3154 2624 0
1798 3937 0
3271 667 0
1592 639 0
1908 0
579 1724 0
3962 826 0
638 1026 0
968 4151 0
4170 3680 0
4982 1062 0
3487 1878 0
33 737 0
532 0
4641 378 0
4620 3402 0
4006 4611 0
577 2233 0
160 1759 0
3358 1264 0
334 3481 0
778 1495 0
4841 4616 0
1939 719 0
418 1679 0
343 3965 0
3967 4116 0
2796 2646 0
599 3034 0
1454 0
1503 0
966 0
4640 4698 0
3180 4240 0
940 540 0
2686 2047 0
2459 0
3147 3620 0
2942 0
3815 1783 0
4450 1466 0
262 2279 0
11 4944 0
4612 749 0
4029 0
1602 1047 0
1727 346 0
1365 0
1035 2807 0
3519 4689 0
1953 4194 0
962 795 0
4529 4734 0
4227 121 0
4753 1260 0
4148 4983 0
1419 3178 0
435 4635 0
4720 771 0
4991 4348 0
4771 1532 0
793 660 0
22 374 0
3960 4623 0
4039 0
4001 2089 0
4248 3142 0
185 488 0
1179 901 0
854 3364 0
892 0
435 1807 0
1388 0
878 3867 0
2196 4213 0
2345 2541 0
3663 4297 0
1767 3697 0
3258 411 0
2664 1631 0
316 0
3618 3171 0
233 0
1199 1418 0
4094 1346 0
3202 860 0
3499 1036 0
2127 0
4679 0
611 2557 0
3388 534 0
2138 4187 0
926 4595 0
1062 1369 0
2962 2228 0
3771 3964 0
2942 1570 0
562 522 0
1423 354 0
4553 1246 0
4535 2359 0
2017 3610 0
3459 2554 0
4648 4504 0
4870 1631 0
590 289 0
1967 1259 0
4246 516 0
3795 2872 0
3355 4435 0
2917 1881 0
2051 3867 0
3153 4137 0
3652 4826 0
1040 689 0
2592 2915 0
4498 0
4318 3063 0
4113 0
2532 1351 0
4556 2464 0
3784 4050 0
738 177 0
467 1096 0
2960 4105 0
2361 1031 0
4935 3604 0
4302 3475 0
1995 2993 0
1295 987 0
4416 2273 0
4791 966 0
2849 1560 0
72 2389 0
3198 2878 0
983 3533 0
931 2212 0
1327 0
1050 4223 0
3689 1826 0
2671 4354 0
4441 3984 0
2016 1658 0
874 4681 0
1355 0
4773 0
4436 4522 0
4840 1504 0
314 0
1607 4372 0
748 0
1128 1952 0
1895 3739 0
4578 2189 0
2940 4684 0
334 593 0
4502 3184 0
1209 3039 0
4106 2163 0
165 0
669 0
3068 932 0
2318 3623 0
752 3783 0
2007 0
809 967 0
1690 0
2135 3892 0
4648 4029 0
2180 4291 0
2370 4094 0
2134 2375 0
4349 0
2723 0
1338 0
1802 4497 0
3214 693 0
348 4352 0
1613 3701 0
884 2846 0
263 0
4702 0
3788 2113 0
3244 0
2152 4437 0
4271 3417 0
2398 4816 0
2716 2886 0
3486 3890 0
492 638 0
4333 0
2975 2763 0
855 1120 0
3578 4157 0
2764 0
1216 1617 0
4661 4751 0
768 1584 0
1930 392 0
3877 0
1634 1625 0
1325 1252 0
160 3313 0
1012 4604 0
2946 0
3146 0
3690 899 0
4151 0
3095 1722 0
822 489 0
