500
474 296 0
394 374 0
237 311 0
0
163 27 0
344 30 0
42 0
176 439 0
33 0
33 0
121 361 0
381 331 0
305 133 0
443 153 0
496 119 0
158 231 0
139 429 0
31 38 0
30 0
101 223 0
67 0
397 126 0
49 0
18 183 0
243 324 0
120 283 0
197 430 0
416 0
186 291 0
274 24 0
476 83 0
184 264 0
218 192 0
227 259 0
44 0
355 114 0
329 472 0
318 0
339 234 0
283 26 0
117 412 0
428 0
179 431 0
211 127 0
27 5 0
435 111 0
151 432 0
403 154 0
483 454 0
180 116 0
494 280 0
393 271 0
207 386 0
423 161 0
169 0
247 231 0
211 0
241 45 0
54 114 0
275 287 0
420 0
309 306 0
44 265 0
185 0
425 400 0
397 22 0
90 0
225 307 0
121 201 0
289 223 0
268 156 0
385 370 0
82 210 0
268 216 0
383 249 0
220 188 0
227 159 0
482 437 0
399 313 0
342 317 0
266 441 0
64 210 0
318 0
21 434 0
181 376 0
289 20 0
1 296 0
321 15 0
281 303 0
353 320 0
431 43 0
461 406 0
158 16 0
172 0
34 77 0
103 0
409 52 0
271 136 0
349 425 0
397 0
488 0
205 275 0
250 233 0
428 453 0
84 434 0
73 64 0
175 319 0
252 393 0
128 312 0
88 368 0
436 50 0
55 473 0
339 492 0
54 161 0
92 403 0
222 180 0
412 411 0
236 74 0
135 398 0
170 0
201 402 0
283 0
405 480 0
360 326 0
82 73 0
111 0
28 296 0
98 409 0
80 451 0
102 60 0
284 269 0
487 0
457 50 0
465 374 0
437 482 0
252 470 0
266 182 0
246 366 0
23 408 0
49 189 0
212 275 0
204 149 0
17 0
335 81 0
371 169 0
299 426 0
213 0
419 0
176 8 0
91 327 0
379 498 0
209 67 0
471 0
110 403 0
118 71 0
79 268 0
292 388 0
198 56 0
258 227 0
329 424 0
72 297 0
353 209 0
444 430 0
16 0
200 375 0
333 135 0
411 347 0
303 132 0
17 143 0
426 146 0
280 0
418 0
355 187 0
286 86 0
319 321 0
420 439 0
3 269 0
163 0
486 194 0
448 455 0
172 0
202 348 0
18 478 0
231 56 0
376 85 0
188 76 0
355 351 0
40 148 0
466 338 0
226 318 0
189 466 0
422 309 0
213 344 0
332 404 0
18 38 0
179 194 0
357 430 0
231 63 0
42 104 0
138 366 0
130 141 0
224 382 0
53 28 0
250 103 0
427 0
299 279 0
458 323 0
215 34 0
47 353 0
85 446 0
87 296 0
200 165 0
260 30 0
67 209 0
433 227 0
500 156 0
166 333 0
326 452 0
115 406 0
122 26 0
103 96 0
308 380 0
228 289 0
155 118 0
148 220 0
388 157 0
258 433 0
153 488 0
118 224 0
478 38 0
75 0
481 79 0
61 395 0
21 434 0
458 490 0
74 71 0
137 384 0
449 414 0
410 48 0
214 152 0
197 0
164 264 0
497 41 0
196 43 0
426 0
62 10 0
383 0
49 0
265 383 0
8 61 0
220 122 0
470 469 0
244 150 0
235 131 0
463 332 0
237 3 0
273 0
29 304 0
304 433 0
19 30 0
0
222 455 0
255 0
56 0
211 57 0
441 413 0
146 0
58 232 0
311 256 0
91 179 0
393 252 0
442 39 0
465 358 0
478 195 0
205 459 0
207 323 0
170 0
28 53 0
0
494 390 0
11 132 0
244 0
277 0
237 0
453 0
390 0
200 427 0
151 498 0
101 0
96 0
68 186 0
143 0
448 455 0
280 494 0
147 322 0
278 276 0
22 0
147 0
0
424 0
349 400 0
99 364 0
11 0
68 186 0
111 436 0
218 422 0
251 225 0
73 64 0
124 0
84 0
137 0
108 97 0
45 0
385 0
423 0
190 83 0
142 464 0
359 226 0
391 15 0
379 0
496 368 0
213 193 0
490 458 0
41 0
350 0
360 295 0
270 196 0
341 285 0
164 93 0
426 4 0
302 336 0
109 463 0
482 78 0
150 282 0
438 348 0
364 65 0
59 315 0
466 219 0
434 84 0
146 277 0
428 453 0
96 221 0
14 0
24 0
352 246 0
181 381 0
328 199 0
369 224 0
129 0
446 185 0
161 54 0
62 306 0
498 320 0
305 435 0
114 315 0
48 0
215 95 0
445 0
112 55 0
495 322 0
69 402 0
199 0
163 0
349 400 0
325 64 0
9 10 0
397 13 0
166 496 0
216 155 0
385 297 0
23 429 0
442 0
309 192 0
445 25 0
246 352 0
381 331 0
215 95 0
195 401 0
51 294 0
308 125 0
418 302 0
236 369 0
87 57 0
266 182 0
66 100 0
416 456 0
282 327 0
145 371 0
439 0
289 0
166 0
169 0
136 469 0
374 273 0
389 420 0
458 0
354 46 0
482 78 0
45 5 0
80 0
195 18 0
102 0
107 461 0
486 238 0
36 173 0
107 175 0
121 402 0
49 189 0
52 393 0
115 92 0
412 328 0
362 199 0
202 229 0
97 128 0
168 303 0
235 207 0
330 0
99 0
40 0
134 2 0
41 0
452 0
370 66 0
93 329 0
80 342 0
299 206 0
460 138 0
253 282 0
408 191 0
208 377 0
404 486 0
498 294 0
291 29 0
67 240 0
436 305 0
50 293 0
472 300 0
155 0
257 374 0
390 86 0
348 202 0
105 339 0
153 471 0
34 357 0
462 243 0
447 485 0
12 376 0
455 380 0
463 414 0
277 267 0
221 0
298 326 0
428 282 0
239 48 0
380 125 0
235 323 0
180 448 0
484 0
427 200 0
352 246 0
319 107 0
243 421 0
409 312 0
103 233 0
25 243 0
410 356 0
187 471 0
451 342 0
168 0
281 0
480 405 0
32 329 0
157 145 0
278 28 0
102 275 0
83 0
99 65 0
190 316 0
73 365 0
36 173 0
241 178 0
37 437 0
466 454 0
269 0
346 447 0
109 0
121 0
14 443 0
193 260 0
284 131 0
489 147 0
310 442 0
113 272 0
390 440 0
344 260 0
119 135 0
324 117 0
294 171 0
0
313 232 0
