1000
3 868761 779953
3 623590 150424
3 141331 592643
1 591487 396309
1 941569 814807
1 840226 768208
3 462738 207771
2 1
1 748619 277683
2 4
1 84835 283095
3 869559 110663
2 5
1 601491 7526
1 673321 364448
2 7
1 195846 767752
2 8
3 127949 629255
1 543246 86469
3 562866 794234
2 9
1 755406 342761
3 563825 381379
1 371048 785510
2 3
1 896362 577937
1 489491 262274
1 396466 735263
1 417059 140415
1 291130 45124
2 13
1 322377 95455
2 6
3 229626 135452
3 108157 296945
1 927008 78825
1 786797 204358
1 318986 69840
1 464566 423701
2 15
1 615268 655322
2 22
1 219871 594680
1 620591 437273
1 277455 903234
1 301293 212947
2 16
1 134488 373312
1 356051 46596
2 10
3 779982 705121
3 607013 731051
2 2
1 886818 973505
3 510101 857762
1 12432 217397
1 892860 631715
1 684147 682084
1 703385 916921
1 761284 326278
1 905237 332835
3 511821 49717
2 23
3 38766 30076
1 517307 913374
3 581348 14745
3 120466 448875
3 741661 99443
2 17
2 24
1 63536 662238
1 145651 663240
3 499335 252753
2 14
2 12
3 92530 422406
2 37
2 27
1 894602 809893
3 446439 186
1 394623 950386
1 723976 976273
2 19
1 82368 996056
3 209881 877678
2 11
1 498581 893506
2 40
1 874591 626124
1 634572 59528
3 75420 167327
2 18
2 20
3 115040 493180
2 34
3 643111 441576
1 282709 478020
1 322247 491834
1 764380 312686
1 867768 594859
1 601323 729566
3 611569 916179
2 21
2 49
1 722301 168224
1 650678 85213
1 679366 776453
2 33
1 768761 449237
1 524383 891733
1 274413 778750
1 921546 652998
3 988130 205182
1 67436 598642
1 702239 89369
3 552814 598760
1 476356 691986
1 96209 615525
3 861940 540958
3 192724 931291
1 699344 340443
1 109461 684461
1 385085 40826
2 25
3 773204 777353
3 503233 864182
1 550326 646088
1 91819 405244
1 156208 232251
2 26
2 60
2 48
2 51
1 573114 606298
3 142445 930994
1 265606 890181
1 88013 108196
3 297815 898364
1 975332 719571
1 421702 434468
2 71
1 585397 757714
2 61
3 604936 508899
2 41
1 486741 783667
1 441072 867425
1 507485 728221
1 464876 203922
1 99991 728640
1 148614 66171
2 28
2 29
2 58
2 30
1 768749 432808
2 42
1 65862 328981
3 653538 850100
3 121703 208402
3 68738 71732
3 614201 480326
1 166882 753055
3 458794 914982
3 734289 106699
1 330112 24020
2 31
1 830673 873553
1 368818 795344
2 32
1 37092 274596
2 35
2 43
1 821813 945468
1 730875 604663
1 918488 639585
3 853719 630660
2 53
1 329777 49968
1 475235 318641
1 126791 225041
3 832888 839005
1 474701 17642
1 555117 956778
1 72993 925810
1 556936 636875
2 39
1 139475 10961
2 36
1 632855 700877
2 94
1 356651 876945
3 652272 537118
2 38
3 473016 333490
1 885212 851090
2 73
2 44
2 59
3 383079 786306
1 147813 290707
3 41941 202390
1 380136 92793
1 208677 368139
3 514342 797970
1 244898 625403
1 182051 439502
2 79
1 198595 380923
2 86
3 312968 935214
3 21251 872823
3 13767 254169
2 97
1 683754 368811
1 714315 547074
2 45
2 101
1 433264 503024
1 201084 109731
2 46
2 82
1 201610 641586
2 106
2 70
1 402689 730505
3 968767 774330
3 911720 19073
3 117590 648493
3 575619 115331
1 290692 19182
2 76
1 617185 329213
3 370759 637081
1 466053 25488
3 181243 773956
1 654890 177195
3 469614 627641
1 773210 400888
1 798269 366137
3 411598 157426
3 877613 745519
2 47
1 443666 753515
1 956254 976079
3 991951 390063
2 50
1 754617 606618
3 150903 984552
2 111
3 246292 952819
1 238067 749269
1 270441 501251
1 861930 349937
1 757070 549573
3 990306 370918
1 829941 855003
2 52
1 400113 962251
1 483097 780639
2 98
3 858598 234808
2 67
1 708671 138200
3 753118 241816
2 80
3 496858 85767
2 64
1 392876 930046
3 953568 171753
1 531364 299660
1 767845 229938
1 27928 75738
1 12428 343039
2 54
1 213306 682971
1 598165 140214
3 617694 165218
1 381198 34000
2 55
3 219736 873595
1 472532 8053
1 205727 670086
2 128
2 87
1 629111 545256
1 971382 578145
2 56
1 962384 196021
3 595759 401043
3 457672 724960
2 88
1 938625 852292
3 966674 482204
2 57
2 74
1 800565 826604
1 103394 4788
1 909164 343411
1 332818 672846
1 323274 897265
2 122
1 687186 624352
2 62
1 133843 493438
1 59518 551196
1 872744 30650
3 765216 240706
1 22184 124791
2 83
3 379361 922724
1 30374 958870
3 653016 616518
3 430643 490588
2 92
1 683847 608222
1 261889 870262
1 621834 799063
1 798443 865238
1 168440 450169
3 340544 485943
2 125
3 591672 901462
2 84
1 93025 332646
2 63
1 38656 919915
1 16660 844894
1 940117 438707
1 592445 43441
2 130
1 300344 650643
1 40613 332610
1 163469 125329
1 947856 519953
1 588593 266969
1 346551 771453
2 134
3 705516 116052
1 949238 158247
2 65
1 60523 917579
2 151
1 978835 927037
2 66
2 126
3 932171 52505
2 75
3 9644 891220
1 923455 561725
3 998026 648752
3 114414 293106
3 420235 177449
2 93
3 515633 798361
1 586014 823763
3 172664 509481
3 119618 875019
2 81
1 455097 78755
1 8559 184226
1 351949 914249
1 115483 134149
1 259426 87389
1 354992 773935
1 349224 295951
1 762823 302216
1 134821 403217
3 265477 772618
1 929638 563913
2 168
1 790633 388668
1 728271 22019
2 68
1 277244 895150
2 160
1 990106 966229
1 342892 555647
3 788501 439527
1 406194 899226
1 726017 879161
1 922339 668096
1 419684 13244
3 450033 417799
2 127
1 367660 508022
1 838005 253281
1 17798 277601
1 329967 661189
1 568318 306758
1 696688 618681
2 69
1 692071 688737
3 624483 269636
3 21997 582362
1 412411 210997
1 598937 123899
1 812744 254467
2 112
2 91
2 85
1 412959 295366
1 58041 276212
1 137991 811657
1 327394 238908
2 72
1 169877 358197
1 392279 235631
1 580316 437507
1 691007 184345
1 912041 528642
1 992141 356003
2 95
1 808290 961392
2 89
1 177529 641294
1 228091 276476
3 713363 65599
1 368746 478860
1 914159 847506
1 228163 497265
2 90
2 77
1 269969 532551
2 180
2 204
1 568816 174309
3 155496 887044
1 116427 827154
1 606272 362920
2 78
1 646925 38300
2 161
1 732259 564055
3 343406 741857
1 34038 457800
1 449501 726290
1 978556 92142
1 279499 751416
2 153
3 35743 807772
1 530410 733559
1 265003 467972
3 208466 695233
1 53534 664440
1 736637 267921
2 96
1 581265 4740
1 862044 729094
2 99
1 723464 669317
3 64395 231469
3 615034 817478
3 218079 906217
2 207
2 100
3 422992 686124
3 267479 498102
2 102
1 81210 218209
2 103
2 104
3 523707 913553
1 38158 430265
2 139
2 136
2 154
3 770404 368650
1 20416 798183
3 933670 999769
3 996497 417118
2 105
1 576884 656822
1 242603 779906
1 304966 332902
3 72054 47656
1 542988 513096
1 516550 202259
1 665964 583960
3 380441 893457
2 131
3 637152 756566
1 642679 946885
3 159179 501653
1 593523 923625
1 914588 927993
1 541793 931647
1 648436 24299
1 392869 351246
3 139447 158209
3 161572 901871
3 846199 967326
2 215
3 936338 235165
1 676282 263702
1 793211 60241
1 133703 966892
1 862236 445212
2 239
1 327010 422134
2 143
3 441741 550948
3 656667 787409
3 758058 327567
2 107
2 140
3 453517 949887
3 417784 931776
3 373734 695986
2 221
1 433962 149671
3 286262 676703
1 533518 608835
1 962036 983490
1 944189 559761
3 503013 154071
3 365400 347543
1 952251 635342
1 364804 892029
2 252
1 846958 670900
2 209
3 469228 159276
2 108
1 515164 581705
1 988224 318215
1 388170 315473
1 775577 90614
1 77920 925779
3 580599 648921
3 649939 767343
1 381040 428202
3 731580 325802
1 847333 792623
1 724349 833736
1 544719 138410
1 159624 107144
2 162
1 763919 386696
2 264
3 140918 312025
1 203977 105049
1 164790 488074
2 118
3 291638 176309
3 201200 42726
3 223086 978336
3 842608 358043
2 141
1 774877 795420
1 774105 938731
1 329497 487012
2 109
3 599122 81003
1 967486 487084
1 731614 661388
3 132447 683950
3 655137 964138
2 110
3 205585 985783
1 108499 462702
2 113
1 644941 229623
1 701683 189428
3 24337 853029
1 834974 518274
2 123
1 601939 814063
1 332488 84136
1 749478 862448
2 114
1 63274 103591
1 566781 39719
2 115
1 570631 810495
1 411375 936585
1 263682 152178
1 590044 434615
3 911817 690514
1 921523 33542
1 550448 570892
1 520074 636985
1 665009 644228
3 884111 856912
1 848330 768082
3 86429 216368
3 762865 994536
3 631317 205678
1 30187 665535
2 116
2 273
1 343111 651418
2 117
2 274
1 882916 605508
1 121716 832176
1 902122 665582
1 716281 155541
1 14069 637072
1 2343 683949
1 839796 971333
1 524216 419458
3 556107 795370
1 426923 135419
1 856138 823147
1 1788 626304
3 617648 891353
2 281
1 590477 1764
3 411439 815146
2 231
2 163
1 175514 292952
1 438835 769542
3 594979 90718
3 809056 42099
1 18145 399368
2 313
3 384694 624800
3 870754 244831
3 157746 901798
1 705975 538583
3 360011 939865
3 385609 955306
3 563011 174551
2 169
1 877866 175675
1 494193 956496
1 528192 551000
2 261
3 46389 516755
3 950732 228846
1 694250 639527
3 647910 999266
1 710862 715524
3 612346 257250
1 498330 339073
1 548608 137093
1 497957 833169
1 267076 440467
1 508765 912887
1 804707 788498
3 66553 310176
2 155
1 606059 764823
2 156
1 381450 647461
1 218648 239659
2 178
1 115812 181351
3 40276 235936
2 119
3 317286 579362
1 326912 35619
1 377568 120546
1 518116 518636
1 783666 897020
3 170364 915602
2 120
1 58606 415754
1 912905 862738
1 263024 874772
1 402908 178042
3 779928 4467
1 123807 240782
3 450798 256563
1 564804 578752
1 813094 725606
2 121
3 628031 649472
1 774715 823097
3 46645 563494
1 528953 274164
3 15933 675552
2 157
2 124
2 129
2 276
1 801885 466132
1 115957 846669
1 960037 498992
1 515424 670975
1 377747 686948
1 299650 823490
1 440646 121387
1 800639 307712
1 305109 895404
1 147965 173836
1 997230 240965
2 158
2 238
2 338
1 575356 173534
3 415003 493806
2 262
2 226
3 685167 506153
1 446220 814163
2 193
1 256974 580945
1 381090 877280
1 8337 43696
2 132
2 240
1 68344 871000
2 263
1 299401 673788
2 235
1 583596 58274
3 105625 872321
3 437213 862350
1 69986 796669
2 133
1 308936 992171
1 113413 701722
2 192
1 301673 438209
3 616665 234448
1 980509 28394
1 318086 912972
1 803768 769674
1 978399 104003
1 837970 585371
2 194
1 419720 474712
2 315
3 579294 548471
1 796744 781216
3 605044 472488
1 942514 488375
3 757544 872292
2 170
1 950956 686499
2 135
3 657840 906592
1 649373 595514
2 205
2 265
3 291192 244175
1 665521 515306
1 122623 287687
1 182267 676286
3 791717 62626
3 865452 267017
1 118743 807649
3 940777 512816
1 998878 796022
1 889122 358572
2 137
1 260992 17791
1 179275 477128
1 819117 699036
1 492031 114988
3 313582 329117
3 316993 952332
1 978710 738843
3 998155 359998
2 138
3 865370 992575
1 998439 340829
1 62456 516259
1 31572 573488
1 761699 996616
1 394462 191402
2 142
3 352185 106894
2 144
2 307
3 240164 726021
1 599983 987057
1 161019 450005
1 36012 16577
1 573523 661610
3 64025 364240
1 46633 799491
3 607882 790628
1 543184 300
1 386602 605880
1 512868 321451
2 362
3 113556 966737
1 473583 78169
3 971133 381899
1 427102 136064
3 290940 55594
3 255263 140497
2 145
3 244913 74852
2 347
2 146
2 147
1 875205 977817
1 912864 581696
2 148
3 575225 846422
1 832542 18960
1 323008 449737
1 660360 451340
1 341468 422359
3 479284 322796
2 282
1 293541 310191
1 408211 146575
1 356119 980294
1 539228 817159
1 315791 303074
1 61995 907218
3 477752 244877
3 281026 416144
1 374326 719652
2 149
3 411323 783114
1 437319 243891
2 358
2 150
2 210
1 707735 534180
2 152
1 806073 958919
2 266
2 159
1 701319 260654
1 126222 172362
1 765045 527827
1 843013 404790
1 735606 291162
2 167
3 777953 964966
2 164
1 339509 958605
3 349694 202920
2 383
1 636179 284453
1 155546 965542
1 341767 663367
2 165
1 529791 161231
3 721635 850972
1 893464 682976
2 166
1 132109 540897
1 356986 163572
2 344
1 234833 95365
1 789360 621462
1 943967 346953
1 914928 348045
2 171
2 186
1 625331 946469
3 378382 595079
2 201
1 382510 444449
3 449810 122089
3 857476 703854
1 488433 522228
1 632308 129414
1 543074 465157
3 283228 628240
3 228300 207148
1 976449 5456
2 333
2 320
3 293344 336603
3 255827 603174
2 363
3 989075 74309
1 1943 901759
2 327
1 407962 506765
1 440492 349343
1 76527 85009
3 31583 144461
1 256021 702848
2 416
3 614296 781685
1 579731 364270
1 891839 979929
2 172
2 449
3 561385 759568
1 24952 450134
1 880621 336796
1 539226 90201
2 384
3 645671 544143
1 280913 362381
1 710893 877903
2 173
2 174
3 745796 585414
3 87253 895390
3 493645 503127
2 175
1 496375 837193
1 23304 20302
2 452
3 723352 80375
2 184
2 176
1 500701 903337
1 183366 902395
1 156666 519579
2 425
1 805876 918499
3 853582 280553
3 949451 665821
1 734532 676897
1 550305 534842
2 177
1 402396 374792
1 229378 374830
2 385
2 179
1 139067 340254
1 629076 728209
1 876771 276682
2 267
1 374428 958495
1 195714 794322
1 933035 351719
3 184029 448109
1 358572 584042
1 694970 520200
3 166482 489633
3 270969 740357
1 676545 187235
1 44128 490791
2