1000 1000
20 31 7 60 79 52 58 88 94 44 72 36 44 13 71 29 32 2 93 4 92 39 68 46 43 69 83 19 60 39 58 98 15 84 33 57 12 18 66 77 70 43 23 37 36 49 65 13 28 7 17 93 84 26 6 5 96 26 51 69 28 9 82 81 45 36 38 73 13 54 68 13 19 22 51 43 70 49 49 38 42 59 34 88 50 25 100 68 63 88 54 5 97 96 17 53 35 19 71 69 92 45 26 69 48 90 79 79 25 5 56 66 97 41 42 40 15 57 50 51 61 58 7 18 44 49 87 82 82 38 57 57 37 85 11 2 74 20 42 99 17 21 69 36 47 45 52 27 22 51 9 34 46 96 83 64 100 7 47 27 89 45 17 97 94 82 85 88 81 37 11 15 12 90 97 5 41 12 43 57 20 51 61 26 63 3 85 25 47 55 18 5 22 85 68 84 60 19 79 27 23 83 20 88 97 42 71 27 22 51 51 43 7 77 16 13 43 57 88 93 29 49 4 18 18 16 39 50 74 58 72 87 21 96 28 98 75 5 90 52 21 50 58 59 4 23 16 70 36 3 52 97 2 43 51 20 21 73 4 19 54 98 69 4 40 17 70 19 2 49 66 89 2 11 77 45 40 7 97 72 66 16 35 44 79 57 23 76 14 34 32 98 81 82 52 45 47 40 20 57 54 35 11 58 51 13 85 32 75 8 16 14 44 7 88 2 60 26 100 35 15 23 70 81 4 99 28 48 33 27 22 95 44 35 17 99 49 79 69 61 31 99 18 96 9 16 36 53 62 88 52 40 60 14 92 44 69 41 46 10 42 84 39 3 26 56 51 56 18 28 87 21 96 55 82 85 62 29 18 80 42 3 54 27 55 53 88 36 22 46 56 28 43 69 78 46 66 39 93 40 26 53 73 44 27 32 66 81 52 13 38 87 44 18 45 51 70 56 34 80 60 7 5 60 95 85 40 29 49 71 51 51 24 83 68 3 39 34 71 22 84 95 32 43 87 18 74 76 92 93 25 17 87 76 6 11 74 28 29 84 25 94 92 37 62 100 25 51 7 22 23 27 85 9 78 54 48 36 28 47 16 8 72 39 62 19 1 57 3 84 33 49 30 76 58 73 89 39 60 24 88 89 26 29 26 38 6 17 84 6 25 61 83 30 79 97 13 15 32 22 6 62 87 42 94 35 18 62 12 3 10 49 47 3 16 63 99 65 73 72 24 12 93 92 45 16 16 72 86 77 14 56 70 92 5 51 63 45 22 29 89 93 54 57 72 38 37 81 62 37 90 62 91 64 7 11 91 78 31 61 20 5 74 2 40 30 52 69 35 70 22 80 2 94 21 46 63 40 30 11 40 93 41 6 4 57 5 60 97 36 21 28 84 35 65 9 49 24 69 1 94 93 16 87 6 29 86 59 10 55 98 92 45 26 40 55 35 3 98 14 90 55 71 61 83 93 22 36 45 89 17 37 100 79 38 35 2 100 33 74 81 60 33 75 70 54 48 89 33 23 67 58 64 50 5 66 64 89 95 95 64 97 70 32 5 13 51 14 79 66 8 51 89 13 5 66 67 19 99 43 97 61 49 30 95 69 3 99 4 71 82 40 74 37 71 11 14 43 91 79 11 30 73 75 11 61 97 89 35 23 37 63 85 58 63 24 43 70 4 54 52 64 7 71 7 3 67 29 8 20 68 76 31 98 58 97 89 100 87 37 85 62 10 71 23 84 62 3 65 58 17 8 3 69 3 18 70 78 83 58 18 54 3 15 30 8 65 6 27 47 14 26 40 90 18 63 73 65 58 24 36 38 38 51 4 99 20 41 31 10 28 45 89 19 45 10 54 18 19 86 98 78 46 94 13 1 57 85 50 29 53 80 68 30 77 14 28 88 95 84 74 2 11 96 81 14 31 72 84 68 69 79 57 9 95 57 51 73 71 40 9 45 46 24 75 44 81 91 95 12 48 42 59 73 45 35 53 17 29 41 51 93 92 82 30 6 37 42 38 53 13 22 92 76 10 52 82 80 14 82 71 73 11 14 4 21 94 13 95 14 32 30 24 22 50 78 12 97 67 18 3 9 3 32 6 24 39 74 81 42 4 83 98 28 86 100 17 69 83 60 37 75 20 8 71 81 38 82 50 42 51 73 63 63 82 10 7 13 80 22 13 29 43 29 26 55 6 83 73 83 6 12 65 28 71 15 41 100 63 30 10 37 1 10 96 88 31 74 52 73 57 11 81 36 11 30 53 16 79 86 
1 2
2 3
3 4
4 5
5 6
6 7
7 8
8 9
9 10
10 11
11 12
12 13
13 14
14 15
15 16
16 17
17 18
18 19
19 20
20 21
21 22
22 23
23 24
24 25
25 26
26 27
27 28
28 29
29 30
30 31
31 32
32 33
33 34
34 35
35 36
36 37
37 38
38 39
39 40
40 41
41 42
42 43
43 44
44 45
45 46
46 47
47 48
48 49
49 50
50 51
51 52
52 53
53 54
54 55
55 56
56 57
57 58
58 59
59 60
60 61
61 62
62 63
63 64
64 65
65 66
66 67
67 68
68 69
69 70
70 71
71 72
72 73
73 74
74 75
75 76
76 77
77 78
78 79
79 80
80 81
81 82
82 83
83 84
84 85
85 86
86 87
87 88
88 89
89 90
90 91
91 92
92 93
93 94
94 95
95 96
96 97
97 98
98 99
99 100
100 101
101 102
102 103
103 104
104 105
105 106
106 107
107 108
108 109
109 110
110 111
111 112
112 113
113 114
114 115
115 116
116 117
117 118
118 119
119 120
120 121
121 122
122 123
123 124
124 125
125 126
126 127
127 128
128 129
129 130
130 131
131 132
132 133
133 134
134 135
135 136
136 137
137 138
138 139
139 140
140 141
141 142
142 143
143 144
144 145
145 146
146 147
147 148
148 149
149 150
57 151
113 152
16 153
99 154
51 155
95 156
25 157
107 158
65 159
76 160
158 161
82 162
90 163
23 164
125 165
3 166
71 167
38 168
55 169
161 170
66 171
49 172
144 173
47 174
23 175
40 176
108 177
100 178
33 179
16 180
105 181
129 182
94 183
115 184
71 185
177 186
185 187
8 188
182 189
12 190
55 191
78 192
152 193
132 194
6 195
76 196
121 197
154 198
31 199
145 200
104 201
167 202
111 203
83 204
61 205
89 206
76 207
141 208
129 209
118 210
98 211
168 212
58 213
94 214
154 215
208 216
168 217
181 218
45 219
116 220
83 221
4 222
153 223
15 224
184 225
218 226
20 227
136 228
214 229
171 230
168 231
204 232
177 233
14 234
193 235
60 236
111 237
162 238
16 239
90 240
54 241
31 242
53 243
10 244
121 245
69 246
116 247
98 248
177 249
50 250
120 251
47 252
50 253
7 254
116 255
205 256
3 257
11 258
207 259
9 260
40 261
160 262
28 263
84 264
260 265
104 266
31 267
229 268
35 269
113 270
158 271
33 272
182 273
268 274
11 275
163 276
123 277
14 278
239 279
186 280
280 281
44 282
53 283
83 284
148 285
147 286
105 287
258 288
56 289
248 290
284 291
124 292
43 293
236 294
129 295
195 296
233 297
240 298
119 299
131 300
174 301
210 302
187 303
48 304
229 305
117 306
103 307
246 308
39 309
32 310
87 311
85 312
43 313
310 314
139 315
48 316
107 317
111 318
237 319
297 320
156 321
239 322
317 323
317 324
183 325
192 326
172 327
24 328
317 329
19 330
44 331
216 332
124 333
51 334
141 335
155 336
175 337
258 338
103 339
273 340
273 341
320 342
55 343
103 344
319 345
280 346
279 347
100 348
57 349
277 350
210 351
74 352
86 353
235 354
100 355
12 356
23 357
77 358
213 359
223 360
247 361
125 362
52 363
229 364
217 365
337 366
137 367
42 368
252 369
5 370
280 371
160 372
102 373
213 374
363 375
374 376
361 377
53 378
360 379
29 380
197 381
318 382
76 383
86 384
320 385
228 386
21 387
377 388
104 389
289 390
313 391
77 392
74 393
2 394
95 395
225 396
172 397
161 398
337 399
74 400
141 401
279 402
152 403
59 404
220 405
199 406
27 407
315 408
234 409
292 410
295 411
394 412
87 413
28 414
323 415
375 416
122 417
314 418
159 419
300 420
95 421
262 422
328 423
57 424
153 425
44 426
153 427
271 428
348 429
266 430
137 431
18 432
264 433
229 434
420 435
148 436
128 437
148 438
323 439
324 440
107 441
375 442
148 443
102 444
33 445
200 446
156 447
311 448
407 449
100 450
294 451
234 452
189 453
39 454
388 455
16 456
80 457
447 458
217 459
217 460
392 461
131 462
424 463
272 464
435 465
410 466
249 467
61 468
75 469
239 470
15 471
272 472
228 473
376 474
97 475
108 476
224 477
378 478
147 479
232 480
56 481
343 482
85 483
283 484
30 485
141 486
65 487
406 488
321 489
43 490
363 491
415 492
54 493
355 494
125 495
458 496
356 497
256 498
447 499
415 500
149 501
53 502
4 503
22 504
413 505
22 506
185 507
475 508
491 509
53 510
297 511
84 512
283 513
270 514
353 515
409 516
109 517
401 518
372 519
170 520
302 521
383 522
15 523
198 524
487 525
185 526
468 527
67 528
325 529
312 530
34 531
149 532
127 533
280 534
192 535
55 536
74 537
113 538
280 539
356 540
349 541
490 542
44 543
504 544
283 545
464 546
263 547
523 548
187 549
113 550
315 551
510 552
278 553
409 554
554 555
363 556
58 557
341 558
502 559
335 560
352 561
7 562
177 563
239 564
243 565
295 566
46 567
35 568
13 569
300 570
166 571
289 572
229 573
105 574
250 575
376 576
504 577
507 578
260 579
95 580
91 581
565 582
74 583
265 584
279 585
255 586
224 587
48 588
371 589
580 590
311 591
400 592
85 593
30 594
291 595
46 596
486 597
486 598
506 599
299 600
249 601
322 602
417 603
557 604
495 605
261 606
123 607
411 608
537 609
134 610
219 611
419 612
331 613
116 614
548 615
597 616
201 617
383 618
239 619
474 620
307 621
359 622
559 623
593 624
278 625
200 626
348 627
339 628
74 629
330 630
446 631
420 632
611 633
599 634
197 635
510 636
438 637
200 638
6 639
396 640
458 641
610 642
561 643
182 644
400 645
645 646
510 647
612 648
202 649
335 650
409 651
147 652
172 653
411 654
611 655
316 656
524 657
75 658
209 659
462 660
414 661
162 662
306 663
418 664
415 665
25 666
14 667
421 668
467 669
610 670
352 671
308 672
276 673
80 674
541 675
372 676
384 677
639 678
378 679
205 680
326 681
101 682
575 683
130 684
465 685
373 686
53 687
156 688
549 689
292 690
323 691
540 692
631 693
687 694
175 695
686 696
435 697
234 698
278 699
171 700
400 701
514 702
521 703
47 704
395 705
660 706
164 707
26 708
577 709
82 710
516 711
562 712
346 713
710 714
558 715
689 716
607 717
143 718
199 719
627 720
416 721
516 722
343 723
43 724
551 725
301 726
276 727
8 728
44 729
579 730
62 731
213 732
443 733
70 734
270 735
254 736
184 737
695 738
585 739
703 740
6 741
304 742
407 743
542 744
176 745
60 746
232 747
438 748
42 749
497 750
245 751
734 752
370 753
321 754
396 755
409 756
329 757
59 758
434 759
386 760
535 761
401 762
250 763
497 764
388 765
179 766
405 767
158 768
653 769
641 770
615 771
436 772
152 773
194 774
740 775
97 776
463 777
726 778
476 779
770 780
281 781
592 782
207 783
295 784
269 785
591 786
557 787
499 788
174 789
216 790
201 791
359 792
456 793
501 794
256 795
105 796
426 797
577 798
731 799
278 800
143 801
404 802
490 803
426 804
694 805
93 806
54 807
166 808
502 809
126 810
170 811
81 812
747 813
682 814
401 815
700 816
81 817
161 818
148 819
267 820
449 821
625 822
653 823
770 824
690 825
84 826
229 827
228 828
308 829
475 830
90 831
647 832
556 833
59 834
589 835
193 836
602 837
215 838
632 839
765 840
76 841
735 842
677 843
811 844
567 845
661 846
416 847
181 848
47 849
140 850
155 851
183 852
59 853
341 854
298 855
51 856
56 857
715 858
692 859
785 860
691 861
575 862
315 863
712 864
600 865
648 866
771 867
841 868
749 869
213 870
332 871
596 872
458 873
462 874
182 875
11 876
703 877
658 878
63 879
709 880
648 881
705 882
467 883
430 884
464 885
72 886
182 887
353 888
669 889
865 890
878 891
808 892
164 893
114 894
477 895
319 896
283 897
398 898
867 899
569 900
255 901
77 902
18 903
811 904
270 905
594 906
892 907
465 908
876 909
629 910
360 911
370 912
142 913
254 914
823 915
660 916
362 917
690 918
519 919
358 920
18 921
305 922
179 923
561 924
732 925
900 926
207 927
479 928
510 929
532 930
689 931
212 932
150 933
773 934
820 935
837 936
374 937
923 938
671 939
338 940
116 941
748 942
683 943
742 944
621 945
86 946
805 947
17 948
923 949
392 950
854 951
387 952
833 953
935 954
934 955
874 956
571 957
503 958
854 959
958 960
254 961
218 962
368 963
48 964
208 965
222 966
292 967
117 968
301 969
831 970
901 971
718 972
857 973
648 974
862 975
882 976
968 977
105 978
369 979
684 980
115 981
621 982
974 983
623 984
585 985
197 986
727 987
196 988
7 989
602 990
555 991
345 992
609 993
799 994
546 995
438 996
915 997
393 998
266 999
146 1000
1 824 4
0 836 452
1 48310 48611
0 48227 48746
1 48342 48574
0 48688 48887
1 48201 48446
0 48627 48793
1 48175 48526
0 48347 48670
1 48365 48562
0 48425 48600
1 33184 33354
0 33218 33196
1 48529 48628
0 48390 48620
1 45835 45176
0 45171 45887
1 48447 48633
0 48937 48970
1 48828 48599
0 48345 48858
1 48497 48532
0 49142 48578
1 8047 7866
0 7599 7386
1 48263 48575
0 48232 48611
1 41704 41862
0 41628 41056
1 48486 48554
0 48300 48202
1 48579 48587
0 48943 48884
1 48462 48602
0 48230 48304
1 48282 48472
0 48389 48399
1 47673 47119
0 48019 47332
1 48966 48620
0 49064 48950
1 48505 48700
0 48759 48702
1 29355 29111
0 28930 29265
1 48561 48637
0 49118 48955
1 48199 48553
0 48658 48873
1 48707 48525
0 48542 48316
1 49139 48743
0 48169 48754
1 46493 46236
0 46434 46714
1 48845 48774
0 48765 48930
1 48405 48872
0 48375 48342
1 48581 48842
0 49006 49056
1 48544 48819
0 48290 48597
1 49122 48830
0 48752 48479
1 48380 48974
0 48736 48189
1 48629 48929
0 49050 48875
1 48411 48985
0 48333 49028
1 48313 48953
0 48426 48443
1 48689 48806
0 48961 48452
1 48212 48822
0 48356 48597
1 48477 48962
0 48350 48766
1 48137 48937
0 48502 48453
1 48616 48875
0 48221 49040
1 48966 48834
0 48877 48820
1 48840 48798
0 48265 48164
1 48453 48833
0 48296 48950
1 49040 48828
0 48151 48624
1 48400 48771
0 48161 48676
1 48973 48774
0 48862 48325
1 48197 48786
0 48214 49109
1 48576 48746
0 48957 48420
1 48595 48853
0 49111 48724
1 48318 48795
0 48285 48768
1 46070 45980
0 45842 45728
1 48227 48926
0 49072 48274
1 48553 48874
0 48756 48538
1 49068 48785
0 48221 48618
1 48243 48800
0 48195 49092
1 49121 48811
0 48616 48675
1 49063 48819
0 48413 48436
1 48372 48933
0 48683 49018
1 31691 30766
0 31401 31258
1 49090 48914
0 48792 48142
1 48131 48977
0 49008 48181
1 48134 49019
0 48659 48981
1 12919 12517
0 12332 12473
1 8675 8498
0 8528 8569
1 37175 36978
0 37624 37688
1 48854 48916
0 48698 48848
1 49074 49050
0 48188 48645
1 49134 49097
0 48782 48931
1 48579 49082
0 48132 48470
1 48916 49059
0 48459 48177
1 48718 48992
0 49143 48792
1 48359 48934
0 48299 48853
1 49092 48989
0 48790 48850
1 49116 48945
0 48864 48788
1 48390 48905
0 49026 48928
1 14333 13879
0 13368 13797
1 48587 48936
0 48468 48298
1 49081 48940
0 49112 48817
1 48605 48901
0 48916 48277
1 48766 48820
0 48699 48191
1 49070 48892
0 48779 49095
1 49033 48886
0 49119 48327
1 48202 48804
0 48916 48152
1 48879 48774
0 48651 48171
1 48737 48782
0 48875 48464
1 48560 48858
0 48761 48492
1 48923 48802
0 48417 49135
1 48695 48820
0 48193 48434
1 48698 48870
0 48978 48694
1 49124 48826
0 48576 49012
1 48514 48955
0 48461 48170
1 48395 48955
0 48569 48580
1 48879 48840
0 49103 48989
1 48367 48957
0 49138 48632
1 48563 48936
0 48457 48146
1 49085 48851
0 48327 48353
1 48380 48870
0 48681 48937
1 49024 48782
0 48758 48493
1 48848 48872
0 48783 48445
1 48181 48859
0 48170 48565
1 48733 48974
0 48712 48311
1 48132 48908
0 49137 49012
1 18048 18078
0 18300 17922
1 49039 48987
0 49025 48896
1 48299 48996
0 48509 49018
1 3220 3185
0 3142 3103
1 32750 32540
0 32050 32084
1 48180 48933
0 48653 48457
1 48196 48987
0 48272 48813
1 48630 49012
0 48467 48996
1 33285 33779
0 33400 33741
1 38747 38856
0 38639 38618
1 48307 48931
0 48650 49070
1 49003 48840
0 49151 49063
1 48416 48863
0 48508 48165
1 48721 48867
0 48179 48769
1 28832 28898
0 28967 28940
1 48837 48828
0 49135 48957
1 48842 48928
0 48679 49096
1 49129 48986
0 48972 48386
1 49015 48926
0 48335 48972
1 17341 16884
0 16460 17182
1 48466 49095
0 48815 48921
1 48977 49131
0 48885 48511
1 49069 49137
0 48902 48215
1 48693 49066
0 48848 48617
1 49266 49248
0 49569 49464
1 50086 49258
0 49733 50064
1 50117 49179
0 49834 49624
1 48870 49151
0 48198 48936
1 48441 49133
0 48935 49102
1 36443 36670
0 36345 36357
1 48993 49086
0 49117 48905
1 49126 48959
0 48214 48819
1 48993 49145
0 48386 49022
1 48682 49072
0 48355 48997
1 49090 49077
0 48805 48366
1 48907 48955
0 48575 48638
1 48596 49053
0 48767 48682
1 48650 49076
0 49076 48801
1 48446 49036
0 48487 49054
1 400 51
0 867 279
1 48411 49147
0 48837 49037
1 28235 27791
0 28343 28106
1 48572 49027
0 48146 48732
1 49088 49128
0 48414 48692
1 48866 49115
0 48524 49099
1 21118 21279
0 20963 20892
1 48950 49128
0 48663 48431
1 49205 49182
0 49991 49309
1 48135 49107
0 48610 48276
1 48230 49109
0 48916 48174
1 49918 49190
0 49667 49894
1 48425 49054
0 49104 48152
1 48628 49029
0 48293 48428
1 48748 49141
0 48768 48631
1 48904 49092
0 48693 49074
1 34838 35480
0 35420 35334
1 48772 49047
0 48991 48773
1 49443 49187
0 49761 49330
1 49518 49201
0 49569 49671
1 49844 49170
0 49286 49755
1 49936 49270
0 49668 49249
1 37481 37414
0 37628 36986
1 49385 49305
0 49394 50119
1 49424 49238
0 49501 49369
1 49757 49355
0 49482 50045
1 49470 49338
0 49753 49818
1 49669 49267
0 49282 50058
1 50136 49377
0 49410 49867
1 49326 49319
0 49397 49693
1 49273 49357
0 50060 49260
1 49763 49334
0 49661 50041
1 49152 49385
0 49357 50099
1 49459 49374
0 49853 50085
1 50083 49458
0 50129 49973
1 49555 49441
0 50128 49475
1 38255 38539
0 38477 38397
1 50063 49364
0 49865 49653
1 49619 49362
0 49853 49231
1 49485 49477
0 49632 49496
1 35652 35306
0 35021 35023
1 49300 49499
0 49198 49535
1 21749 22064
0 22180 21872
1 49579 49519
0 49831 50057
1 50162 49411
0 50016 49264
1 49552 49412
0 50117 49401
1 50139 49374
0 49614 49275
1 49480 49375
0 49686 49437
1 50144 49372
0 49658 49710
1 49224 49387
0 49396 49544
1 49934 49440
0 49260 49250
1 49637 49497
0 49852 49696
1 49945 49450
0 49368 49498
1 50134 49402
0 50086 49596
1 50091 49344
0 49400 49253
1 49692 49309
0 49637 49650
1 49197 49309
0 49908 49337
1 44911 44505
0 44844 44592
1 49839 49335
0 49778 49824
1 49213 49432
0 49829 49641
1 49689 49445
0 49976 49370
1 49727 49648
0 49829 49283
1 49305 49615
0 50008 49848
1 49987 49656
0 49373 49822
1 49630 49574
0 49684 50012
1 50147 49607
0 50077 49281
1 49606 49537
0 50101 49186
1 49662 49514
0 49446 49312
1 49417 49473
0 49574 49181
1 49625 49530
0 49675 49217
1 50110 49420
0 49746 49344
1 49319 49429
0 49793 50012
1 49547 49493
0 49209 50061
1 49408 49504
0 49271 49188
1 49904 49448
0 49372 49490
1 12807 12992
0 12696 12836
1 50028 49625
0 49800 49311
1 49591 49543
0 49852 49923
1 49929 49601
0 50124 49720
1 50127 49582
0 49916 50027
1 49887 49587
0 49676 49738
1 50114 49484
0 49336 49527
1 16934 17221
0 17206 17233
1 14857 15023
0 14452 15253
1 49305 49458
0 49950 49715
1 49720 49529
0 49839 49636
1 50149 49505
0 49493 49156
1 49185 49487
0 49443 49250
1 49925 49523
0 50089 49484
1 49799 49437
0 49276 50011
1 49817 49433
0 49643 49323
1 49467 49517
0 49968 50022
1 49699 49434
0 49223 49178
1 49911 49421
0 49474 50012
1 49582 49519
0 49372 50085
1 49337 49507
0 49305 49369
1 49489 49512
0 49173 49365
1 49804 49433
0 50015 49691
1 49575 49621
0 49506 49457
1 49254 49648
0 49370 49617
1 5885 5834
0 5584 5363
1 50060 49589
0 49526 49960
1 49967 49727
0 49379 49569
1 50077 49762
0 50006 49417
1 49676 49766
0 50078 49946
1 49408 49785
0 49831 49595
1 49499 49744
0 49780 49493
1 49615 49678
0 49533 49541
1 50065 49656
0 50075 49584
1 27778 27985
0 28027 28095
1 49931 49481
0 49318 49861
1 49304 49547
0 50024 49924
1 49410 49523
0 50133 49559
1 49155 49499
0 49576 49464
1 43592 43072
0 43617 43596
1 49588 49482
0 49894 49577
1 50138 49414
0 49275 49441
1 49500 49427
0 49969 50087
1 49614 49418
0 49914 50065
1 49916 49521
0 49650 49563
1 49554 49470
0 50146 49358
1 50021 49451
0 49176 49440
1 32997 33372
0 33260 33685
1 49591 49599
0 50119 49789
1 49930 49643
0 50002 49227
1 50038 49543
0 49513 49263
1 50062 49609
0 50058 49948
1 49655 49553
0 49198 49826
1 50125 49472
0 49844 50148
1 50042 49445
0 49429 50070
1 49240 49494
0 49283 49414
1 49642 49619
0 49706 50076
1 49293 49612
0 49294 49490
1 49256 49552
0 49597 49885
1 49605 49558
0 49303 49560
1 923 203
0 44 628
1 49224 49595
0 49948 49796
1 50083 49587
0 49974 49520
1 49459 49606
0 49663 49828
1 49465 49598
0 49634 50168
1 50148 49528
0 49958 50127
1 49334 49532
0 49385 49980
1 49408 49439
0 50024 49397
1 50129 49524
0 49476 49530
1 28049 28377
0 28244 28267
1 49452 49477
0 49322 50105
1 49463 49559
0 49815 49251
1 49501 49539
0 49693 50102
1 50049 49488
0 49374 49340
1 49987 49598
0 49259 49796
1 49227 49572
0 50169 50070
1 49596 49542
0 49376 49928
1 50009 49627
0 49443 49761
1 50037 49475
0 49638 49405
1 49991 49480
0 49614 49864
1 49589 49608
0 49600 49384
1 49447 49548
0 49849 49561
1 41240 41576
0 41329 41262
1 49474 49546
0 49424 49564
1 41094 41528
0 41289 41554
1 42403 42446
0 42072 42717
1 49420 49604
0 49526 49740
1 50170 49667
0 49674 49667
1 23001 22766
0 22714 23132
1 49221 49682
0 49535 49988
1 49329 49552
0 49634 49978
1 49886 49625
0 49668 49740
1 50139 49555
0 49381 49157
1 49371 49498
0 49156 49546
1 49463 49520
0 50097 50151
1 49324 49413
0 49983 49780
1 49198 49561
0 49893 49469
1 49468 49445
0 49356 49438
1 40778 40880
0 39954 40827
1 50101 49691
0 49931 49673
1 24387 23936
0 24348 24551
1 49152 49735
0 49231 49880
1 50111 49772
0 49237 49706
1 49729 49679
0 50173 49779
1 31640 31606
0 31681 30727
1 49487 49721
0 49990 49938
1 49614 49738
0 49864 49875
1 49976 49693
0 49507 49382
1 49504 49680
0 49959 49736
1 10075 10140
0 9826 10214
1 38910 38630
0 38705 38498
1 49252 49770
0 49465 49330
1 50029 49791
0 50038 49549
1 49623 49685
0 49650 49178
1 49774 49778
0 50037 49744
1 18114 17418
0 17539 17779
1 49942 49777
0 49567 49868
1 49735 49772
0 49456 49215
1 50022 49664
0 49391 49769
1 47667 47614
0 47688 47497
1 41370 41932
0 41561 41803
1 49661 49697
0 49386 49986
1 49485 49841
0 49760 49214
1 49222 49740
0 49277 49701
1 44589 44685
0 44411 44744
1 49554 49684
0 49348 49829
1 49153 49887
0 49347 50083
1 49464 49860
0 50033 49384
1 49317 49800
0 50159 49686
1 49309 49832
0 49516 49329
1 49215 49872
0 50170 49284
1 49622 49861
0 50028 50144
1 49928 49888
0 50021 50041
1 50135 49799
0 49713 49503
1 49302 49855
0 50144 49629
1 49517 49884
0 49866 49413
1 49399 49884
0 49353 49819
1 8914 8970
0 8197 8912
1 49932 49820
0 49988 49398
1 49342 49838
0 50164 49713
1 49388 49962
0 49889 49200
1 50005 50009
0 49699 49344
1 49609 50018
0 49377 49442
1 49469 49951
0 49876 49320
1 49325 49883
0 49174 49455
1 50012 49990
0 49333 49326
1 49386 49981
0 49857 49667
1 49251 49922
0 50116 50046
1 48455 48144
0 48421 48679
1 49727 49942
0 49732 49649
1 49905 49870
0 49335 50051
1 49833 49864
0 49848 49534
1 49359 49870
0 49754 49590
1 49683 49825
0 50077 49436
1 49601 49858
0 49557 50104
1 49500 49833
0 49743 49354
1 49176 49851
0 49916 49926
1 49307 49889
0 49168 50096
1 50036 49838
0 50133 49707
1 49190 49889
0 49916 49229
1 49198 49838
0 49565 49768
1 49929 49780
0 49596 49315
1 49743 49726
0 50140 49174
1 49227 49584
0 49966 50114
1 50059 49731
0 49529 50141
1 49811 49708
0 50002 49599
1 49189 49739
0 49179 49636
1 50137 49668
0 50111 49230
1 49538 49854
0 50122 49254
1 49729 49875
0 49320 49205
1 49287 49835
0 49607 49975
1 49175 49905
0 49911 50163
1 49397 49894
0 50091 49673
1 49270 49816
0 50063 49691
1 49396 50007
0 49991 49790
1 50032 49985
0 49218 50156
1 49827 50013
0 49403 49740
1 49214 49944
0 50000 49281
1 49364 50117
0 49699 49927
1 49822 49972
0 49759 49504
1 49796 50069
0 49362 49823
1 49316 50050
0 49763 49327
1 49330 50026
0 49256 49733
1 49955 50099
0 49557 49457
1 49468 49938
0 50121 50149
1 49928 49956
0 49512 49774
1 49909 50071
0 49477 49726
1 49207 50014
0 49846 49430
1 49446 49878
0 49167 49671
1 50085 49942
0 50143 49800
1 50039 49868
0 49399 49813
1 49744 49924
0 49231 49960
1 21643 21554
0 21738 21539
1 31261 31389
0 30773 30960
1 49955 49927
0 49229 49580
1 50158 50011
0 49811 49465
1 49797 49976
0 49526 49476
1 49752 50068
0 49880 50122
1 38141 38789
0 38645 38767
1 49845 50067
0 49897 49738
1 50021 50149
0 50033 50061
1 36207 36371
0 36519 36047
1 49272 50165
0 49646 49533
1 49999 50097
0 49194 50123
1 27425 27069
0 27553 26909
1 50755 50216
0 50858 50276
1 4132 4958
0 4595 5068
1 50916 50322
0 50940 50375
1 34158 33848
0 33792 34260
1 50818 50277
0 50723 50363
1 50269 50219
0 50251 51019
1 50322 50240
0 50496 50860
1 50221 50269
0 50574 51033
1 50707 50265
0 50318 50624
1 50428 50298
0 50227 51184
1 50946 50177
0 50385 50433
1 51078 50199
0 50838 50753
1 50283 50234
0 50267 50937
1 50225 50253
0 50696 50597
1 49299 50164
0 49416 49823
1 49623 50161
0 50152 49660
1 49966 50164
0 49161 49356
1 49693 50098
0 49873 49995
1 49342 50134
0 49179 50155
1 41074 41432
0 41181 41766
1 49175 50141
0 49716 49890
1 49364 50111
0 49229 49166
1 49891 50097
0 49557 49418
1 49364 50045
0 49352 50094
1 50081 49958
0 49495 50081
1 49591 49957
0 49818 49996
1 32318 31906
0 32665 31785
1 49858 49883
0 49257 49690
1 49211 49829
0 50055 49309
1 49902 49848
0 50128 49900
1 46373 46900
0 46230 46811
1 49375 49888
0 49201 49526
1 49193 49815
0 49319 49154
1 49531 49886
0 49660 49206
1 49732 49914
0 49545 49564
1 49779 49890
0 49253 49484
1 49917 49882
0 49675 49223
1 49466 49886
0 50167 49365
1 49971 49875
0 49613 50037
1 49898 49868
0 49805 49216
1 49635 49854
0 49462 49636
1 49612 49809
0 49163 49418
1 49536 49758
0 49955 49255
1 49368 49782
0 50142 49963
1 49736 49787
0 49683 49473
1 50101 49668
0 49853 50070
1 49664 49675
0 49210 49966
1 49256 49764
0 50061 49888
1 49584 49773
0 49696 49884
1 49339 49669
0 50129 49533
1 49211 49745
0 49884 49953
1 49404 49780
0 49847 49680
1 50158 49769
0 49683 50143
1 49214 49774
0 49222 49494
1 49817 49709
0 49723 49574
1 49747 49570
0 49406 50033
1 49369 49556
0 49911 49357
1 49871 49762
0 49785 49709
1 4938 4421
0 4970 4125
1 49902 49713
0 49546 49816
1 49977 49751
0 50046 49490
1 49665 49760
0 49393 49261
1 49876 49779
0 49413 49535
1 49852 49710
0 50135 49701
1 44567 44522
0 44054 44311
1 49484 49907
0 49674 49778
1 50046 49890
0 49823 49333
1 49343 49897
0 50078 49596
1 49949 49917
0 50029 49843
1 44831 44230
0 44507 44362
1 49464 49847
0 50172 49558
1 49171 49825
0 50123 49489
1 49392 49765
0 49893 49290
1 49978 49787
0 50050 49816
1 49847 49724
0 49543 50114
1 50018 49702
0 49351 49541
1 49549 49694
0 49728 49871
