991 999920
1 2
2 3
1 4
3 5
2 6
5 7
6 8
8 9
2 10
2 11
10 12
1 13
10 14
3 15
14 16
5 17
9 18
9 19
11 20
11 21
14 22
15 23
23 24
10 25
13 26
1 27
20 28
10 29
21 30
13 31
12 32
20 33
25 34
13 35
22 36
17 37
28 38
14 39
17 40
31 41
20 42
30 43
25 44
17 45
16 46
15 47
27 48
41 49
45 50
44 51
19 52
51 53
23 54
51 55
26 56
35 57
40 58
38 59
33 60
33 61
11 62
33 63
29 64
19 65
30 66
47 67
2 68
32 69
39 70
44 71
30 72
68 73
70 74
35 75
12 76
41 77
45 78
42 79
28 80
4 81
68 82
64 83
13 84
71 85
44 86
55 87
48 88
5 89
87 90
16 91
21 92
82 93
11 94
52 95
37 96
13 97
30 98
27 99
39 100
87 101
93 102
5 103
24 104
47 105
55 106
32 107
41 108
94 109
104 110
10 111
28 112
31 113
35 114
14 115
13 116
67 117
10 118
35 119
86 120
49 121
32 122
102 123
20 124
50 125
78 126
103 127
7 128
43 129
102 130
7 131
68 132
107 133
72 134
91 135
7 136
118 137
121 138
90 139
58 140
74 141
141 142
117 143
62 144
33 145
18 146
10 147
80 148
107 149
56 150
93 151
51 152
22 153
122 154
99 155
8 156
100 157
116 158
11 159
13 160
84 161
94 162
105 163
160 164
22 165
119 166
164 167
94 168
99 169
57 170
81 171
68 172
88 173
8 174
9 175
13 176
35 177
111 178
66 179
66 180
144 181
167 182
30 183
70 184
29 185
152 186
89 187
67 188
124 189
84 190
48 191
178 192
112 193
131 194
183 195
154 196
6 197
52 198
155 199
116 200
117 201
177 202
115 203
115 204
160 205
119 206
143 207
143 208
11 209
40 210
31 211
53 212
154 213
128 214
210 215
104 216
13 217
76 218
28 219
79 220
150 221
10 222
52 223
88 224
167 225
114 226
220 227
7 228
211 229
114 230
123 231
191 232
53 233
196 234
190 235
194 236
215 237
232 238
98 239
26 240
163 241
108 242
1 243
227 244
15 245
216 246
147 247
38 248
214 249
64 250
69 251
120 252
23 253
31 254
157 255
115 256
34 257
89 258
244 259
106 260
259 261
205 262
226 263
94 264
57 265
28 266
10 267
206 268
212 269
2 270
184 271
92 272
3 273
208 274
114 275
221 276
125 277
241 278
122 279
252 280
96 281
205 282
84 283
151 284
86 285
51 286
40 287
221 288
136 289
125 290
77 291
110 292
128 293
165 294
198 295
119 296
195 297
121 298
13 299
91 300
223 301
120 302
59 303
131 304
241 305
140 306
87 307
232 308
279 309
14 310
152 311
21 312
132 313
54 314
81 315
38 316
256 317
232 318
55 319
315 320
257 321
239 322
38 323
76 324
186 325
248 326
305 327
14 328
275 329
68 330
3 331
31 332
105 333
233 334
125 335
202 336
7 337
282 338
272 339
69 340
237 341
236 342
117 343
16 344
297 345
24 346
299 347
308 348
204 349
49 350
252 351
192 352
22 353
72 354
130 355
176 356
3 357
15 358
207 359
74 360
16 361
246 362
338 363
237 364
69 365
333 366
159 367
105 368
125 369
357 370
362 371
13 372
352 373
100 374
371 375
234 376
87 377
69 378
358 379
148 380
226 381
329 382
90 383
95 384
334 385
112 386
71 387
239 388
349 389
282 390
385 391
7 392
154 393
51 394
24 395
184 396
247 397
137 398
185 399
351 400
121 401
220 402
59 403
184 404
311 405
126 406
128 407
292 408
95 409
80 410
76 411
96 412
322 413
115 414
162 415
259 416
337 417
179 418
111 419
294 420
239 421
341 422
118 423
7 424
385 425
237 426
49 427
134 428
240 429
260 430
349 431
103 432
213 433
291 434
317 435
87 436
99 437
40 438
364 439
139 440
200 441
129 442
398 443
441 444
273 445
173 446
36 447
238 448
135 449
343 450
101 451
337 452
94 453
235 454
318 455
200 456
238 457
109 458
200 459
256 460
107 461
350 462
206 463
301 464
361 465
124 466
11 467
116 468
222 469
23 470
174 471
189 472
186 473
383 474
253 475
306 476
454 477
159 478
406 479
49 480
153 481
120 482
107 483
64 484
189 485
365 486
293 487
413 488
184 489
205 490
160 491
126 492
228 493
174 494
401 495
185 496
171 497
370 498
27 499
84 500
186 501
463 502
47 503
315 504
46 505
273 506
503 507
325 508
253 509
255 510
449 511
466 512
47 513
252 514
137 515
106 516
56 517
25 518
54 519
508 520
87 521
212 522
449 523
206 524
319 525
118 526
166 527
245 528
437 529
405 530
177 531
82 532
415 533
135 534
79 535
118 536
43 537
113 538
64 539
499 540
99 541
460 542
457 543
167 544
207 545
106 546
533 547
118 548
464 549
418 550
327 551
261 552
499 553
67 554
93 555
222 556
97 557
198 558
437 559
51 560
206 561
538 562
334 563
371 564
387 565
78 566
158 567
114 568
385 569
159 570
326 571
465 572
27 573
408 574
4 575
318 576
131 577
505 578
410 579
511 580
463 581
55 582
280 583
481 584
357 585
250 586
527 587
502 588
549 589
483 590
336 591
503 592
175 593
73 594
168 595
205 596
288 597
530 598
192 599
32 600
73 601
287 602
239 603
210 604
565 605
215 606
339 607
206 608
146 609
464 610
420 611
466 612
375 613
589 614
158 615
133 616
413 617
140 618
329 619
524 620
372 621
280 622
117 623
512 624
254 625
622 626
55 627
337 628
14 629
546 630
490 631
496 632
50 633
105 634
418 635
115 636
342 637
224 638
224 639
3 640
580 641
13 642
33 643
148 644
548 645
337 646
595 647
355 648
121 649
467 650
277 651
172 652
280 653
418 654
382 655
224 656
597 657
169 658
284 659
634 660
123 661
135 662
191 663
376 664
148 665
227 666
564 667
293 668
9 669
466 670
501 671
419 672
610 673
543 674
51 675
555 676
61 677
13 678
255 679
192 680
243 681
73 682
570 683
221 684
395 685
254 686
307 687
88 688
348 689
376 690
267 691
355 692
689 693
515 694
659 695
211 696
407 697
494 698
115 699
466 700
78 701
382 702
683 703
398 704
563 705
645 706
284 707
429 708
46 709
697 710
513 711
664 712
370 713
189 714
352 715
55 716
341 717
365 718
60 719
576 720
538 721
425 722
611 723
277 724
679 725
469 726
268 727
34 728
164 729
676 730
439 731
498 732
345 733
138 734
734 735
36 736
160 737
314 738
127 739
199 740
459 741
182 742
6 743
695 744
631 745
571 746
165 747
160 748
677 749
164 750
669 751
460 752
151 753
493 754
126 755
70 756
402 757
595 758
574 759
302 760
346 761
591 762
157 763
530 764
735 765
377 766
351 767
1 768
527 769
766 770
733 771
128 772
669 773
141 774
292 775
44 776
96 777
515 778
584 779
584 780
679 781
446 782
374 783
56 784
43 785
732 786
320 787
202 788
305 789
163 790
290 791
705 792
306 793
455 794
189 795
542 796
551 797
198 798
634 799
3 800
170 801
582 802
29 803
428 804
127 805
75 806
267 807
274 808
759 809
171 810
713 811
255 812
127 813
292 814
537 815
524 816
607 817
490 818
338 819
53 820
500 821
594 822
76 823
702 824
578 825
722 826
99 827
796 828
462 829
795 830
19 831
740 832
89 833
356 834
721 835
545 836
181 837
191 838
149 839
542 840
228 841
151 842
307 843
840 844
457 845
770 846
2 847
206 848
378 849
404 850
484 851
52 852
351 853
77 854
614 855
770 856
92 857
566 858
280 859
138 860
607 861
264 862
597 863
403 864
578 865
32 866
671 867
132 868
860 869
336 870
499 871
261 872
486 873
531 874
422 875
725 876
834 877
505 878
268 879
564 880
644 881
622 882
293 883
314 884
811 885
529 886
401 887
290 888
608 889
542 890
178 891
235 892
302 893
866 894
852 895
596 896
15 897
738 898
364 899
311 900
19 901
245 902
171 903
578 904
581 905
246 906
784 907
299 908
166 909
760 910
48 911
171 912
550 913
160 914
671 915
128 916
515 917
878 918
101 919
49 920
141 921
337 922
469 923
516 924
703 925
231 926
200 927
555 928
488 929
619 930
896 931
122 932
430 933
813 934
927 935
649 936
729 937
629 938
752 939
198 940
807 941
252 942
567 943
347 944
454 945
904 946
570 947
760 948
356 949
104 950
869 951
841 952
147 953
50 954
136 955
46 956
183 957
913 958
466 959
676 960
115 961
367 962
903 963
930 964
745 965
426 966
344 967
41 968
627 969
422 970
900 971
862 972
667 973
663 974
617 975
172 976
95 977
689 978
521 979
281 980
60 981
404 982
584 983
221 984
834 985
83 986
72 987
334 988
665 989
827 990
450 991
2533 32537 31412 25393 4355 9756 19919 6575 17751 19448 13556 30289 9339 19884 22456 1705 14539 13045 27249 2817 26999 3604 7917 29762 4311 2257 3428 30996 19710 17088 10666 1607 16017 25795 6313 3698 10714 3536 31247 31961 11800 31989 31300 20372 1817 7321 16543 7406 3339 21252 3545 2060 26256 15394 7874 26831 8464 12419 10034 11002 9043 15783 31043 10392 11855 29561 11453 920 24638 11033 23250 17083 28148 10974 16908 13744 1648 19356 26243 25725 5297 802 595 3616 21451 30727 23117 31350 26937 679 19181 9053 31093 16232 8588 30997 27334 5698 5591 17901 19033 23422 30592 29979 1940 28093 25652 16619 31143 30013 6604 3100 25444 10328 14535 27270 26960 14669 2808 7425 11770 20803 8828 1155 2187 15499 25839 20616 2463 11302 22239 27831 16979 12423 15233 29122 415 20889 23715 7566 31719 26628 3810 5780 4300 7085 17949 32391 9032 11131 20010 6198 14330 25185 31687 1205 19902 23961 27091 23479 9345 2093 5822 9023 26196 28604 30270 27256 26302 22139 19267 3040 27735 9850 24110 23212 14482 10793 25405 16233 16859 11802 9546 2015 21474 28680 18614 28218 2614 32537 15008 7020 22805 29024 8282 10445 6275 4774 23325 25860 17817 28778 29691 24619 28192 26406 1046 814 31326 5332 27920 13940 18736 21681 30146 23490 21081 10305 7985 8028 17178 12691 17853 25709 18691 8902 25244 20648 32520 18124 391 15152 12503 1902 16051 693 26729 5264 24835 3808 31191 4279 25724 242 368 26312 2297 22440 2056 11539 14624 2657 16786 14735 23956 24450 6642 19303 28780 538 1036 28086 25829 6850 16161 30607 14163 28616 1627 19777 14686 20620 24230 18137 28266 20521 30402 24552 3159 4952 19862 5254 29803 13714 4808 3990 14476 2421 30090 3660 179 14441 21943 7405 25757 1411 2846 4310 3524 14250 14110 25536 13709 28408 21619 21570 21443 26978 31055 28567 4420 31388 32684 26786 21242 15159 2017 24623 28941 13069 2420 636 28247 734 26160 7672 17433 20795 13175 5962 5612 32419 11737 24213 25082 25837 2789 18939 365 9701 7486 31072 3368 19770 32498 10096 31413 18840 13832 3043 1407 273 1880 13055 14402 1217 27552 28255 10943 10162 23251 17140 18356 31997 25012 30793 12043 306 13732 11531 2130 29434 15032 5320 22891 7931 12303 17143 13701 8956 30307 10041 22603 27722 9437 7902 346 30042 24622 16299 9209 1711 10203 16346 16132 32510 3544 8035 28970 26257 3161 30330 7513 20969 28133 3417 13173 22439 31660 8511 29008 7597 26138 31417 12247 16768 7084 14624 4233 8176 515 30563 7982 16380 17719 11782 15301 25840 12653 30315 24766 3024 19116 4945 6505 22521 5868 25242 15535 13062 20080 7249 16384 9201 26198 747 13964 8570 10605 26829 20662 25549 21318 12047 28613 31071 24974 8576 8669 8985 3994 21482 6703 15288 12356 25751 31084 11892 23030 18451 31359 16607 6404 564 22395 13329 7231 28760 31442 258 4039 2286 20681 13367 6688 13368 19752 11425 12168 8782 31030 16834 12168 16999 7652 5393 202 16212 24137 4768 7978 9549 22094 25852 20495 5360 4523 24660 28924 10119 28434 10462 5218 26762 17321 6263 24761 2149 21182 10122 26062 11386 28087 23858 23647 106 20551 2723 997 27792 3304 21958 4785 5583 7557 22307 27706 2702 27766 20228 4534 16640 27058 13783 231 19113 64 11221 30008 24862 32751 3041 16136 12300 20295 9651 9542 123 31167 25397 1342 10580 28209 23853 9394 26913 394 8989 27181 3349 2502 14951 28564 2380 9500 6325 8958 26195 373 7576 27077 10219 14371 20336 31198 4362 4560 24459 23909 26915 18100 14737 21628 9895 3852 8735 2390 8908 6087 10418 19087 14989 12162 28871 16319 242 16310 5696 19534 26257 26160 12554 5258 31317 17090 15357 22774 10110 19769 25347 7141 5353 18318 31869 17736 2450 8289 12770 14533 31319 22946 7081 4617 9471 18322 21610 31582 23674 15338 18240 21120 27242 29017 15729 4012 10723 19252 28497 8955 16239 15722 7267 15342 4694 28854 28354 12106 27420 30488 11711 28454 23370 9349 972 18754 21106 24542 23449 24474 1133 31 6268 3899 1255 2521 11798 14678 15390 24802 23348 8851 6374 16970 3059 23719 9201 6802 10024 28201 22605 3097 19198 11425 25902 14807 15585 31971 15598 10829 4251 28059 5458 22204 19133 24616 15631 14998 577 13230 27276 30514 17773 9830 26602 24515 17915 24889 16450 395 4214 24974 21037 31820 21223 13664 27530 16128 30385 15763 21115 31945 4538 27272 24497 28203 29387 9967 3562 12921 19770 25820 8887 25997 18374 285 21635 15804 29378 28876 4561 17930 26998 27936 19909 2201 8898 4488 30182 15720 13572 8187 29986 20794 4412 24457 26643 22739 31086 18743 26240 17514 13896 30473 1575 26460 20485 2400 31417 10270 20113 30342 30503 27765 17646 30856 13340 5609 11222 3396 16330 8823 20386 15554 31466 17798 21866 6600 26366 3356 7022 12456 10714 26450 30900 22621 27234 7173 8179 6614 27285 3791 10672 8594 715 23861 2471 28525 25146 11554 29548 14522 14527 16277 29266 12433 11740 7062 14476 10858 18685 25966 27026 19179 12031 13847 25543 15103 22770 1778 19800 4392 10270 1464 26727 25878 31557 25779 29289 16760 10536 31534 4812 26642 1100 18986 7389 7184 19454 14674 10474 26266 11925 8241 18595 2472 16631 28579 23238 5400 3935 3977 16892 20990 11101 17601 766 30779 23326 13142 3579 25169 19949 20723 14142 13173 31226 23454 8972 9190 1882 10402 10443 26494 27728 24525 29034 25222 7883 30428 21756 8399 32559 308 15270 17150 24664 10195 1468 22056 20701 23941 16167 18847 2449 9051 8714 30475 9552 29017 11429 28860 1528 5999 20089 2622 2741 10923 28844 20270 31618 21164 23984 23629 19948 2906 19488 20179 10009 11988 4330 15878 16138 23466 15539 29450 2333 2893 10359 21243 17878 27843 13680 12089 25054 22431 17466 28675 17996 27441 10036 19784 32292 11770 5161 2489 21789 16738 22832 25635 21416 32174 22736 13052 15405 2604 4456 24124 28056 17840 13262 11118 20244 4932 3383 4102 10518 24348 18519 32245 3998 28616
