2000 2000
1998 2
1 1
0 3
1999 1
541 1444
1629 1522
942 1115
248 1165
904 1177
1804 1295
927 966
224 1755
281 1171
825 707
338 522
727 1200
833 1581
1424 1370
1112 583
1139 559
1072 1129
1493 1535
1619 1057
1057 1094
501 1034
196 795
93 1867
1129 974
29 1776
1607 1682
32 1200
1341 633
1655 1037
476 1229
139 1492
86 1712
11 1355
804 1545
31 639
417 773
1589 1986
84 1492
1377 855
142 1475
432 1696
33 1750
182 1931
759 942
1766 1825
416 632
257 949
636 935
484 1786
774 1566
1365 1057
1615 1455
365 1014
1554 607
1404 1255
740 965
1749 1060
951 1692
1911 832
1703 690
469 1710
28 1552
351 1927
1946 1923
1942 931
1831 572
488 1325
1927 1061
297 1509
1408 1057
1076 599
307 1625
1994 1738
769 1094
1178 552
1010 744
1349 1945
320 630
954 1539
203 1751
1463 980
1468 1573
1268 1343
1958 1850
907 1152
50 1388
1612 823
575 1849
1227 784
1907 528
679 649
823 1280
1392 1706
464 1381
215 1101
1192 1720
681 1762
822 794
126 1136
944 1735
1846 1828
1195 946
340 1098
1012 1414
1586 1191
1161 1620
1939 993
773 597
415 1979
694 903
646 886
1979 941
825 1678
789 1731
290 1788
940 961
1730 849
1053 1041
875 1447
436 974
1970 981
1860 1801
1231 1529
588 1094
633 1885
793 1410
1284 750
1386 741
410 723
430 655
901 1106
1652 818
1156 1171
751 660
1400 502
572 1670
494 1643
50 1712
1232 1972
368 726
376 1262
542 850
1789 1071
1435 542
1408 1881
1971 1648
1038 593
835 1328
128 1113
545 1565
1729 1506
597 957
181 545
62 1888
482 828
1934 961
8 1923
1887 1617
1152 1216
553 1527
406 1769
421 1850
223 740
1364 1574
610 1878
344 760
217 932
1837 1460
1810 645
316 1969
1709 1103
1328 522
134 740
1569 992
1927 1844
1610 1054
917 1036
127 1213
1529 1236
779 801
1926 735
664 1095
1291 550
557 1201
1311 679
1687 587
1886 1566
1175 1176
862 1363
723 739
1871 941
587 1092
795 1130
1080 1545
1046 1602
1234 1611
1163 1492
1450 1128
1639 1211
248 963
621 1141
1760 1527
1109 1259
1875 1705
786 1302
1322 776
1257 1500
1314 1677
10 695
174 500
1062 629
730 1072
1603 657
1921 536
1039 1569
81 1907
1304 1784
123 1296
1124 569
1412 1389
1505 1912
1907 902
787 944
431 1845
30 1869
1039 1906
1753 571
588 1493
816 670
1139 1194
919 847
1563 1930
1928 1422
398 1812
1957 1935
339 1464
1189 791
1554 1436
762 1569
82 1703
1080 900
435 1219
716 581
334 701
913 1921
946 845
1706 704
1958 1374
473 1751
1965 714
265 1521
188 748
609 841
1489 1776
1609 1404
427 1494
40 520
1426 1181
1389 1978
625 1983
625 1573
106 1717
1243 750
1518 759
562 1389
784 901
782 1954
72 1322
880 642
938 1213
1723 1582
730 1440
1679 1342
1487 1175
1092 1727
1852 1926
1492 828
1259 1104
1498 932
1429 788
545 1394
1112 1010
801 1410
1256 1179
968 1955
1621 562
1679 1070
1631 1460
1981 1587
1628 664
1009 819
461 652
1085 1925
1435 518
471 643
1408 1358
507 739
144 618
689 1878
1507 500
1512 1838
235 1882
727 840
1822 879
1553 556
1156 1462
1395 1609
47 771
1664 1304
754 1723
23 1503
1459 896
1693 933
1902 1904
1709 1200
1599 1407
225 1826
1104 1205
898 717
1949 1370
1529 1929
1216 1659
1326 1551
296 776
1860 1536
1066 1681
966 1627
1400 891
1258 1677
1838 1782
1901 1499
365 1348
1162 712
1624 1454
35 1697
860 908
221 1999
1543 607
1019 1193
1836 1087
1436 615
969 673
850 1800
1555 1935
1077 1188
337 1829
1988 1178
1650 1393
1222 711
1522 1451
414 1573
689 741
1298 969
1719 1000
1534 1520
1111 1444
1764 1462
1083 1632
1743 735
1017 1436
1477 1740
1789 685
1228 854
1475 839
602 1014
108 1075
1891 545
1401 1550
929 554
1897 978
1842 1870
1453 1319
1348 688
176 1347
273 1514
817 780
1140 1932
1773 778
795 641
999 1633
568 1360
1766 1797
974 1868
231 1113
901 647
1289 1476
264 1202
32 1741
48 1218
1687 1913
1685 1933
1890 1437
1607 1776
1977 1887
1717 1825
1029 1466
1609 1498
1787 1811
46 1602
1766 1748
1108 1918
1335 1964
708 1277
1869 1078
670 1242
1438 1411
1758 1356
90 999
1200 520
506 1359
1231 1677
1606 775
1340 1467
1817 1285
635 1186
940 901
1381 961
1801 508
666 1542
343 717
82 1241
1011 1186
56 1650
897 1058
124 1605
1109 947
1078 1341
194 683
1566 1343
559 1568
1648 1281
1321 1077
1642 550
474 1023
301 1857
919 1668
583 1673
523 1953
958 1117
567 785
1451 671
1718 1648
1017 1816
1274 602
943 1561
648 1813
701 1127
1766 569
1426 900
1257 1152
1801 1269
1760 1741
1291 1223
1623 1702
1554 864
1644 919
173 715
1224 595
1642 1907
482 660
1600 1921
994 804
1482 1136
584 833
867 908
722 1209
764 737
551 1433
572 948
675 1137
1383 740
1702 583
1879 1189
1438 878
859 1110
1323 1838
809 672
1166 882
1329 1645
973 760
1462 1959
1486 1534
1737 1933
755 1129
1194 1113
258 1006
980 795
281 941
302 546
1593 1644
243 972
375 959
481 1396
686 1084
1107 1839
731 1942
93 536
1922 1583
915 1113
1619 697
1425 925
411 1946
283 1081
1396 1258
279 1709
245 902
650 1250
208 1058
1828 1538
1560 723
634 682
555 1289
107 1370
1454 887
765 1986
1375 680
1731 1198
651 565
1706 813
82 1176
1137 1268
1672 999
748 1064
26 1804
1780 1735
834 1284
1055 790
685 638
640 1656
1674 1381
39 1008
926 981
1427 1472
973 1942
1189 1240
1795 1617
1363 1422
913 672
602 655
1261 968
1821 505
1991 598
858 1358
921 1276
1458 806
1664 1792
534 1135
1780 691
1350 1484
451 583
1652 1709
327 1136
250 1497
1854 1457
994 1728
1673 1829
1114 1730
498 1721
327 638
845 1064
962 1340
1301 1650
266 1725
1329 1581
900 583
1253 1178
1105 1376
1115 1193
753 1798
670 798
1472 1534
1738 1842
1430 722
1784 501
327 892
1185 1228
1549 1113
226 1731
165 1024
1097 611
477 693
1124 1901
930 1236
1952 1506
1743 973
268 1934
368 1592
32 1418
1776 1715
1724 1881
642 1362
423 1549
318 760
670 1811
145 1728
1103 651
412 1979
501 905
380 889
1554 1836
112 963
1034 1556
479 1409
185 1119
738 888
1852 1700
1040 538
853 1995
575 822
219 624
457 869
957 879
817 565
1454 1016
251 1951
1176 549
1120 935
201 1106
1114 1482
358 1281
992 1031
1317 750
907 1443
953 1517
619 501
380 1900
856 725
1570 1709
70 968
622 1486
639 998
549 1265
1676 503
1171 1744
1159 1564
499 1856
1072 1145
1872 994
35 1693
1460 1677
1267 1686
533 1793
528 993
1545 889
507 1336
647 1973
479 826
417 2000
1624 1005
1123 1203
610 511
355 1320
1258 695
1774 579
692 979
1642 1535
601 691
1956 1231
1871 1601
914 1310
102 1089
1127 1199
784 1298
187 1335
918 1481
1827 1368
1384 677
1210 1280
770 698
905 1654
333 1262
1809 1555
42 1041
366 1698
165 560
1954 1275
803 1092
927 1155
379 1460
937 1729
1827 1910
1699 1267
776 1125
1672 1086
1214 1693
520 1059
565 657
1493 877
1012 568
836 1528
1386 1438
1936 1245
825 1659
1577 1028
1984 1057
854 1600
1557 1199
1792 1024
942 822
1558 1962
1342 1026
1455 509
1576 1781
247 1957
395 2000
976 553
207 1267
1601 1233
1223 883
95 1274
989 1670
593 1361
1057 1140
596 1388
1641 1274
513 822
416 1348
1906 1287
376 1217
1906 1618
194 660
592 856
352 1607
352 1857
504 1322
423 935
1152 977
655 1055
906 1637
1013 1062
1319 1855
253 528
1013 563
1338 859
354 1567
1539 594
514 1643
1986 1516
606 1095
1649 1672
1725 500
733 655
1821 1636
9 846
1272 1800
50 539
1497 1509
1751 629
948 917
8 1260
1837 1007
459 900
1234 554
1347 729
31 793
314 1761
598 1941
1168 1829
1924 1356
841 1605
1269 954
901 521
1327 516
436 1245
1501 1752
1105 1035
1142 935
1082 1162
1036 1980
245 1368
543 1324
362 1804
833 994
367 1779
177 1160
1042 1355
643 899
1370 1161
1321 984
976 1191
1955 1649
1903 1840
77 548
561 1657
915 987
1947 759
1481 1863
716 553
1254 1611
352 1254
1082 574
1958 1588
267 1293
1062 936
544 577
1375 1870
123 689
602 1647
236 896
1578 1454
1116 1741
256 1118
807 1209
314 1602
1158 1514
662 1572
240 1919
237 1983
1690 1513
776 1931
319 1112
1029 1361
533 1438
727 1128
1662 1196
673 1962
1935 1432
1015 1177
1520 1443
27 528
1870 1678
341 750
750 954
661 1279
1717 1345
123 1270
1529 1929
1301 1568
437 1554
444 1918
1349 1755
1581 1841
526 1483
1853 1716
1666 713
193 1884
363 833
761 1396
1545 1343
834 934
1632 1900
852 1815
668 905
401 1219
546 1840
1418 1432
1773 1004
1559 1036
600 1564
1416 1910
1491 1869
1785 688
952 1498
52 516
861 1015
1914 1309
1624 1847
304 1764
1040 948
648 1397
222 1304
58 1698
340 677
1183 704
1031 1012
814 947
1276 1500
1872 1504
158 1563
315 1972
12 1532
1462 1453
772 1120
715 793
234 1850
1999 1309
430 1573
112 1447
418 1854
1447 658
1604 818
1503 1376
1113 535
642 562
1355 667
709 836
1443 1801
50 1420
1813 1464
58 1386
1274 696
1237 1316
651 1663
1003 1017
273 1797
1985 642
1792 1484
1541 1894
774 1321
780 1809
1891 1633
814 1689
1539 515
1228 740
1811 1567
1346 539
1020 751
742 1914
1885 850
816 1800
1080 886
419 1367
1169 1125
670 1443
930 1626
85 1312
670 978
1132 1013
1821 1870
1159 1984
64 764
1366 577
1411 1836
1960 1101
1759 1780
990 1715
657 739
1073 1568
1434 1894
960 548
635 888
672 1229
1109 1247
1697 1476
1096 1073
420 785
334 1993
828 1321
15 1610
395 888
386 1595
615 989
1232 918
143 795
312 1786
1265 1483
393 1632
1365 1965
1573 1427
1531 1582
1063 1341
861 1194
1725 750
1268 1509
383 981
918 1109
1395 1756
1819 1356
1850 1957
166 907
708 501
1135 1424
1479 1341
287 959
585 1089
1615 1833
753 1714
1026 1819
96 1607
1488 929
1474 714
1443 1331
88 775
15 1817
664 1075
1600 1317
1873 1351
617 1423
1411 1635
248 1673
1831 539
8 1758
613 1286
1031 1952
5 1509
1349 817
907 1284
1011 1243
635 1685
368 1975
816 1469
628 840
1975 1433
1001 601
406 963
367 810
886 1336
1683 1963
1904 1354
1486 1689
497 1902
1904 573
305 1747
779 1947
1286 1010
120 1331
908 1029
1155 608
1827 1169
584 1285
127 1338
186 1602
1098 1389
1143 1539
1448 1927
992 1000
186 1204
1557 504
33 540
150 671
118 1224
1828 1893
208 923
1505 1489
74 1872
1994 706
1954 514
1980 1230
1522 1761
501 1934
777 1046
1995 1535
1675 929
968 1372
559 591
414 1675
749 1518
816 695
457 1988
5 961
1979 1940
807 1781
130 1139
721 1962
79 1712
1559 1026
1140 1538
1045 1441
1666 1248
1759 1669
546 1963
1191 1844
150 1815
1419 1966
1979 1310
1864 737
452 780
870 1824
774 1105
1805 512
1947 1306
1524 1042
679 1750
962 1264
1568 737
1225 670
829 1412
1049 1471
112 1787
92 507
1625 1249
457 679
1719 1800
624 1083
591 905
1499 1216
1972 1669
294 1835
1524 1303
1230 1444
103 1908
1789 527
1027 1027
1305 799
687 1376
674 1985
424 1418
243 1209
1389 1754
943 588
628 913
1724 563
1817 836
1627 1224
297 1848
1544 1606
168 639
396 1373
140 969
1794 1219
1511 631
1668 1665
914 934
372 654
310 1297
1894 1223
1445 1109
1549 1434
959 1800
1616 1118
1293 1763
1473 1359
1787 1706
661 985
831 1494
1642 1160
382 1471
1275 1587
86 1288
1627 1149
1722 943
126 860
1877 900
861 943
1575 1901
77 878
424 1930
1979 1785
305 1431
1277 552
527 774
492 1898
877 795
565 1185
1742 571
1424 1228
65 1133
262 1911
1355 1070
174 1904
1170 742
1631 1906
1256 1612
144 826
662 729
1447 1325
458 1422
1544 1769
543 1543
336 1073
1336 805
199 810
432 738
526 1387
11 1011
870 560
164 1732
351 632
1403 1636
632 1382
728 830
1683 656
6 1419
162 1716
798 1472
352 916
1074 1155
982 1351
37 1961
895 923
1036 533
369 662
56 1193
1599 721
1555 1003
416 570
1748 1921
307 1400
721 748
1021 596
1283 1396
1034 687
1591 1216
1699 1286
277 1316
1928 563
1867 1443
957 1775
81 534
97 682
279 1016
480 501
1438 1612
826 626
264 1157
323 1210
977 1154
1580 826
89 1593
933 990
232 1496
1054 794
1115 1958
1751 1010
1405 1669
1982 582
1169 1306
1313 1798
640 1313
1081 1104
374 1356
463 1633
1889 1159
1957 1988
1904 1771
1350 1437
793 700
100 1868
1320 974
1212 1431
710 1884
1019 712
678 1475
1051 1268
742 1429
261 1493
1707 802
569 1292
1877 1783
1830 1803
384 1359
1188 736
843 1943
138 1384
1192 1698
1642 1760
1374 623
481 1988
668 949
1048 948
375 1310
1923 838
1874 1602
767 1881
1613 969
461 1489
1950 1509
684 723
1129 1642
738 1288
1160 902
491 1138
434 957
301 815
1411 1137
937 1691
1167 1429
170 1309
753 758
101 1133
1528 1136
494 817
484 1546
1605 1216
1485 1998
1733 1594
1309 1031
150 972
1222 1984
150 1830
459 761
714 796
1638 533
1589 667
1075 537
1820 1981
1243 1831
187 1436
464 1255
1451 1736
1 1264
1601 994
662 1726
1629 1544
1384 748
1712 888
1753 1918
705 1602
528 1403
1110 586
1666 749
554 1121
568 1517
756 724
649 1581
1863 1428
1625 1286
222 1881
291 681
1380 600
1061 593
1507 1522
1326 1880
281 1724
1009 1082
886 1536
117 1088
1964 1494
532 1163
469 893
909 1073
1978 734
932 844
1916 581
793 1895
457 732
1997 1830
1238 830
173 1191
1793 1892
1279 1296
152 818
540 1366
481 679
410 544
438 1694
550 1303
87 1514
976 1957
767 810
231 1532
1385 972
1661 1806
8 566
347 1425
566 952
1631 733
683 733
1577 1468
756 1349
1194 1714
1213 1951
102 541
1937 1597
954 1966
486 604
1399 1606
595 1860
210 507
1642 1096
1348 762
1423 682
1689 1079
942 1993
1947 1368
340 1660
174 792
633 1230
237 1870
278 699
848 1194
1753 952
37 1529
1753 1160
282 919
26 659
211 1636
649 703
320 650
4 973
622 917
1780 1141
475 1562
1113 1161
1072 1858
1360 723
468 1807
1759 908
126 1297
1346 1826
666 1147
1596 873
157 1462
503 1750
669 674
347 547
1619 785
550 1214
1275 674
1453 666
1276 677
1893 1184
1425 1858
69 792
1044 639
1528 1833
1617 1531
1586 1971
1138 651
528 1776
907 1383
544 1386
1804 1026
1055 1178
1845 1464
1613 929
1915 1162
1762 1751
233 728
1589 558
311 558
57 551
1310 527
1755 1531
1937 1546
587 1405
709 1069
1983 516
783 1823
1666 1453
1880 591
1250 1624
1232 999
1476 1311
1730 1749
663 1885
346 607
563 834
1648 1740
915 919
710 1690
1297 893
464 629
940 1277
1821 928
154 1960
1975 1860
1156 868
49 719
893 1831
52 935
1115 1039
161 552
839 1506
237 1129
424 931
1029 678
694 1368
150 828
1453 1945
1317 1611
1374 1730
987 520
1299 935
144 1650
1455 1109
1091 506
504 1890
1860 1111
1599 875
894 649
1722 931
447 1703
1560 1393
1499 824
597 1877
96 1164
1398 1918
552 1943
359 1477
1653 712
641 1313
1670 998
1274 1366
6 1066
538 1596
702 841
704 564
1018 957
84 843
534 747
666 582
1473 1328
1511 1292
1958 729
1126 1906
796 1706
1658 1341
530 1299
538 1876
1706 1309
779 894
1564 793
954 1362
1918 739
322 1835
1190 987
815 1557
1228 776
1551 1590
527 1378
186 1207
1735 1640
861 1487
680 967
137 1981
1001 1795
860 1391
1342 540
9 1105
1856 667
155 924
776 782
1298 1571
1435 1822
848 1192
1608 1196
465 1557
1057 1206
1900 937
1575 1907
561 1478
1689 1305
719 509
1787 682
1858 1729
1249 1310
1265 816
302 1939
1302 1010
1164 1643
683 1409
98 1637
217 936
1034 1644
1223 979
990 661
1104 946
849 1623
75 1137
1790 936
1389 1446
1603 875
530 1032
605 1777
1806 1686
1241 1078
0 584
1360 977
1464 615
1544 1924
1654 742
1564 930
32 1898
728 1162
1417 1460
968 806
252 560
47 650
1794 1354
327 1769
1767 1343
462 1206
1866 658
1462 967
120 1669
205 941
1624 1522
897 1838
149 1179
1631 1210
74 1205
196 1491
1775 1069
496 1208
1585 1419
114 987
190 1944
1983 1609
333 1118
1984 510
658 628
1023 899
1040 1918
56 553
804 637
142 679
1855 1052
1071 1402
464 1504
1260 1275
1546 1391
724 1746
582 912
1789 1689
587 574
928 1215
1249 1107
1971 1199
1582 816
469 1394
1272 1609
717 1300
784 1550
342 1687
1811 786
1716 1700
1833 1413
413 1668
1631 871
1277 1448
624 761
383 1008
1468 639
649 1111
339 534
95 1864
7 1611
1215 703
546 1229
228 1433
893 1918
1405 1219
851 808
1033 1997
385 1416
825 1305
1093 1656
1646 1198
1123 1222
1023 1924
962 1815
1286 1257
1702 1662
1713 1094
1905 1790
145 661
49 1747
1368 1900
1028 530
1563 1509
856 654
1290 1895
231 1272
619 976
819 1923
879 1831
1795 1394
1098 1652
725 1025
950 1513
1766 843
361 1238
373 643
1311 1231
767 1340
555 1945
930 1553
1892 1617
1454 851
1089 954
1735 1971
1872 1869
70 651
613 1705
1058 926
1626 1047
724 1063
452 1067
31 1467
339 974
1880 1365
1610 668
1849 1937
1079 942
1450 1947
148 1643
1515 1407
1802 1413
138 1308
1897 1069
1095 1800
825 1769
1526 1140
1948 761
252 936
798 1515
902 1699
190 940
892 1941
229 925
1282 1340
1422 1615
1840 1718
1335 659
1669 1215
329 1680
1344 1408
108 1166
745 775
1251 1191
1789 565
715 1243
1952 901
1355 896
726 1030
633 649
99 1843
217 905
1846 1561
951 1088
704 1902
1769 1873
367 1149
1522 1521
677 1070
1817 1272
272 1961
318 1922
1827 1150
915 1541
548 1660
1963 1616
799 626
359 963
872 1982
576 1057
1641 559
190 1237
1533 939
367 1256
446 547
1016 1848
151 1626
882 1282
734 1586
474 1612
1983 1568
443 1778
895 1302
1826 1314
1314 1719
415 1268
1701 1111
1073 762
1 1677
1731 1142
367 1053
144 877
1453 1703
1145 1410
912 1168
423 590
1641 1944
45 1047
1515 1510
1415 1597
1820 1287
128 1335
1996 905
1312 1285
1019 1376
1867 681
344 1265
1041 1172
1692 1956
1704 683
148 925
1969 1762
1150 869
1456 1056
583 1423
1483 1814
1720 1415
543 1758
1718 949
75 867
1547 1221
324 718
1354 1987
672 770
1918 1574
1621 1204
619 1866
647 730
946 1411
814 1879
36 1053
736 537
1903 1255
555 1565
102 1877
1417 1153
250 1335
1244 997
1963 785
810 1534
283 1457
818 1345
886 1369
1148 1465
876 1965
1900 908
182 1671
1679 1995
1019 1937
1358 1574
1109 1148
415 1690
667 1415
1799 817
795 1917
1053 1925
1458 1728
1381 1005
1804 1738
264 1203
1336 670
1466 1808
729 782
1831 1177
1233 1780
1273 1654
1001 1201
918 1893
475 1944
590 1662
1548 1748
460 1911
1014 1668
590 1798
1401 1539
1431 880
700 1624
1864 1898
1278 1130
1661 1222
20 1364
649 1679
934 1297
722 938
1925 1498
1572 634
1821 838
867 1745
430 1519
232 1880
1620 1236
983 811
34 537
1698 613
43 537
1390 505
441 909
823 1896
1208 751
1237 529
1371 822
527 1866
215 1401
979 1250
1146 1554
1566 1452
1170 1175
198 636
1623 1287
295 985
834 749
1158 1952
804 1490
196 877
797 674
1785 1548
239 1755
589 1837
1647 1545
1906 534
922 1601
858 1628
1541 1048
123 1544
1040 701
1121 1887
1917 616
1881 706
715 1690
1533 907
913 1283
563 1432
1222 1262
1936 1473
731 1340
1338 1279
1059 1934
1293 1481
253 1106
884 1436
580 1205
861 815
489 658
1446 1112
1167 1385
758 1068
586 1823
1910 671
1766 1473
1199 1418
137 586
759 1485
1589 689
258 1264
20 1070
1015 879
498 1119
1640 1677
1888 1834
181 502
1817 949
285 516
8 954
1206 690
632 1417
990 1875
655 987
247 1006
967 1847
136 1822
403 514
817 536
613 592
1067 592
1723 1531
1603 1857
1533 1540
377 1407
1407 706
689 728
81 617
429 580
1905 1624
1525 818
862 501
1563 714
274 1303
732 720
1149 1816
898 1507
482 990
1987 1526
1620 1082
1219 1644
619 1470
608 1477
455 720
1495 1495
126 731
1148 763
1815 1900
1065 1488
1646 640
435 1852
908 1408
737 887
254 1843
1884 951
883 786
374 1163
93 549
593 1143
1160 1005
504 1901
173 1227
1728 1786
1447 1020
562 1034
212 1698
1459 1163
1084 540
377 1212
1001 1337
469 1290
1124 1451
596 624
332 1904
1483 1294
403 1850
1024 1980
956 885
1676 1470
1515 1103
142 1037
728 1388
117 1452
1288 1303
1189 1791
1815 1454
