2000 2000
0 1
1999 1
20 33
24 51
28 41
5 48
38 46
10 17
42 61
31 59
7 16
10 24
25 64
2 47
9 48
0 2
9 52
7 10
6 37
9 54
41 53
49 62
15 48
2 35
25 38
18 63
21 34
18 23
48 53
9 24
0 7
55 63
21 23
18 44
10 29
42 48
38 45
1 16
0 26
39 63
14 50
9 44
30 44
3 43
3 9
12 21
36 57
17 52
6 42
27 57
42 64
12 29
7 23
3 47
15 49
16 48
8 42
32 45
9 27
21 36
23 62
15 30
36 60
20 32
16 28
58 63
22 58
39 54
38 63
22 53
32 50
3 6
16 62
7 25
2 37
9 15
29 34
34 45
1 61
0 59
19 56
24 38
19 60
3 57
42 43
12 34
28 30
3 21
16 26
10 57
7 14
25 58
28 43
41 44
42 49
10 33
26 28
44 53
6 16
54 56
46 47
51 55
46 63
54 60
2 32
13 54
11 18
28 29
29 41
5 42
8 56
24 43
38 58
14 61
12 51
30 51
5 14
6 14
12 26
8 36
43 63
6 51
38 41
20 53
2 8
15 54
6 29
6 30
60 62
2 40
0 42
4 12
10 15
21 30
12 53
32 46
18 42
21 35
28 51
3 38
10 42
21 42
26 49
24 47
41 47
35 62
28 45
46 62
3 58
28 52
0 15
12 30
6 38
26 45
30 39
6 13
10 38
22 63
21 38
21 58
20 56
40 41
14 53
2 52
49 50
16 64
9 39
8 35
27 44
35 56
6 44
28 31
59 61
33 48
22 62
1 23
25 62
18 50
0 5
14 36
14 54
17 31
24 62
48 49
26 63
26 51
20 62
19 27
38 57
7 51
19 51
20 58
13 22
19 21
6 18
5 7
15 22
7 42
10 39
12 35
17 23
14 64
33 64
20 26
0 18
7 50
18 62
33 56
4 28
22 61
41 59
17 40
57 63
23 29
16 58
27 56
30 32
3 23
1 25
3 13
41 57
2 42
3 7
16 53
11 32
8 62
35 48
9 60
13 16
30 45
30 36
21 59
8 58
1 43
14 49
4 24
37 57
30 42
35 63
44 49
1 40
11 53
11 62
35 41
3 24
10 59
0 60
6 57
4 30
3 33
49 63
1 60
8 15
32 41
56 62
4 34
0 58
40 53
3 32
15 24
32 52
26 62
15 55
39 46
48 58
28 57
17 32
1 39
36 52
40 55
25 42
14 26
39 61
42 62
44 45
0 46
29 63
14 30
44 55
17 34
42 63
31 63
1 27
32 62
7 61
35 37
1 21
0 64
23 44
18 51
17 30
18 20
10 12
48 51
21 31
28 48
12 56
40 47
33 50
23 45
23 40
11 37
12 27
45 51
49 55
8 50
37 54
6 28
11 48
0 32
50 61
22 28
10 11
53 63
3 61
34 63
26 36
3 36
5 53
12 43
37 47
19 63
52 63
36 46
9 21
25 30
18 56
4 18
38 44
8 51
20 48
18 57
26 38
26 35
21 55
6 22
8 47
21 51
23 25
12 55
38 52
0 25
32 40
6 40
14 46
8 55
2 44
33 34
17 43
50 55
31 42
15 18
14 39
24 29
7 58
52 55
52 60
25 54
6 24
9 31
11 28
12 15
39 53
24 49
10 52
17 21
12 13
7 60
27 53
54 62
5 19
19 26
19 36
28 55
5 36
21 40
6 20
11 23
5 63
7 32
9 46
1 38
15 21
4 51
30 48
36 58
35 49
13 43
11 63
11 58
20 64
7 57
38 40
39 47
9 11
0 6
19 59
38 50
9 64
18 24
11 24
43 58
6 8
30 55
24 58
38 47
12 24
13 45
32 55
20 25
5 40
10 43
21 39
7 59
3 59
44 58
1 36
3 31
32 33
12 58
24 40
38 64
14 24
10 58
42 45
36 61
2 31
4 7
8 45
44 51
24 37
25 47
20 36
48 60
7 31
23 49
25 34
16 17
0 63
19 23
13 60
7 35
41 60
46 51
21 48
11 15
0 21
47 60
27 60
28 56
32 34
7 49
6 27
15 46
8 10
33 37
33 39
4 45
3 55
16 33
3 41
8 54
56 58
9 37
5 51
20 28
17 22
47 52
23 63
6 31
12 19
0 17
0 4
19 40
32 43
36 55
13 38
10 51
20 22
31 33
35 61
14 60
12 61
16 41
13 26
22 48
7 37
33 45
4 60
26 64
8 32
14 28
44 50
0 47
11 29
12 37
51 60
5 38
11 41
6 58
9 23
27 45
2 45
25 40
20 37
33 46
27 51
22 37
2 5
7 24
29 47
25 31
6 41
6 43
17 44
18 38
16 49
26 53
25 44
24 57
40 56
45 57
39 48
16 32
16 27
16 42
23 53
9 51
56 61
4 33
5 60
18 34
10 22
8 9
22 52
10 47
52 62
10 50
51 57
15 51
17 35
30 41
19 57
3 18
14 48
14 40
20 54
8 64
12 14
35 44
44 63
46 48
21 52
16 61
27 47
24 32
16 47
2 10
1 51
31 50
18 58
22 57
13 37
28 33
2 59
30 50
12 33
11 60
26 59
20 39
16 34
37 60
20 30
58 61
2 30
44 57
10 60
8 19
16 59
18 35
26 39
7 12
27 49
38 62
33 60
6 45
11 31
16 56
1 20
24 25
35 60
36 42
45 61
25 43
16 35
7 13
12 16
34 38
8 34
46 55
16 44
13 27
46 61
19 45
15 35
19 31
44 46
57 62
14 20
31 35
43 49
18 28
43 60
34 48
41 56
17 29
12 64
33 53
12 54
50 56
40 61
35 50
0 16
32 48
1 56
36 43
29 38
9 41
11 52
12 36
27 43
11 57
23 43
39 42
31 47
6 53
0 30
1 48
4 53
56 60
14 41
8 60
21 33
42 52
17 41
16 54
42 54
26 34
43 53
0 31
18 21
9 45
1 64
5 15
35 42
10 41
8 39
29 36
40 51
0 27
3 42
5 55
14 43
6 26
15 37
22 44
1 11
8 43
16 38
14 18
0 22
35 38
16 43
30 64
12 62
4 27
7 34
27 39
1 26
10 35
8 46
8 23
3 37
17 18
55 61
26 27
5 29
13 29
17 55
47 63
57 60
51 53
11 49
23 64
3 40
42 55
35 45
15 58
6 56
22 27
31 60
29 39
47 62
24 63
5 57
8 27
37 56
23 56
30 34
28 50
0 54
26 46
0 39
45 47
23 39
21 28
25 55
4 20
45 54
0 14
2 46
1 30
34 58
47 50
21 44
16 39
16 55
14 55
24 27
20 52
6 15
11 33
25 52
36 56
18 61
6 25
14 29
43 47
18 31
50 51
1 19
16 51
19 28
11 54
34 43
4 58
18 32
10 21
27 50
17 27
2 17
12 52
40 58
16 23
33 58
25 36
20 35
17 54
36 40
37 39
2 50
0 12
12 50
2 12
28 32
25 51
29 37
1 17
17 28
18 37
36 54
15 62
1 3
37 55
4 35
42 47
10 13
21 50
12 23
11 38
5 50
41 51
32 39
15 27
0 37
20 51
48 52
21 24
29 54
2 62
3 35
4 37
20 27
22 25
3 22
5 21
1 9
36 41
14 42
32 60
37 44
21 53
35 54
15 36
6 36
37 62
19 62
19 47
37 51
6 63
16 60
38 61
9 29
3 54
41 43
0 36
52 54
12 40
5 10
13 61
30 54
12 28
4 61
16 36
22 43
36 37
33 35
6 54
58 60
29 53
50 57
10 19
2 14
53 55
9 28
9 56
33 54
0 57
11 20
31 32
27 52
26 58
0 9
8 30
54 55
36 51
17 62
20 46
24 54
47 61
10 46
31 39
13 62
45 55
13 19
31 52
0 33
7 40
25 45
4 42
7 17
14 44
2 23
28 39
6 62
0 24
0 52
31 48
27 41
42 59
4 10
3 5
1 7
41 58
31 64
16 52
8 20
1 47
0 62
34 61
8 53
2 58
39 43
20 45
47 57
12 17
14 47
14 58
2 25
20 59
3 10
39 51
3 16
53 57
9 63
38 59
24 36
32 38
11 25
11 16
35 52
33 57
36 49
39 50
19 35
25 32
10 63
2 51
7 47
39 59
22 45
9 40
30 53
10 14
18 48
32 37
4 14
18 46
45 49
50 62
40 48
6 59
21 27
37 42
32 63
30 58
19 49
11 56
4 44
10 64
14 17
1 58
40 54
7 28
12 32
52 56
33 63
24 26
52 58
52 53
10 18
1 5
9 42
3 46
9 57
53 61
47 56
2 9
4 26
5 39
9 53
22 41
50 60
25 26
20 57
1 45
15 33
17 33
17 61
17 38
1 34
30 47
13 44
0 38
9 38
45 62
9 47
1 32
11 13
18 25
18 45
15 20
1 29
23 34
46 52
7 53
20 60
4 50
32 51
9 18
25 27
0 55
38 48
16 50
23 60
9 43
33 51
21 26
1 50
4 38
1 49
37 48
22 60
27 35
36 45
27 54
44 59
35 39
17 47
29 62
32 56
46 50
21 46
32 49
27 30
8 49
18 64
9 32
20 43
17 51
3 8
30 46
11 22
50 53
19 54
7 54
38 42
11 42
21 64
2 36
61 63
4 29
0 61
48 59
32 42
52 59
1 13
4 49
53 62
23 55
2 6
49 59
22 56
28 37
34 55
24 28
34 46
3 51
37 40
13 20
14 51
17 50
31 58
44 47
43 59
38 43
17 49
23 59
21 57
34 53
29 49
24 46
0 29
5 8
27 64
46 57
24 44
6 33
8 24
18 22
2 64
15 45
31 40
37 43
15 28
10 48
16 25
22 50
38 55
19 46
28 64
45 56
9 26
30 31
23 47
22 38
40 57
0 50
54 61
11 40
54 63
7 62
43 55
23 37
39 62
4 41
25 57
9 50
60 61
36 48
12 49
2 63
10 27
24 31
11 44
45 52
39 57
39 49
11 19
27 31
11 36
30 52
15 44
2 15
12 39
32 59
9 33
57 58
3 14
27 63
26 43
16 29
25 60
10 31
2 57
2 61
8 40
26 33
39 58
22 31
6 39
36 63
8 37
14 16
49 54
4 59
18 36
31 51
7 33
16 45
30 49
32 57
11 55
8 29
22 33
15 23
27 38
50 54
1 31
21 49
14 23
17 48
3 39
51 58
19 33
16 22
8 26
51 52
55 60
1 8
8 11
29 40
37 52
31 53
33 44
1 15
21 45
43 62
40 45
6 9
42 58
8 59
5 49
5 33
4 19
8 52
17 25
33 40
23 51
6 55
46 49
18 59
45 63
6 34
5 56
18 40
22 49
0 35
13 59
49 56
8 44
31 45
31 54
31 56
33 47
26 40
13 41
14 21
30 43
40 62
10 36
29 52
28 46
36 44
53 60
6 47
47 59
16 63
4 17
34 37
0 3
27 34
28 53
17 60
31 44
9 13
20 24
2 18
12 31
13 32
20 63
5 37
24 48
29 42
25 56
18 60
6 48
14 63
24 50
10 53
13 42
0 44
8 25
34 51
10 54
11 47
4 21
5 22
19 52
53 54
27 40
4 23
13 46
13 58
2 41
11 46
40 46
33 36
31 62
30 37
27 37
6 19
19 50
39 60
35 53
25 41
44 60
29 46
3 49
3 26
10 61
52 61
5 41
37 63
51 63
3 20
34 36
41 49
43 52
7 30
19 55
17 26
6 49
12 63
35 55
4 63
6 23
11 43
34 39
3 29
47 54
4 47
14 35
4 64
16 19
26 48
33 62
24 34
26 44
4 43
45 58
39 56
48 62
1 41
2 38
19 42
36 62
0 20
31 49
2 20
0 43
20 50
43 48
1 57
15 39
9 22
22 42
24 30
8 12
18 26
28 44
28 49
26 42
13 55
4 31
2 48
30 63
13 39
28 61
20 42
9 36
2 29
8 18
8 61
61 62
15 63
27 58
4 15
29 45
35 58
28 60
34 62
10 25
12 25
14 27
14 31
43 61
13 30
20 41
10 49
8 38
0 41
1 24
4 57
5 26
18 41
4 62
47 58
26 56
44 48
20 49
5 44
12 45
21 47
12 48
44 62
41 55
18 29
11 21
8 17
26 52
15 19
6 11
28 54
35 40
34 42
20 44
27 61
4 8
24 42
15 60
29 57
11 64
20 31
29 32
43 44
5 11
38 49
5 45
6 46
23 61
43 50
19 32
22 51
23 57
3 28
34 52
4 36
19 53
15 40
2 19
12 44
21 37
6 32
44 54
1 6
15 25
35 51
13 21
13 56
40 43
46 56
12 20
13 36
15 56
20 34
25 28
7 55
40 50
38 53
24 52
3 34
3 50
6 17
4 55
3 63
11 14
26 32
3 12
25 39
44 52
14 33
8 48
17 59
13 52
9 49
7 56
29 51
6 12
11 61
25 63
15 43
33 52
43 51
14 38
17 58
60 63
13 28
16 31
9 17
24 33
23 27
23 52
1 28
8 31
32 36
17 57
32 44
8 13
34 44
22 47
11 34
22 54
24 45
13 64
39 45
21 29
5 64
7 63
18 30
37 45
26 30
36 64
14 62
10 23
1 44
17 63
4 6
42 53
28 59
57 61
41 54
43 46
48 56
23 42
13 24
28 35
1 52
26 61
30 33
58 59
22 24
26 60
51 61
27 42
35 43
17 20
46 59
4 48
1 62
29 35
34 64
32 58
2 21
24 39
22 30
25 33
5 23
44 61
18 19
18 54
9 34
7 41
5 59
5 30
31 41
7 29
57 59
29 60
48 55
19 29
25 49
10 26
21 32
36 47
20 47
28 38
4 32
0 48
19 38
11 17
13 40
8 22
15 47
16 24
18 43
6 60
29 61
2 7
48 50
13 57
4 11
41 62
42 46
24 41
58 62
24 59
4 16
3 44
11 30
10 32
14 57
7 64
22 59
0 28
24 56
21 56
13 33
30 60
11 27
29 59
25 50
1 53
1 4
1 55
13 15
21 54
15 29
43 45
24 55
42 44
24 64
19 48
7 52
25 35
48 57
17 45
9 59
13 25
9 14
11 26
34 60
6 52
8 16
2 11
7 43
18 49
46 53
7 36
15 38
35 47
5 43
53 56
3 62
26 50
21 41
50 59
16 21
4 13
3 60
1 12
24 61
36 39
53 59
17 64
38 56
42 51
27 33
14 22
41 45
8 63
22 23
20 23
0 51
8 21
29 64
10 62
32 53
21 43
11 45
17 53
2 60
45 46
35 59
45 50
23 35
0 45
10 16
23 48
21 60
51 54
55 57
41 61
32 35
9 12
20 61
47 55
12 18
37 64
22 32
34 49
7 20
5 58
13 47
32 47
19 30
2 49
30 62
19 43
3 19
30 40
5 52
13 63
35 36
45 64
20 40
19 24
31 46
42 56
23 32
40 42
0 10
13 51
29 58
9 35
41 48
46 58
7 45
0 19
6 64
2 33
29 56
41 64
14 32
42 60
29 48
34 57
12 46
28 62
29 43
19 58
7 27
2 55
23 58
40 63
59 63
16 30
46 60
29 31
49 60
0 8
25 46
19 44
11 51
55 62
10 34
5 28
15 34
30 56
12 38
7 9
4 40
5 24
52 57
1 46
3 45
1 54
23 38
28 36
15 31
54 58
12 60
26 54
22 39
9 30
17 39
53 58
3 52
21 63
29 44
40 52
0 34
27 46
48 54
39 55
56 59
5 17
45 48
3 64
27 62
10 45
9 62
2 26
2 56
18 52
20 55
30 59
13 53
16 37
28 47
37 50
2 53
26 31
4 22
33 38
27 55
18 53
31 38
14 19
38 51
15 41
25 53
31 55
2 54
2 4
23 50
20 38
43 56
39 52
24 60
26 37
15 57
40 49
7 26
37 41
0 53
30 57
1 59
23 31
4 56
49 52
8 14
30 61
30 35
13 35
8 28
42 50
22 35
31 61
23 28
27 29
55 59
21 62
30 38
23 54
5 13
7 39
6 61
0 11
31 37
22 36
41 50
36 38
35 57
25 37
22 55
13 23
3 48
28 34
37 38
28 40
40 44
2 22
44 56
15 61
5 46
6 21
3 15
7 21
34 40
27 36
39 64
13 18
14 59
18 55
10 37
9 58
27 32
56 57
10 44
8 33
14 34
0 40
59 62
42 57
46 54
37 58
37 53
10 20
34 54
25 59
11 50
56 63
10 56
34 41
12 22
28 58
9 61
8 57
50 58
27 48
18 33
21 25
49 57
8 41
49 61
54 57
37 46
7 15
17 37
24 35
4 9
33 41
19 34
3 30
36 59
31 43
17 42
2 24
45 59
33 61
10 40
40 59
20 29
34 59
18 39
5 16
16 57
43 54
47 53
25 61
22 26
2 16
5 35
41 46
23 30
2 34
45 60
44 64
13 48
2 27
0 49
1 42
33 59
6 10
26 55
39 44
9 55
19 39
33 42
47 49
23 33
10 55
23 26
7 46
25 48
41 52
2 28
28 63
45 53
22 34
15 53
18 27
4 52
38 39
1 18
13 50
23 41
33 49
37 61
5 12
12 59
4 54
35 64
1 10
6 35
1 35
49 51
32 64
3 11
31 34
34 50
5 61
21 61
9 20
49 53
34 56
0 56
22 46
43 57
19 25
6 50
0 13
3 17
4 46
38 54
10 28
1 33
11 39
5 34
51 56
19 64
40 64
22 29
35 46
14 56
9 25
15 17
19 61
24 53
3 53
31 36
18 47
50 63
51 59
26 47
12 42
36 50
16 46
16 20
22 64
21 22
17 36
9 19
33 43
37 49
9 16
15 59
48 61
43 64
37 59
31 57
26 41
17 19
3 25
1 14
49 58
5 20
19 41
15 50
54 59
4 39
16 40
1 63
40 60
28 42
22 40
48 63
13 31
12 41
15 42
5 32
1 22
3 27
11 59
10 30
1 37
17 46
33 55
3 56
50 52
7 18
5 25
19 22
12 57
62 63
25 29
14 25
17 56
51 62
19 37
32 54
17 24
16 18
11 35
7 48
12 47
14 52
38 60
5 47
