2000 556
567 363
972 1269
1595 12
1018 1929
81 1644
724 1970
193 1865
1973 461
627 1419
1983 414
31 508
1173 1762
139 1515
1485 946
1307 999
1550 1021
596 1805
380 1492
596 1836
611 570
1737 502
368 691
1183 200
322 1457
1270 1925
970 1192
750 1790
886 263
222 963
475 1838
1174 1155
210 1015
291 1963
407 841
1160 348
550 1363
355 1760
1244 1774
652 946
90 1288
1182 508
84 12
1270 1014
1631 651
1813 1644
1534 1059
591 1433
136 607
1653 681
1987 1309
1955 1625
698 1314
875 855
290 155
1087 337
585 1595
777 533
1193 1570
1077 1230
1217 100
446 1372
1065 1059
1517 632
1570 1838
1241 1104
1027 830
967 968
1023 527
89 300
39 416
1743 735
673 1062
361 927
89 403
884 1314
42 68
757 1984
1315 208
1717 199
323 1001
28 1771
1803 1748
820 568
1141 1226
994 804
1342 1106
187 1866
631 1377
1349 1513
476 1755
1752 1594
1413 1355
1044 1786
184 444
1569 1167
1089 743
205 1633
1840 1660
1174 1024
1062 566
968 1830
241 227
6 1695
989 385
1373 1023
793 345
1917 1539
1138 503
806 1402
189 1890
1805 410
752 640
602 1523
0 2
893 515
232 823
1994 1933
1598 1097
659 1418
171 1754
578 29
979 442
1570 449
346 1919
914 1022
316 1928
1476 1622
1374 231
1255 1700
1001 315
1028 142
807 1679
1691 1354
1415 1104
1183 1814
1733 1309
1127 585
521 346
685 203
1939 456
1432 500
509 1634
206 1545
669 1479
1823 913
135 123
993 1230
810 84
1894 1194
1173 203
1395 1828
1559 1909
989 1915
625 1399
882 1262
1994 269
1194 524
577 1323
66 1904
1948 465
1670 1431
1159 1694
134 416
807 451
339 1706
1042 1898
15 90
401 413
952 584
1905 373
1236 1144
1360 1922
211 148
1771 657
735 1838
1763 260
46 1006
278 1642
326 513
712 954
996 1144
231 1210
522 1872
327 78
1910 1303
772 1894
1088 889
1513 243
165 1960
49 1324
1527 1259
270 316
1512 71
28 154
1764 1458
317 1355
1057 853
746 1271
1919 334
258 920
572 1839
1043 1312
813 105
1111 1873
347 847
149 531
1271 863
1860 798
1533 1034
1374 348
934 414
1860 758
640 1803
1711 1313
692 1614
1754 1689
104 1397
1512 981
1132 1729
299 256
831 1071
1016 1170
164 1353
5 1915
1563 1359
1096 1785
1975 123
703 543
1857 1044
312 1472
1445 664
1628 66
1224 918
1751 59
469 382
1518 1443
589 391
13 459
4 944
1233 907
1932 94
11 616
786 416
684 1338
1011 598
832 1941
705 1187
708 1480
61 142
450 1092
1933 889
442 429
954 857
1014 1481
581 1162
1212 708
497 1644
258 641
348 1517
966 777
841 1233
1933 1499
1685 1027
12 426
65 39
190 921
1496 434
1772 322
1958 1733
1761 347
1532 265
1660 1725
1431 1501
1933 1802
1048 1534
1956 1309
819 807
244 162
962 901
65 1581
1692 349
1842 1859
779 1992
1088 493
1585 1440
1402 1926
1921 1770
791 1720
1295 154
1352 1976
1615 1271
395 656
818 280
1880 1606
1603 1777
389 768
1194 201
1190 1518
1719 1544
495 31
952 158
688 1599
242 29
198 183
1794 1566
947 374
1537 150
480 1580
186 1028
1104 1243
1419 1228
61 1509
576 1790
1083 1118
1940 137
3 1097
272 1287
1103 389
443 1634
1358 330
781 1520
8 1031
1801 1555
1416 1481
2 647
170 1859
39 1650
54 1482
1707 1376
472 666
1630 612
1290 1724
1337 1611
676 839
783 427
1290 1498
610 20
1642 1472
726 757
836 1270
1092 1290
1070 1178
496 1933
548 385
1836 1070
1160 1607
1824 383
1739 1980
1435 187
1790 217
43 245
388 291
297 922
861 1286
1272 1263
732 1094
1711 541
387 595
1687 1427
1084 553
768 1915
511 242
1814 1121
1575 1355
1964 898
1136 1601
1504 85
1593 1260
135 643
1321 1084
1405 914
1438 1551
1557 932
1336 359
1896 688
1622 575
1567 193
1395 624
33 857
1685 979
215 324
1100 1910
206 1289
240 1658
508 427
112 1407
512 1301
859 1755
387 1548
693 292
1839 1042
32 812
1667 732
621 1321
12 1636
1778 317
1818 1469
77 1487
192 267
299 1601
1993 1096
1620 1388
767 1271
295 1803
178 88
497 1287
347 1654
870 1675
1008 1266
1349 466
1733 1617
631 459
959 1996
1893 869
284 894
1769 328
139 437
352 104
583 1496
789 1333
228 1032
97 840
1829 843
1452 470
369 1512
1302 1117
346 63
107 349
426 1091
828 1101
823 303
1248 758
1500 1000
169 870
1266 222
1847 1796
669 63
1564 546
1120 1658
932 1402
1887 1019
1656 904
1358 1286
1057 1643
823 1243
727 185
1635 1148
538 1350
1354 1269
1 1526
1519 1166
660 966
1096 197
776 353
1143 1673
398 1459
676 1192
832 199
219 103
832 44
450 1386
306 79
1563 800
1124 1435
650 839
1310 1628
374 1679
1979 898
1360 390
1324 1613
657 873
703 486
538 1323
165 849
436 716
419 623
972 1077
1209 1469
1343 219
1403 968
426 1807
695 1310
749 1666
665 346
1836 3
909 1518
1035 574
264 138
1109 1651
420 239
1923 938
1588 329
1117 255
1355 1353
1851 339
205 1550
681 1574
1549 514
317 574
621 1695
1367 753
1639 1373
40 1090
1832 997
1755 974
580 15
998 547
219 355
1260 259
1164 490
706 30
1244 1845
1646 1944
156 1162
42 611
1226 1349
819 348
1346 1946
113 807
1594 969
328 1826
1124 867
1011 238
1434 490
229 463
930 1200
594 752
306 1428
623 1533
1452 1416
462 1159
1735 1637
1664 1472
814 115
795 1497
1718 535
134 921
883 1338
1867 1073
15 1478
733 1109
516 554
925 552
508 1187
189 873
569 476
1285 289
773 925
1830 48
486 999
92 1352
317 744
394 796
415 1024
1226 61
802 409
