742 1778
721 97
237 130
640 45
607 203
446 56
314 156
406 333
384 241
741 26
238 268
126 165
580 254
131 84
725 87
294 38
244 117
525 399
677 87
188 1
114 183
579 23
95 129
85 392
149 41
337 131
384 37
447 92
456 420
539 160
580 245
602 327
157 74
411 257
395 350
116 147
138 204
686 366
84 24
235 426
489 32
346 123
611 244
73 146
717 220
477 52
78 247
669 127
355 244
323 338
722 158
605 411
608 193
721 58
94 42
31 439
101 428
526 145
304 8
699 238
272 156
258 414
578 269
542 392
23 425
193 152
153 256
634 96
467 198
128 51
210 169
425 82
530 239
99 119
405 157
279 135
234 406
209 343
694 189
578 378
658 118
533 203
24 375
89 28
373 417
273 422
726 304
233 142
527 441
309 242
253 371
410 132
609 87
315 250
613 222
646 85
477 258
606 378
244 380
282 333
174 246
664 251
648 124
513 90
96 357
703 279
144 332
239 151
165 361
199 257
105 106
46 377
45 336
278 168
121 274
468 176
185 217
550 430
420 350
588 5
735 80
519 381
366 307
222 227
638 49
334 235
487 344
513 294
453 243
214 139
153 232
386 226
116 336
697 60
733 266
587 301
636 93
106 273
652 50
377 51
418 275
378 133
640 215
364 306
220 242
541 37
740 286
664 107
112 214
576 410
269 362
167 120
202 160
226 250
360 353
560 90
113 277
549 133
355 395
584 424
681 150
528 279
548 202
640 259
67 283
16 86
178 104
549 369
120 215
415 262
573 12
591 155
399 65
507 210
717 114
187 116
518 335
725 406
630 57
215 435
607 430
387 229
132 307
214 281
516 15
266 36
600 103
206 55
371 273
634 18
481 286
499 84
304 236
698 1
332 254
73 382
298 367
607 175
474 167
98 164
17 207
399 406
486 127
649 86
476 388
244 3
269 403
45 210
436 61
358 256
447 399
678 217
414 357
259 97
704 287
457 415
535 114
277 420
181 387
704 177
355 163
624 132
247 378
220 44
727 119
377 332
16 336
451 6
1 137
483 266
620 233
433 132
543 151
166 187
524 76
741 422
81 190
247 90
639 358
182 64
129 232
15 143
253 314
236 258
148 156
251 317
678 194
135 74
189 346
440 201
631 89
76 364
137 378
374 104
432 224
570 261
205 193
338 248
120 174
370 330
433 310
499 304
529 163
515 334
284 235
177 80
695 49
166 430
241 376
95 384
481 255
110 418
678 339
451 72
352 299
323 79
93 182
380 258
524 428
354 432
484 298
511 12
298 105
549 331
139 241
467 279
384 294
34 325
265 55
280 216
110 352
304 34
508 94
677 266
333 187
485 376
90 238
317 164
250 351
490 82
126 397
478 352
334 401
540 308
82 364
18 430
225 433
334 213
95 239
46 374
550 303
445 165
388 356
381 130
23 383
71 79
568 262
541 293
279 116
58 262
522 268
16 29
57 42
155 241
551 45
232 331
170 411
475 438
554 181
396 368
247 219
335 70
294 149
169 405
65 128
154 418
516 15
211 81
104 87
346 59
93 372
599 23
115 302
306 133
162 291
150 30
599 298
359 232
55 262
360 204
642 46
683 266
148 212
186 133
518 193
652 52
353 277
697 50
517 242
521 310
518 72
692 91
270 6
615 297
349 261
544 434
400 169
356 87
630 10
540 165
249 146
263 112
452 165
415 135
425 334
424 378
406 91
312 251
128 242
306 18
685 137
689 259
635 249
706 163
301 7
173 145
33 256
395 298
511 45
195 396
136 303
423 187
598 389
567 21
417 404
95 112
194 276
187 382
194 97
179 233
669 84
50 283
663 76
136 291
37 170
68 61
41 390
719 198
489 414
568 174
80 284
347 16
355 157
480 21
121 312
707 370
674 7
712 273
195 350
707 63
662 410
87 38
464 184
24 302
459 418
230 391
610 332
367 268
738 153
596 133
381 35
279 138
304 369
578 374
431 102
126 300
293 99
122 220
677 84
174 152
660 286
576 12
205 247
699 57
176 31
430 161
393 141
258 183
730 142
507 52
518 180
462 379
242 255
719 340
145 251
314 410
381 322
2 147
182 212
547 368
295 297
126 235
214 304
282 192
91 139
371 154
714 155
311 422
403 430
535 173
228 259
289 47
300 300
462 279
582 6
708 10
505 43
523 360
131 187
630 283
40 145
354 223
202 68
309 119
324 133
186 53
503 126
420 85
77 426
315 391
534 314
399 155
216 58
123 378
610 132
82 263
384 405
496 186
485 76
143 292
518 404
292 133
356 201
735 187
315 86
554 13
733 94
313 378
413 331
696 353
590 393
284 434
471 148
74 78
47 94
580 116
482 386
76 360
460 315
383 425
85 48
183 80
540 107
123 311
79 334
72 284
107 371
580 253
67 25
238 224
563 57
327 149
522 224
508 241
690 104
147 186
721 38
334 177
42 411
514 157
436 289
368 124
615 69
262 162
257 279
266 420
607 184
456 205
31 324
402 141
460 255
110 117
165 396
325 296
56 4
286 323
312 34
181 383
463 412
665 46
613 237
414 353
365 373
352 3
271 370
722 235
298 194
587 64
678 229
239 9
73 328
153 152
486 286
628 353
285 306
60 273
577 256
77 123
213 243
565 230
496 299
454 329
446 148
190 330
654 340
376 107
708 281
608 60
340 103
420 171
690 291
101 209
127 67
6 393
466 246
269 404
527 273
591 271
364 87
741 262
741 174
397 295
388 107
398 364
235 133
243 251
252 201
464 286
612 366
262 7
527 274
473 353
492 334
204 341
43 60
102 61
19 30
445 324
136 164
650 326
740 396
729 413
383 418
616 309
496 268
226 77
547 415
200 122
326 383
592 428
17 55
376 40
139 413
448 145
8 157
667 177
512 119
110 404
15 201
39 68
670 157
603 8
107 148
212 156
649 359
494 281
59 144
409 58
354 309
440 312
104 86
533 97
673 101
648 212
395 223
68 195
642 181
278 301
517 194
220 106
532 130
116 150
230 392
121 341
676 360
614 39
607 409
657 343
147 275
123 286
663 416
301 14
81 379
433 2
261 227
740 428
346 306
401 394
396 90
467 413
476 161
463 32
91 208
411 265
536 6
674 298
708 361
534 13
188 399
554 244
164 271
244 197
697 232
717 190
331 130
401 395
196 437
651 104
25 45
454 134
356 318
375 208
196 84
116 273
31 400
371 392
312 288
561 197
17 264
629 403
387 267
430 225
522 353
519 329
19 396
289 387
388 432
472 159
27 30
617 46
702 338
451 363
234 381
564 147
350 277
87 268
161 285
350 384
710 411
355 160
650 338
525 135
570 157
180 105
688 438
60 194
242 208
564 398
536 137
590 266
618 414
525 252
622 25
725 246
614 288
468 264
254 95
193 4
237 308
720 67
596 45
326 52
582 1
371 59
287 310
98 321
341 159
261 427
693 167
289 354
552 315
243 380
102 419
675 295
526 396
692 207
235 267
558 317
226 197
617 40
2 436
683 308
529 209
89 154
299 429
589 142
468 407
447 191
672 122
650 122
506 104
65 179
462 131
436 128
331 319
410 121
681 303
414 149
37 299
78 62
596 363
620 384
253 54
88 27
741 430
420 172
711 417
261 311
63 356
68 342
267 156
196 66
734 44
148 405
141 193
702 91
526 232
495 171
199 76
366 168
539 183
389 410
0 121
133 351
294 207
261 226
562 159
47 26
162 116
336 139
297 390
495 368
387 93
514 416
159 248
310 24
589 55
191 178
619 58
475 423
687 357
209 73
73 131
629 256
429 436
628 19
628 215
588 359
249 245
164 102
423 372
693 358
101 407
130 125
671 386
736 200
409 346
245 323
436 105
602 420
112 5
240 212
225 77
474 166
317 239
351 376
682 419
560 409
288 50
307 267
653 189
12 420
557 412
377 288
153 50
299 334
287 346
41 319
457 295
735 327
86 365
719 382
640 68
177 327
601 227
270 390
68 439
379 211
377 159
631 384
676 418
337 309
722 234
275 119
210 211
359 161
305 2
520 420
581 327
103 134
261 74
195 126
705 344
362 343
278 146
257 366
89 254
550 157
574 321
672 374
122 429
343 412
466 183
310 397
567 334
723 133
279 114
509 264
735 162
280 296
120 404
95 209
343 55
355 344
535 359
286 302
715 250
69 398
678 177
89 424
700 172
529 359
604 190
596 151
124 2
263 207
706 357
530 97
345 317
18 82
38 427
621 188
192 286
626 82
370 314
655 34
422 125
406 389
601 71
237 350
197 441
562 232
87 189
457 296
451 76
14 341
350 101
371 110
222 432
628 4
407 313
78 118
199 212
636 182
677 113
167 325
7 102
67 251
654 164
377 319
633 255
551 105
635 120
488 110
668 208
77 209
697 18
657 48
387 371
136 13
561 45
654 106
581 244
456 124
272 138
432 73
23 194
484 188
547 277
40 149
733 144
360 71
199 73
428 86
407 271
105 382
54 311
46 257
68 280
446 71
556 115
261 35
140 140
365 204
460 188
67 356
707 310
386 65
402 39
618 431
456 240
505 164
205 173
381 145
98 137
573 418
294 281
90 190
380 324
648 217
551 389
376 223
681 263
475 424
504 189
146 246
619 16
441 221
640 260
163 39
480 51
681 136
637 314
83 47
426 67
390 392
226 298
604 331
94 63
624 220
601 403
119 153
19 304
471 33
421 341
175 282
538 144
637 322
630 128
83 400
592 319
703 274
432 317
730 247
345 212
382 239
456 398
733 283
589 301
173 165
593 344
224 34
631 104
267 144
146 261
729 248
48 259
649 134
465 119
307 315
246 417
187 75
30 58
502 418
395 353
130 259
734 46
203 112
457 319
188 13
10 26
59 155
495 267
333 377
625 42
354 259
299 210
532 413
529 294
548 2
536 213
598 297
23 119
634 103
75 36
446 66
282 427
179 38
577 393
318 225
421 118
348 175
453 152
338 72
15 441
408 88
144 272
361 220
295 303
373 264
116 24
607 108
222 404
243 278
390 203
404 302
248 121
465 418
478 388
385 29
161 209
196 411
669 195
458 8
45 7
141 251
576 339
389 341
276 322
710 73
631 54
436 315
239 374
226 434
725 126
3 328
422 186
729 241
691 125
333 26
318 230
612 48
675 11
255 66
200 281
379 244
665 260
361 52
571 339
44 183
363 111
315 185
300 187
645 149
698 5
641 31
568 441
373 356
240 114
487 168
105 311
187 14
705 382
425 409
252 383
504 1
470 264
532 144
738 356
303 111
116 67
143 355
108 148
294 279
452 342
77 432
71 389
549 398
373 434
110 164
73 164
116 291
114 109
711 7
378 189
317 190
642 203
276 291
413 116
332 433
598 235
15 340
182 235
526 246
293 272
401 198
301 275
185 14
414 83
146 213
190 232
705 412
263 281
557 292
259 154
90 51
349 24
0 325
489 354
712 27
27 93
268 364
147 166
363 5
591 234
643 233
562 56
47 92
226 79
5 369
594 324
720 344
252 301
27 226
616 416
692 300
734 282
332 310
291 312
579 212
144 286
22 287
734 158
269 347
582 387
11 343
283 10
716 352
317 21
301 2
117 48
454 235
30 56
219 143
64 154
207 180
0 196
590 63
710 279
648 293
192 310
121 101
582 321
258 423
143 196
502 109
672 22
422 171
78 279
565 345
436 36
230 275
389 82
463 439
219 283
628 85
556 158
151 333
462 135
487 378
79 384
670 322
46 240
581 129
443 392
656 199
18 439
31 421
377 161
403 242
69 139
447 73
18 254
80 326
535 19
196 401
86 47
550 161
57 294
447 201
483 169
424 182
415 111
95 237
235 376
445 27
458 92
320 391
48 383
231 256
317 190
159 371
261 286
251 205
486 147
508 20
642 106
371 207
394 116
129 202
343 369
551 214
697 49
361 159
64 230
214 254
491 117
209 95
296 383
267 163
426 306
574 298
217 329
10 37
471 211
34 217
573 246
253 108
219 131
444 296
494 281
530 143
502 171
564 134
599 130
401 190
303 386
87 417
326 382
65 420
197 327
402 244
556 161
654 42
534 5
200 381
47 11
701 354
14 129
557 340
232 360
564 40
709 386
111 14
255 75
494 298
579 389
34 140
662 151
381 45
47 130
135 29
296 364
348 415
166 165
703 10
240 27
682 278
542 214
46 77
581 315
331 195
300 187
636 247
393 288
575 147
425 317
604 179
684 74
710 320
421 100
57 313
350 229
552 40
703 441
439 153
260 27
208 424
27 135
502 114
595 28
492 433
88 170
639 339
406 1
417 198
615 240
56 262
150 101
474 337
376 251
218 375
595 110
279 273
343 256
397 199
348 328
361 245
620 280
672 188
466 341
553 187
180 222
630 81
675 335
452 10
47 165
60 146
320 72
484 86
415 427
18 310
654 192
169 300
512 208
483 82
9 354
90 117
500 187
58 294
555 234
320 370
231 345
438 392
671 432
293 410
595 206
704 48
403 101
17 55
194 225
259 264
661 109
334 27
668 343
688 231
589 242
264 383
634 193
704 19
204 368
655 219
53 25
640 171
479 256
726 205
60 65
457 409
103 413
160 218
293 129
715 273
512 207
122 134
737 89
464 82
58 359
17 236
594 111
192 136
387 440
196 9
649 134
320 58
290 24
4 434
659 416
313 103
362 393
701 401
620 324
223 1
125 297
9 66
307 242
298 313
446 43
655 131
479 424
352 410
570 70
281 299
192 352
326 116
672 184
477 128
629 312
158 267
20 227
286 20
726 377
566 365
593 307
463 3
151 18
580 134
404 67
496 356
489 118
84 379
283 191
207 135
706 330
344 239
208 356
231 210
138 224
392 178
112 409
621 14
107 71
459 117
69 301
465 57
225 133
546 28
609 314
632 267
162 265
415 411
324 326
409 211
108 320
726 128
43 166
360 390
629 180
156 397
497 435
391 270
704 208
98 81
566 415
164 376
531 167
405 31
419 111
485 191
321 305
675 354
73 73
517 305
316 128
491 178
294 92
447 210
613 57
618 224
654 298
115 65
666 133
392 127
555 400
641 51
46 208
187 86
85 405
323 301
221 407
527 434
273 6
598 137
503 82
566 392
346 174
569 176
224 130
553 271
643 162
669 415
666 374
1 143
339 82
0 378
720 146
492 380
155 131
20 34
175 136
638 63
132 356
382 119
582 280
131 315
695 281
20 178
348 132
327 273
642 249
564 301
326 133
420 122
385 388
290 374
240 371
247 67
507 50
616 374
315 158
508 225
99 397
203 248
180 205
220 275
559 362
380 399
423 404
700 262
313 201
363 171
152 82
585 428
637 193
183 141
368 242
491 356
308 408
404 335
449 30
132 132
659 56
232 203
563 208
156 260
171 95
391 89
332 325
260 291
204 36
478 247
704 77
601 360
631 243
248 313
403 45
302 177
581 402
69 109
438 55
287 137
89 212
125 21
331 296
80 81
682 255
715 137
379 95
669 13
69 332
5 143
614 97
480 227
563 202
306 403
633 46
210 260
431 136
657 419
42 342
543 380
539 207
550 244
261 29
403 293
420 313
574 118
412 282
210 209
10 335
688 388
389 338
158 18
500 197
122 343
338 217
531 26
102 418
315 435
376 49
537 205
614 55
332 415
486 117
586 308
677 397
334 47
707 397
28 9
569 152
144 299
451 235
135 129
75 243
709 311
54 324
443 202
524 225
534 179
280 91
485 109
695 160
185 101
10 34
613 48
722 338
219 16
98 341
93 312
45 1
114 312
490 383
2 363
193 342
589 83
723 389
142 254
696 152
73 441
365 99
369 360
682 149
299 321
322 400
77 356
157 372
369 50
356 109
515 134
353 59
315 88
260 21
318 99
521 70
722 23
442 121
423 3
109 369
465 96
640 404
62 145
493 412
693 309
1 13
737 90
407 268
164 134
214 104
109 342
63 114
732 418
474 133
532 253
700 145
444 2
455 429
390 394
7 351
495 259
299 269
185 254
583 291
512 21
149 186
327 236
608 183
473 19
418 380
471 3
549 111
530 151
237 138
699 434
543 70
313 341
372 116
81 391
597 262
307 161
317 380
