200 842
158 183
124 28
154 60
120 66
173 155
139 108
196 47
72 28
137 186
90 154
167 63
138 73
16 21
64 174
117 51
88 41
22 179
59 18
101 150
152 188
173 143
65 37
124 148
33 8
122 49
104 70
100 16
168 194
185 106
188 183
177 71
187 14
85 68
112 30
166 65
51 155
180 80
163 44
131 21
8 13
41 124
197 40
5 38
86 16
47 125
61 89
169 98
7 192
22 85
50 177
73 62
136 115
153 46
181 11
94 50
79 149
146 26
110 21
73 105
16 85
107 133
173 47
180 178
122 107
183 140
197 57
41 60
9 180
132 157
114 133
2 159
111 128
195 175
126 64
112 167
154 3
97 7
20 24
151 116
151 19
27 139
70 75
68 178
11 32
51 20
69 98
180 90
67 66
146 118
156 34
6 76
20 176
43 11
194 113
16 66
56 37
176 17
184 44
183 23
180 191
73 155
143 198
29 79
95 146
10 88
116 108
175 129
186 129
67 60
93 150
25 140
95 196
89 159
126 110
165 37
63 188
24 93
20 68
15 169
101 110
129 131
102 46
24 198
178 70
148 104
4 195
191 85
79 3
119 14
8 69
155 79
153 155
68 42
121 189
25 177
72 118
123 195
197 190
65 80
81 86
109 32
61 17
100 83
6 3
93 6
113 122
195 26
113 31
20 128
149 11
184 180
54 79
127 44
153 149
78 1
62 186
84 137
16 136
160 69
109 117
114 90
35 143
74 22
171 161
152 176
83 18
171 85
128 179
127 39
82 4
108 5
177 111
85 127
67 92
84 1
197 105
148 75
137 182
130 88
157 135
52 22
48 182
70 30
197 113
43 27
166 165
10 126
103 148
21 166
181 28
136 27
69 108
32 151
185 38
192 90
11 189
127 134
75 30
68 96
159 161
43 134
90 137
149 149
108 148
180 47
9 31
140 145
30 38
131 153
96 37
137 93
73 144
145 168
177 101
185 4
112 148
17 118
6 59
11 56
71 102
172 196
133 147
32 98
191 38
60 14
157 166
4 109
69 126
117 28
159 83
48 13
12 32
40 93
15 165
91 145
19 164
139 41
67 97
92 146
3 154
102 139
165 19
48 185
0 117
4 188
68 148
176 164
19 17
44 22
103 112
42 129
71 63
135 50
56 133
90 120
123 11
59 151
15 196
160 30
168 28
154 9
126 181
104 31
181 182
148 2
155 52
193 25
0 60
180 3
46 111
68 48
170 52
188 106
53 148
137 90
177 122
171 67
39 78
167 4
46 193
143 7
183 116
58 101
96 65
43 85
14 40
117 145
89 132
51 19
125 18
112 77
116 46
37 23
53 65
58 101
54 33
30 47
174 13
86 3
51 33
54 94
60 83
157 38
194 35
111 189
73 73
45 105
37 14
85 99
92 194
193 67
19 26
157 16
148 53
85 79
197 164
70 52
86 74
141 22
181 160
80 5
69 23
144 109
4 23
95 89
74 47
61 156
47 6
193 132
153 61
75 192
44 11
194 53
173 75
43 129
85 16
130 107
45 81
33 93
156 104
189 24
79 54
93 23
85 62
62 48
190 158
196 116
60 37
152 129
192 155
50 92
121 5
18 34
97 79
139 167
112 182
149 129
185 21
157 69
127 127
38 180
174 169
90 8
105 116
123 73
171 171
106 65
129 175
61 122
33 20
53 184
23 165
21 189
108 93
134 174
30 151
185 128
173 180
134 118
136 42
186 127
181 178
142 178
124 66
102 64
71 3
58 130
89 14
135 4
187 47
17 3
109 82
60 188
160 55
82 1
145 123
173 55
127 142
49 28
171 69
12 79
156 187
130 154
26 106
195 72
68 102
185 79
119 156
198 108
45 66
95 175
121 120
35 182
107 196
189 178
124 44
197 73
0 93
67 24
124 67
46 68
187 2
134 106
147 106
45 146
180 65
57 20
78 153
168 97
180 7
127 48
127 178
46 117
56 132
91 62
21 17
38 43
135 19
86 30
68 22
141 19
125 2
161 74
34 14
54 152
48 80
67 85
119 150
19 40
190 126
0 100
21 64
120 95
48 144
185 179
131 185
52 67
145 34
182 183
78 168
30 113
0 4
183 169
143 61
124 11
191 127
18 161
109 12
139 21
147 178
81 15
156 166
174 73
6 190
39 2
90 160
198 23
136 151
21 156
198 144
41 82
86 63
152 93
24 129
48 156
17 190
97 112
7 177
119 108
39 15
122 154
137 198
151 165
127 93
118 112
56 172
6 109
166 148
121 21
81 131
93 190
9 55
142 150
113 187
50 100
41 99
24 57
1 127
187 109
92 14
173 87
16 120
19 136
118 171
164 115
197 59
52 114
25 118
143 17
99 54
197 60
102 115
126 70
136 5
146 165
169 4
53 143
124 53
151 23
145 103
146 43
133 58
149 30
20 87
155 46
122 73
23 189
131 1
51 173
29 84
28 42
19 33
95 50
112 2
35 99
147 120
132 137
21 172
79 64
76 174
46 13
167 179
173 94
60 79
55 40
37 165
67 50
9 52
149 64
71 154
21 23
25 93
112 149
199 121
38 114
130 179
36 194
2 183
119 132
116 33
50 155
35 83
43 108
77 110
113 168
152 122
126 184
37 127
176 163
184 186
68 77
47 2
152 55
187 156
133 161
81 67
6 130
144 69
117 136
190 180
118 195
77 190
32 11
139 107
54 169
40 1
185 26
109 122
35 64
180 86
23 93
82 193
61 79
175 176
7 177
101 125
107 90
62 23
43 182
133 116
107 15
67 83
143 111
193 56
3 141
43 151
28 38
175 182
101 27
78 157
70 166
190 48
75 164
80 140
163 146
76 151
102 24
193 46
110 198
173 108
89 9
184 122
72 53
184 115
178 108
47 3
133 40
79 56
91 19
191 135
121 151
107 73
131 190
194 77
63 160
63 10
89 189
50 150
131 159
61 116
0 133
61 97
162 57
130 133
39 171
77 56
78 181
147 56
83 114
7 149
117 29
151 117
39 142
106 85
77 68
86 109
32 157
47 117
119 195
153 46
26 179
52 170
84 149
127 67
184 181
57 120
17 15
86 194
110 98
39 65
18 186
68 139
104 36
26 82
186 198
98 129
53 103
80 96
1 147
108 107
85 168
69 102
184 91
133 110
125 19
70 77
161 63
20 47
148 9
60 124
164 12
28 33
110 54
127 151
138 4
84 148
29 121
99 39
53 74
99 99
88 177
121 46
101 178
77 119
4 106
85 31
126 34
77 167
83 114
47 138
116 184
127 33
177 194
141 140
80 31
6 42
191 106
45 188
87 73
161 138
174 30
139 153
84 190
18 59
61 90
104 34
72 34
76 127
93 10
10 54
54 33
170 172
169 139
160 96
117 167
122 114
93 38
15 139
23 177
199 9
194 150
68 183
128 80
107 195
27 197
102 61
132 130
29 176
50 82
1 171
29 74
6 139
188 3
101 15
68 107
105 77
30 191
150 187
127 5
138 50
150 174
35 96
178 133
193 71
114 94
133 117
181 198
59 26
6 106
65 31
161 111
13 128
166 64
69 122
55 141
144 30
142 155
191 163
160 53
177 170
130 145
45 120
17 96
11 191
13 70
85 104
149 138
128 5
135 34
114 69
152 3
78 58
187 180
168 33
102 176
12 73
143 134
147 185
106 161
108 112
67 184
79 61
145 24
99 174
162 183
36 23
34 85
38 47
63 116
130 72
99 12
161 106
88 128
37 85
162 73
163 64
12 22
69 68
164 172
131 84
84 48
30 51
17 123
6 153
142 142
199 145
110 80
121 27
25 5
73 177
138 54
185 106
