2000 746
0 1
1689 1
6 14
11 36
8 13
13 24
11 21
10 14
13 34
2 29
14 30
17 34
5 22
5 17
2 36
1 34
6 16
1 29
8 17
26 37
33 39
7 18
25 29
21 27
8 18
19 35
14 20
27 34
6 35
4 27
8 33
6 36
22 28
17 40
9 25
26 29
34 39
23 37
1 22
14 23
12 30
19 32
8 26
3 18
28 39
0 13
3 24
13 30
8 10
16 25
20 30
34 36
14 26
24 31
16 32
12 27
26 38
28 32
8 38
7 26
15 30
2 37
14 33
2 28
17 18
14 35
16 23
6 40
18 36
3 20
14 18
3 40
28 38
19 22
2 20
4 33
8 11
8 28
12 40
14 36
5 16
11 32
11 18
5 12
6 37
8 35
20 32
17 30
7 34
18 38
5 39
15 26
2 27
1 10
16 24
4 30
8 15
13 40
33 38
17 29
35 40
15 17
2 21
22 38
34 37
6 13
29 31
36 39
5 40
21 36
8 24
22 29
4 12
2 32
5 28
4 21
32 33
25 34
19 21
27 38
7 21
7 28
13 22
22 36
5 32
10 22
19 24
4 11
15 32
14 24
9 27
0 34
27 31
3 10
10 35
31 37
12 23
11 33
19 30
15 33
1 30
4 31
18 28
0 32
26 31
11 24
5 30
2 16
5 10
16 34
5 26
17 25
6 18
29 39
1 17
6 22
15 37
13 19
20 23
0 11
15 25
1 39
11 29
31 35
24 28
30 33
13 26
5 11
11 25
1 26
21 23
13 36
13 16
23 35
7 24
8 27
8 36
28 31
3 35
7 11
24 25
3 33
9 31
4 28
12 38
0 23
3 16
16 28
27 28
20 25
8 25
9 34
39 40
26 30
32 39
12 25
21 32
5 15
9 39
27 36
20 35
17 37
16 31
1 35
20 21
6 12
13 35
7 33
3 37
15 34
0 14
22 35
3 19
1 18
12 17
16 26
0 17
13 27
4 20
22 31
15 36
25 40
23 31
24 36
17 36
10 13
10 30
3 13
25 31
29 40
13 15
31 34
18 37
19 33
6 24
13 37
5 29
13 17
3 27
6 34
11 13
12 33
18 34
10 28
14 28
1 28
2 17
16 18
3 12
9 33
18 33
25 35
10 18
4 14
19 25
13 28
4 10
8 19
7 35
5 19
25 28
1 15
9 18
18 29
4 24
15 24
28 33
18 24
8 40
14 40
0 37
15 40
7 15
27 40
0 16
11 27
21 30
0 35
10 34
3 15
11 35
29 33
1 24
6 38
0 31
20 37
0 15
20 28
14 38
4 38
0 28
26 40
2 23
5 35
36 40
36 37
32 37
21 35
0 22
21 24
8 21
13 21
6 31
13 31
18 30
0 33
5 33
19 39
16 21
12 24
16 37
1 20
7 20
21 28
2 33
29 34
17 26
3 31
16 20
21 33
13 25
8 32
12 15
7 38
9 29
2 40
10 17
19 27
1 37
5 25
24 40
10 32
1 21
16 40
4 32
21 38
3 14
7 23
31 40
3 23
0 36
14 34
3 17
1 32
18 27
25 27
15 35
10 31
7 13
1 31
15 16
25 39
3 26
20 40
12 21
2 35
30 35
23 27
33 34
25 36
33 40
27 37
10 29
1 36
2 34
34 40
26 35
22 34
0 30
13 39
19 28
17 20
28 36
2 38
30 31
23 24
11 22
13 29
17 35
27 33
5 38
14 22
2 11
25 33
32 38
22 37
26 32
12 37
9 17
18 21
7 31
32 34
16 36
29 30
11 19
10 15
3 32
13 38
7 25
11 17
7 19
2 19
19 31
12 16
12 35
26 34
19 38
4 23
13 20
4 16
10 39
26 33
35 38
6 32
6 21
11 14
24 30
10 38
19 29
11 15
31 32
8 14
6 30
0 29
7 12
23 28
2 18
6 28
2 14
5 31
10 16
1 16
8 16
10 27
6 25
0 12
30 39
19 37
17 23
18 31
31 38
11 16
15 39
9 32
25 38
16 27
36 38
20 22
7 17
17 31
10 37
22 26
15 29
17 21
28 35
15 22
27 32
20 33
10 26
14 31
28 29
2 22
2 10
2 31
0 25
6 27
10 21
18 40
11 23
26 39
18 26
12 28
7 14
9 11
29 36
3 36
5 36
0 40
15 38
12 19
35 37
21 34
13 14
0 27
33 37
0 24
5 34
8 29
8 34
5 20
22 32
4 29
33 35
5 13
0 19
17 24
16 19
17 27
13 23
28 30
20 38
12 31
24 32
13 33
5 37
3 30
25 30
11 40
5 27
9 23
10 24
7 32
11 31
8 20
12 20
11 28
18 39
24 26
30 37
32 40
24 38
24 27
4 40
29 32
23 40
30 38
23 33
20 31
23 36
14 21
32 36
13 32
3 11
24 34
10 33
8 37
1 23
34 38
14 27
22 30
2 13
11 12
31 36
18 23
20 26
32 35
16 22
1 11
21 40
11 37
26 27
30 36
12 18
35 36
25 37
12 29
11 30
18 35
9 37
30 32
16 38
18 19
7 39
4 26
7 36
16 29
3 34
23 26
11 34
9 36
5 14
20 27
4 39
7 16
18 25
5 18
7 30
7 37
22 33
4 25
13 18
6 20
14 16
27 35
21 26
15 19
14 15
0 39
24 33
14 19
21 39
10 11
17 39
17 28
3 25
31 39
1 38
23 25
5 23
19 40
4 19
15 28
34 35
14 32
2 12
1 14
19 36
0 18
5 24
10 20
21 31
23 32
10 19
37 38
1 27
6 26
11 20
8 22
2 39
8 30
19 26
4 35
9 19
16 39
0 21
10 12
6 29
20 24
8 39
21 29
7 27
19 20
10 40
28 37
1 12
18 32
37 39
3 22
20 39
27 29
3 21
6 19
22 39
12 32
12 14
5 21
4 15
15 23
30 40
20 36
7 40
38 39
2 15
29 37
16 35
14 39
2 24
35 39
0 20
4 36
15 20
12 22
9 26
9 13
16 33
21 22
28 40
14 29
38 40
8 23
24 39
7 22
3 38
0 38
7 10
1 13
4 34
2 30
11 26
30 34
10 36
1 25
11 39
29 38
16 17
14 17
6 15
14 37
28 34
18 20
15 21
37 40
12 34
18 22
3 29
23 38
3 39
12 26
6 39
4 37
26 36
4 22
1 40
26 28
23 30
24 29
20 29
17 32
17 33
4 18
22 24
22 25
0 10
23 29
12 36
0 26
19 23
1 33
4 17
27 39
11 38
27 30
20 34
29 35
22 27
10 25
21 25
31 33
4 13
1 19
21 37
23 39
22 23
2 26
22 40
19 34
6 23
3 28
6 10
16 30
24 35
2 25
9 22
8 31
9 38
8 12
