100 403
22 25
49 8
56 85
50 32
82 54
26 12
83 45
78 53
6 97
4 64
74 56
29 22
91 98
99 84
77 52
14 68
31 89
8 82
23 41
79 20
68 59
52 94
21 33
64 25
40 41
82 79
91 30
37 76
45 35
85 34
63 60
94 70
34 88
62 70
9 85
97 73
31 27
48 89
58 50
9 57
10 41
96 62
22 82
60 70
7 50
86 27
41 2
74 79
34 70
62 19
70 93
5 95
98 69
17 29
89 51
60 66
56 38
17 32
22 21
47 59
39 2
55 35
41 43
14 62
41 80
18 83
4 1
83 87
67 42
3 64
58 31
83 81
60 7
92 41
23 73
88 37
14 74
3 46
71 46
43 84
63 51
91 99
41 43
44 26
29 15
66 81
91 2
63 93
60 42
90 91
25 29
68 26
22 95
83 48
30 25
48 50
62 18
23 80
20 33
76 48
82 5
9 12
52 97
79 83
62 20
12 22
2 74
68 76
51 88
86 86
31 61
73 88
7 49
56 4
8 68
53 34
18 62
90 33
80 12
43 58
15 25
9 93
54 41
86 32
24 76
26 100
62 43
52 14
92 83
90 10
80 30
47 7
53 85
99 27
32 50
29 50
33 8
7 78
59 14
40 90
91 85
11 75
90 16
88 41
38 43
66 93
67 28
63 72
59 46
72 21
26 76
7 68
85 37
84 29
10 18
22 70
35 33
66 18
37 17
38 37
92 1
60 54
56 44
5 55
92 52
54 86
73 34
34 46
21 65
57 32
52 39
16 18
67 26
14 63
60 69
5 40
20 9
45 37
53 83
91 23
93 66
44 70
5 77
95 72
99 17
51 48
88 15
70 93
94 44
47 99
30 68
63 99
52 17
72 23
54 68
65 60
79 99
44 16
48 33
82 11
13 24
90 24
64 26
3 59
66 8
36 29
4 8
78 66
18 35
19 92
12 20
97 33
62 37
28 46
48 82
23 36
3 21
80 29
67 74
97 38
36 95
3 57
0 14
93 68
60 61
56 6
31 54
29 60
64 11
98 92
51 31
62 99
80 56
38 82
58 94
29 8
12 10
91 99
25 45
29 78
48 1
6 42
92 70
3 63
85 53
45 85
58 92
51 70
26 55
57 85
90 58
28 94
64 40
20 71
77 65
55 91
40 64
87 53
36 78
6 45
71 55
31 80
59 5
94 91
5 17
5 53
95 96
43 24
80 47
76 35
18 20
8 29
13 86
38 36
5 15
36 68
26 92
92 83
94 93
69 63
13 71
54 91
23 90
72 79
70 74
25 20
59 6
6 28
45 22
98 37
39 35
94 63
11 74
11 36
11 11
33 100
4 83
2 35
30 8
36 10
32 21
51 44
83 78
28 3
2 100
53 71
8 45
90 12
6 19
79 29
46 64
81 34
64 7
53 14
60 14
91 90
33 36
6 22
75 60
27 62
26 68
77 3
5 64
26 25
88 45
7 16
32 79
26 47
77 35
99 17
7 43
15 43
55 16
60 28
33 88
63 35
42 86
98 34
28 26
75 33
20 29
41 86
90 84
50 36
42 21
95 58
84 96
60 7
89 12
88 8
94 31
1 37
1 32
26 44
9 22
83 84
66 96
42 72
31 41
57 76
1 7
1 40
88 90
95 25
27 93
15 31
99 37
31 47
49 14
93 10
77 79
44 6
50 81
38 5
25 45
16 2
72 38
32 18
76 18
47 36
80 90
77 61
7 25
4 97
96 52
63 16
23 81
46 70
21 72
18 42
26 27
9 85
91 17
85 82
15 77
86 39
92 6
50 49
54 81
49 46
87 23
47 27
4 10
