2000 486
0 1
1985 1
34 40
28 43
20 48
15 44
9 41
16 45
21 43
8 41
38 42
1 46
31 47
4 40
11 44
8 49
3 46
5 49
2 40
16 48
36 49
37 43
29 48
32 49
35 47
20 44
29 46
1 44
34 47
24 50
42 50
18 49
48 49
24 43
17 44
23 47
5 42
1 41
41 46
25 43
15 48
2 41
14 46
4 49
18 45
34 50
9 45
18 42
26 49
38 49
30 44
34 44
15 42
42 49
21 45
19 50
37 47
41 43
27 46
33 46
30 49
32 45
27 42
10 42
25 44
11 50
7 50
13 49
36 42
31 41
40 44
26 50
13 45
15 41
12 47
16 40
27 41
33 41
36 43
18 47
28 49
5 46
10 43
39 44
27 47
29 47
37 46
42 45
25 42
9 43
35 48
37 48
6 44
23 46
44 47
25 50
39 41
31 48
12 50
4 41
4 44
5 47
42 44
1 50
27 50
40 49
40 46
28 47
31 40
12 41
18 46
26 42
34 49
6 40
43 48
19 45
26 48
2 50
15 46
45 49
32 41
9 49
27 48
8 44
1 40
26 45
21 47
3 47
3 49
23 48
22 50
40 47
9 42
28 48
39 43
32 44
12 46
17 45
14 48
36 41
2 44
43 50
0 45
40 41
30 45
28 42
45 48
47 49
15 50
20 43
20 49
31 45
35 40
16 42
10 40
39 42
19 47
12 40
1 49
21 50
7 49
4 50
24 42
17 46
15 47
37 50
30 43
14 40
19 48
27 49
18 41
7 48
43 44
22 49
24 40
17 42
10 41
36 46
34 43
34 41
13 50
5 48
22 42
12 49
7 44
19 40
12 45
22 48
24 48
36 47
38 48
21 44
11 49
29 44
18 50
30 48
30 50
9 47
37 49
13 47
45 50
11 45
21 46
32 43
23 49
27 40
33 42
15 45
23 41
3 42
18 48
19 44
40 48
38 43
5 43
24 49
22 41
8 47
0 50
35 43
7 47
24 41
23 40
8 42
15 43
16 43
39 46
6 46
30 47
22 44
13 44
43 49
18 44
28 50
38 47
3 48
25 41
19 41
20 41
25 47
5 41
48 50
26 44
37 42
44 49
3 45
26 43
40 43
4 46
41 42
24 47
29 42
31 49
18 40
6 42
31 43
22 43
31 46
10 49
41 49
8 48
7 41
27 44
30 40
26 46
41 50
29 45
12 43
38 40
30 41
8 45
43 45
15 40
35 46
16 41
8 50
26 47
0 41
9 44
22 40
14 41
36 48
16 44
17 47
14 42
8 40
7 40
34 45
11 46
33 40
3 44
47 48
2 49
35 41
23 42
6 43
3 50
27 43
20 50
23 50
31 42
20 42
32 48
38 44
33 50
1 48
5 50
17 50
37 40
10 50
1 42
6 48
12 42
16 47
14 50
5 40
20 47
14 47
4 43
0 46
29 49
33 49
41 48
2 47
33 48
9 46
20 46
22 46
41 47
14 43
30 42
1 47
36 44
38 41
0 48
26 41
35 42
10 47
35 44
24 46
39 49
13 48
1 45
19 43
13 41
9 48
34 42
40 45
42 47
0 47
19 46
42 48
3 40
17 43
1 43
37 44
21 42
32 46
2 48
0 42
23 45
15 49
4 48
24 44
19 49
43 47
6 50
33 43
4 45
33 47
45 47
13 40
6 47
21 41
2 42
38 45
0 40
23 44
11 48
29 43
9 50
10 48
20 45
14 49
47 50
13 46
29 50
2 46
32 47
4 42
36 50
11 40
43 46
2 43
32 40
23 43
20 40
21 40
36 40
10 46
35 49
12 48
31 44
28 40
37 41
29 40
46 48
17 49
28 41
28 46
37 45
26 40
21 48
14 44
28 44
39 48
40 50
3 43
42 46
39 40
25 48
4 47
45 46
11 41
39 45
24 45
41 45
44 50
8 46
41 44
10 44
46 47
13 42
21 49
16 49
6 41
28 45
39 47
38 46
44 45
25 46
32 50
22 47
8 43
6 49
34 48
33 45
32 42
25 45
44 46
18 43
12 44
14 45
27 45
13 43
35 45
7 42
33 44
46 50
0 43
36 45
17 40
16 46
46 49
9 40
22 45
30 46
40 42
19 42
31 50
3 41
39 50
0 49
2 45
16 50
29 41
0 44
10 45
11 43
44 48
38 50
34 46
49 50
7 45
6 45
42 43
