393 1170
84 824
199 478
85 930
81 1224
153 716
365 1873
127 204
368 518
343 587
275 836
241 1884
287 900
319 1248
352 1457
308 1417
339 1202
338 1334
166 1670
280 1082
27 1957
378 1901
384 1846
89 698
281 950
354 289
373 1842
289 1540
94 424
55 1100
313 609
368 1544
134 1039
115 1657
67 959
226 1213
366 1268
391 1896
258 701
87 299
215 593
291 68
293 635
292 512
84 1781
360 1363
152 1482
237 240
175 790
363 463
332 782
304 1561
202 998
287 1696
29 980
300 1343
151 878
302 1674
93 1010
147 82
119 1336
5 1542
276 328
241 768
51 1151
218 1915
215 982
215 879
383 1643
383 1129
184 1521
231 1647
61 691
329 211
265 1061
300 874
343 1532
203 357
55 1922
115 835
62 315
346 1667
119 379
49 1890
253 1934
326 1858
284 860
189 1492
171 1167
31 782
107 704
59 741
243 569
247 186
199 1135
131 1648
101 1391
374 1104
371 1368
204 1065
93 1327
385 1823
178 243
242 125
287 385
348 1408
215 1478
69 1481
367 832
86 450
173 1348
376 1837
348 598
116 534
343 214
221 431
170 1584
189 1767
59 464
191 50
257 885
273 792
310 1998
78 286
301 488
111 1344
368 1489
336 766
96 1050
173 684
233 356
383 1247
17 1496
174 1323
75 1342
336 1935
194 1554
323 914
261 1696
151 165
242 1142
285 194
122 1047
259 1160
326 1040
48 939
42 1614
142 1476
219 1
341 135
175 1074
81 714
198 1310
345 1089
28 1481
122 361
19 796
96 985
354 1364
144 1443
103 1378
129 650
37 1918
299 1886
125 720
8 1478
200 1836
43 338
166 1056
369 876
255 4
224 1355
90 204
4 950
102 212
343 1202
122 491
137 1298
268 1666
22 1757
338 908
330 790
21 1226
3 1682
304 1678
205 1862
260 1553
174 1690
211 676
359 60
49 471
388 1430
299 1415
55 72
293 1001
335 1866
319 889
373 362
60 646
287 1813
72 431
71 1341
126 1318
249 1548
375 947
341 1698
15 975
229 376
233 443
338 129
261 885
17 1257
363 1774
63 1811
360 1769
343 318
67 848
202 66
224 42
329 1877
370 61
98 1467
52 593
272 987
225 677
223 684
188 1252
247 227
321 1603
88 1551
299 417
161 1906
249 136
139 1272
298 1547
3 1071
363 1473
303 978
30 1044
369 758
140 865
304 639
360 1569
214 668
294 1271
258 12
184 227
348 138
38 45
33 1030
273 938
305 1961
4 867
24 106
246 1863
29 1559
35 641
87 454
113 464
175 1751
97 840
2 569
180 1907
312 1042
302 203
358 1014
191 401
245 473
313 1945
108 251
371 584
280 216
35 313
308 1039
181 592
155 1626
2 316
375 1441
100 1049
330 1056
105 1424
245 1781
372 1329
146 166
6 1255
333 540
219 733
95 1427
262 137
370 394
44 411
352 1874
78 1150
22 1200
161 465
365 47
192 1587
287 198
286 1768
13 1592
310 711
194 1733
270 327
164 1999
329 1709
91 607
329 1728
147 1933
270 756
32 768
215 122
73 1171
75 616
224 812
275 1261
217 1650
43 1733
202 1902
171 257
220 99
383 96
30 765
334 1140
136 746
130 331
142 1708
249 31
134 1042
385 710
338 211
151 1281
284 929
144 1972
136 1936
174 501
43 1771
348 1888
305 613
371 804
72 1702
341 1709
387 1639
266 262
144 1085
306 1801
243 397
128 1665
3 1096
91 46
280 1820
83 1141
293 842
11 1686
345 1309
284 1026
8 678
105 193
324 1492
26 1567
257 142
211 914
301 749
364 1326
26 1351
356 1635
217 77
204 1401
48 634
213 471
150 106
182 497
324 1429
349 763
29 1507
366 1927
143 723
166 399
135 1653
316 1030
37 271
372 1727
288 1952
250 1450
287 5
308 1571
162 21
168 228
212 978
215 1752
337 1047
149 1641
45 955
152 1684
77 657
235 1575
185 1218
163 1982
229 794
135 1901
313 1158
309 1707
295 151
370 943
380 1370
320 1209
177 268
217 1024
11 274
300 1821
148 847
271 1311
222 1113
37 1351
122 1455
255 1452
227 1954
151 272
362 1983
237 1738
38 1346
62 1121
385 1029
293 250
286 1523
362 471
280 1272
202 154
267 150
209 1176
152 368
185 1774
62 484
249 551
380 1622
303 148
175 1748
252 1304
122 1688
107 602
19 1049
312 1260
269 873
365 1490
111 1517
148 1864
60 1359
375 173
231 399
344 585
94 455
34 853
59 824
345 1324
36 1446
389 1124
248 1815
128 1183
140 59
368 1293
392 345
220 748
222 692
232 1530
18 1541
180 1640
352 796
190 1611
186 257
54 1982
361 1470
201 1570
36 1609
174 473
236 394
375 1982
172 1647
32 1161
127 1474
384 750
285 1624
223 1621
199 1526
362 856
50 675
249 1811
92 1087
352 1653
39 231
329 675
14 1816
236 189
151 176
249 1069
200 106
316 248
197 1043
253 171
182 515
145 1542
174 536
53 33
100 338
90 1215
36 613
233 1065
49 1110
31 1814
187 1674
351 417
306 1425
289 801
390 25
61 980
244 1810
174 1998
226 56
42 1806
199 451
325 582
329 370
90 1891
281 988
249 1828
225 902
172 1348
111 966
341 262
151 1096
200 1782
387 953
92 1206
340 1782
231 1479
166 207
40 1601
105 1309
189 1245
34 1351
29 1257
39 1522
243 1865
392 1452
75 1724
119 1014
322 1163
175 1335
288 564
371 9
319 1622
380 342
73 478
279 1086
204 680
24 702
246 196
178 780
207 1764
284 1503
2 640
56 661
333 612
190 1397
361 107
175 909
165 71
155 1604
147 140
160 180
8 529
27 1686
114 326
135 1161
104 1879
26 1770
239 1420
268 687
294 1871
103 1193
184 1259
322 1375
221 1003
265 1782
84 491
150 1230
17 1787
169 1326
318 1866
367 1817
89 1113
15 1856
12 1525
184 883
40 1840
123 687
232 1318
94 785
121 1436
165 820
244 65
259 272
378 761
73 1976
192 1315
58 1336
88 990
118 58
267 1236
247 178
348 1533
147 26
48 1813
289 1459
363 577
166 1187
311 1128
79 87
351 316
254 1543
81 167
147 1312
260 1475
206 1473
235 36
334 1667
221 295
304 1842
314 799
170 1793
47 1555
270 658
64 614
238 151
84 459
199 617
162 1611
346 106
299 1664
304 777
334 1537
304 246
219 1817
336 1291
377 1839
302 1535
388 817
217 120
303 1380
57 1579
189 816
326 1759
385 1468
276 1241
170 590
370 629
334 1249
92 1865
300 1620
266 1236
188 1158
201 1985
138 69
227 1795
162 161
212 823
260 1881
229 538
334 990
210 1431
155 1903
44 160
301 1005
277 1486
367 493
318 658
383 1004
196 652
353 1237
49 838
323 347
285 981
291 62
164 320
377 1522
116 1578
355 1349
390 1283
162 1373
230 1033
197 1777
137 1868
124 1464
343 25
344 1482
176 671
105 1034
17 792
202 1729
335 849
270 1574
258 1161
128 1205
51 1936
133 1491
390 1480
170 80
343 1535
208 448
164 1959
57 27
23 231
138 1244
40 1912
368 841
260 819
353 599
331 1434
191 1069
26 1518
151 112
36 1962
112 186
330 1568
276 1092
126 1889
199 1910
152 792
252 289
34 1950
375 1162
114 127
3 1379
352 1103
177 384
325 443
142 1619
28 517
383 1098
90 1744
349 7
344 1284
312 1824
68 1819
308 1663
298 795
122 592
307 1464
207 655
268 761
34 1393
86 1708
126 522
370 1129
242 961
81 355
365 1625
328 1645
173 1079
326 622
91 526
139 1342
84 1726
184 344
301 1170
47 571
281 1040
307 268
85 1398
371 869
361 851
140 1263
106 1081
174 1987
31 1318
88 325
257 1356
325 1231
328 1609
118 1416
265 614
350 1932
29 1068
370 855
91 986
7 1747
237 519
184 1638
98 310
215 1342
153 466
165 930
267 1960
195 1321
303 1703
192 1686
130 1217
152 148
226 1019
153 942
83 1159
373 1984
315 1321
26 1728
90 988
205 359
327 1861
36 1765
218 1471
159 1234
159 1335
39 972
208 102
307 1781
218 821
76 1953
62 471
268 1550
282 462
379 1161
358 161
145 458
8 230
287 1275
270 1848
88 343
257 1780
282 288
228 711
60 45
220 374
260 1026
56 1078
380 46
219 1168
210 1640
157 134
176 1555
89 1915
140 227
165 1081
212 1031
353 1493
99 1999
174 704
46 1396
74 598
179 430
137 1362
179 542
205 1362
363 1803
200 1674
327 1065
81 735
33 889
110 1355
111 1713
241 1899
75 942
246 1269
184 1546
36 889
209 1380
29 299
79 1615
294 1809
229 1449
187 1304
307 121
152 1098
385 260
314 632
96 614
31 1825
50 455
303 1089
362 1163
265 1543
279 604
194 79
105 613
271 574
207 1032
128 1034
193 1405
111 1851
323 1655
116 395
300 305
178 199
26 1001
93 559
227 1527
12 1029
266 899
143 1622
108 1106
357 895
324 213
110 258
52 457
25 1702
128 1896
369 1330
352 50
340 1284
241 750
233 471
239 56
374 1348
265 1693
5 1213
180 209
199 1351
177 1151
371 604
107 1221
281 561
201 1752
42 1143
149 1545
188 1533
40 857
353 1504
315 1124
380 448
382 1736
115 1352
261 1561
296 1887
54 1413
107 482
177 1666
160 872
203 672
8 299
295 449
79 1565
123 1114
39 1628
215 753
343 1942
184 741
348 291
193 574
30 1016
248 262
16 545
29 1774
162 964
0 1720
391 1640
123 719
266 1407
58 1851
356 878
219 1095
341 1894
156 975
40 903
304 10
304 1513
298 569
116 1648
271 1046
210 1814
370 360
133 386
89 706
159 1250
48 702
145 1731
383 317
35 122
329 984
298 1994
73 1325
308 239
284 502
116 1661
156 477
98 1284
392 1286
10 1658
83 692
268 969
203 1205
112 49
314 890
139 824
352 746
318 1014
90 1670
113 1166
96 522
38 1280
352 1635
305 607
185 902
166 1175
63 1451
195 1503
372 156
226 163
377 1863
301 1362
348 483
265 1511
19 1297
202 1063
17 1522
175 1892
392 1277
73 693
359 1220
365 1217
74 458
168 1600
89 12
332 1174
100 424
164 1539
52 1363
113 1816
188 806
0 404
79 556
321 155
220 1664
101 1973
267 1139
184 68
70 554
249 1915
276 1106
193 1690
254 1287
386 1944
342 920
154 89
385 1145
179 1527
310 971
254 1951
291 1159
245 1618
48 1701
44 990
315 479
328 1723
287 932
35 1498
367 466
220 300
181 1023
51 1700
50 1858
101 1830
290 256
8 1692
160 1221
75 48
303 599
218 1031
251 1828
248 39
214 1801
296 1828
349 1511
141 952
45 812
184 253
100 825
390 710
197 1361
62 1325
164 1784
384 536
86 775
4 925
210 382
312 34
382 1025
233 1400
338 1313
235 488
163 47
242 41
287 1530
9 486
212 506
91 345
319 1842
294 15
67 797
63 640
304 627
149 511
356 1150
6 471
226 1084
247 1952
65 689
339 302
124 1569
20 800
375 1267
247 962
75 1576
248 1190
151 1403
379 1458
110 112
162 1370
176 856
325 1153
305 745
12 268
247 1778
213 1695
116 615
317 737
290 528
318 294
361 1077
305 769
84 664
161 1875
195 1655
326 1050
365 91
51 594
209 513
278 451
231 1441
345 1190
8 1091
221 614
218 1865
108 1790
317 1360
288 315
278 1279
289 410
118 919
366 1489
203 851
332 1261
324 1854
281 1469
101 1743
270 50
147 1985
187 807
132 756
385 659
384 1842
283 948
142 33
353 1674
329 1885
337 1786
182 831
363 268
214 1934
264 1466
19 1348
340 1589
211 1044
324 293
54 1410
376 978
