2000 182
0 1
1436 1
16 23
7 23
14 23
4 26
3 27
24 26
20 21
3 22
17 21
9 24
19 22
20 23
18 23
5 21
2 26
1 25
19 24
18 27
0 25
14 21
1 26
6 27
19 21
13 20
15 24
6 25
5 20
21 23
14 20
13 23
16 27
20 27
0 24
12 23
23 24
19 20
26 27
18 25
12 27
23 25
17 22
21 26
22 27
15 25
0 20
1 23
5 23
0 22
22 23
19 26
18 26
1 21
17 20
13 26
4 24
18 24
13 25
4 23
3 26
21 24
5 25
1 27
15 27
5 26
10 21
3 25
3 23
12 21
20 22
13 27
1 20
7 25
11 21
8 24
24 25
16 25
13 22
8 25
13 24
8 26
11 27
12 24
9 23
8 22
11 20
5 22
14 26
25 26
21 25
4 22
25 27
20 26
22 25
17 27
21 27
14 24
14 27
12 26
7 24
10 27
4 25
12 22
15 20
11 23
0 21
17 24
9 20
23 27
16 26
2 25
9 25
22 24
18 20
13 21
11 22
9 27
16 21
22 26
8 20
12 20
16 24
2 24
17 23
17 26
5 24
2 21
10 26
3 21
15 22
8 23
10 25
4 27
6 21
19 27
15 23
9 21
0 26
24 27
4 21
1 22
18 21
7 27
10 24
11 26
2 22
9 22
4 20
6 23
7 20
21 22
17 25
9 26
2 27
2 23
2 20
6 20
7 21
0 23
11 24
19 23
3 20
10 20
15 26
15 21
8 27
16 22
10 22
7 26
1 24
0 27
3 24
12 25
19 25
20 25
18 22
23 26
14 22
7 22
14 25
6 24
