1747 989
360 1599
1228 844
1557 150
517 997
434 664
992 1862
177 1303
432 1559
1432 1515
1295 1403
445 1011
1558 1006
1261 270
607 1834
289 834
101 1127
1618 878
1209 539
924 1912
359 1428
1320 1787
1392 1538
1456 383
1543 938
360 1962
316 45
954 1262
766 373
1330 716
1183 1076
1274 221
606 970
1154 1869
1569 466
858 12
1328 930
368 1476
1304 496
649 549
460 1421
1535 1572
1453 542
125 1389
1406 1215
1578 1691
1155 422
1315 1849
199 1277
1312 36
595 18
206 1783
935 1941
1506 579
1491 641
961 1666
1396 1255
164 1358
702 1758
1594 451
452 1634
1470 565
141 205
1375 1546
1549 1400
367 1671
1251 906
1003 1359
266 1668
334 152
115 1447
134 836
637 700
82 143
1300 1733
1199 845
1370 1048
852 1856
494 1807
1458 234
53 805
556 1073
783 174
1022 1130
299 224
606 76
40 725
927 500
641 987
556 215
1640 1739
956 921
1077 117
1035 1045
726 74
842 965
1259 59
735 1823
1362 949
635 1409
219 714
655 1524
166 13
206 1540
670 1967
257 210
584 1267
1447 1706
605 809
380 153
486 1290
856 1331
1707 1628
267 1112
479 185
817 1193
914 207
443 1104
618 986
132 493
645 684
1165 1127
1481 753
1705 553
1018 689
202 746
1136 1542
1162 404
528 1421
377 214
539 1014
1310 572
1628 402
158 1309
478 712
601 1840
1662 586
54 1153
1679 194
501 947
292 1870
1025 689
1232 1284
1723 1239
1256 146
1109 726
1484 612
1000 242
350 110
1599 1239
980 121
141 995
1382 1350
478 1613
896 599
1426 520
1093 200
1077 192
82 1836
1152 1143
460 1639
480 1339
1454 891
289 647
1274 47
628 1359
1255 942
328 228
1494 830
1269 649
1011 1806
1624 690
953 1305
1696 381
281 855
1464 179
997 729
1230 1525
1114 1915
1171 596
208 766
1248 1995
269 1821
1703 1992
1008 33
1202 242
1523 1105
71 1040
1707 796
1205 1300
532 744
1249 1221
7 818
463 940
346 1574
885 1128
1596 661
406 1201
626 283
594 669
993 439
1473 1706
682 52
549 1145
928 830
277 1315
840 1128
530 319
1654 1103
1251 34
46 1842
396 16
1662 1430
1102 486
1521 1092
1452 1511
445 739
510 230
463 1608
948 1691
662 1159
1037 591
1400 1691
195 1095
687 514
564 905
539 974
1617 1481
1221 1490
1410 1796
640 1664
859 1717
1485 1152
1363 563
1580 1982
619 763
1024 1514
1468 1349
1682 532
1009 865
338 1113
1022 449
11 1313
1145 887
1504 1754
806 368
1099 1822
1266 939
428 823
1303 1862
106 1893
1626 1601
1498 1092
971 1980
708 1427
759 1446
1216 1222
526 411
17 290
1618 1569
839 1370
1528 237
1386 271
150 1230
1039 1108
1238 1889
1217 1930
1464 94
772 1294
835 75
710 1601
919 655
522 253
1713 2
653 743
1401 1916
1536 136
1744 1434
454 1123
945 1456
1124 668
868 1344
1384 327
601 631
547 1219
1597 1553
1727 420
1599 904
674 386
1050 103
1629 1085
68 355
485 253
1177 1152
1420 1198
1361 1063
1176 1778
1220 69
1185 332
1340 1892
140 331
679 1807
725 159
1460 1158
572 1460
97 987
1516 1163
839 1484
86 768
906 1781
691 1960
1526 37
117 231
620 1280
688 718
86 234
538 639
1332 1796
59 119
752 631
490 569
1383 1374
1407 496
746 1411
622 1132
1115 1983
1154 227
1598 1689
1655 1198
1108 1224
626 1571
454 232
1721 856
431 1893
424 334
1558 1025
675 1898
1317 999
1449 333
1647 759
1583 1682
870 397
1090 1560
1681 302
357 911
1442 435
212 267
1337 704
551 1922
1396 318
70 1038
1456 1823
989 585
1143 1319
1729 1231
629 632
1600 1093
1245 807
647 604
738 1611
468 1453
842 1461
1674 645
186 340
443 262
1150 1836
665 75
159 102
1322 1377
1636 1088
264 534
1272 658
1256 1552
775 427
1588 522
604 845
721 43
1179 887
125 1663
1708 1873
515 1121
653 1228
1340 973
1613 299
685 627
204 533
799 165
1146 353
995 1420
979 239
1396 950
1492 1204
1039 1693
202 1282
797 909
1538 1546
347 218
738 1887
384 49
109 84
176 1730
1168 1860
1422 436
1566 114
736 291
1395 690
1243 1645
1703 53
1719 698
900 1141
292 814
236 698
437 185
1734 994
947 1066
18 529
1234 1107
892 1676
744 766
307 1079
391 492
1323 938
607 1930
1203 116
262 1343
368 494
1076 224
703 494
947 761
1670 429
1429 193
1583 1370
873 219
1500 1082
220 709
1460 1339
1649 1851
1426 1651
78 1524
936 1846
1276 1900
1723 584
378 358
355 1792
1331 1958
163 139
1411 1463
549 1185
800 1043
1078 1025
1417 896
1291 130
853 1651
733 799
1091 15
219 81
1309 1873
1039 1608
653 1334
759 1856
1030 1563
462 19
779 1581
300 1756
1113 445
291 1368
1229 1553
246 1991
116 1618
472 1684
1654 453
1369 447
1577 1774
366 1877
658 465
694 1145
846 1163
1603 927
1032 933
1522 524
1204 766
870 1051
569 73
660 1645
1621 632
542 186
596 1934
498 1278
694 1423
597 1304
16 977
512 1665
700 1302
549 759
599 14
149 823
1565 643
1338 1140
154 1958
1717 784
1462 1368
322 1158
1275 789
266 95
1049 649
1088 709
1401 659
917 1361
182 928
749 1501
237 460
51 1481
1501 1544
408 1291
1633 1186
358 738
580 1034
1489 1854
180 1913
1639 206
1344 1776
1682 1776
1280 107
949 1930
700 444
707 504
550 37
934 130
928 105
1706 1463
141 548
1489 1049
166 1565
311 1160
1455 1246
1092 1090
697 1919
1325 1659
1208 1564
1283 779
446 1938
888 240
917 1209
691 1334
1371 1130
321 1616
1523 388
556 503
198 332
831 392
150 822
123 757
1475 539
843 857
859 1805
288 1352
788 904
187 1555
1422 494
1070 1852
482 742
1154 881
303 504
742 1744
209 1567
387 846
285 1624
125 926
1677 789
5 202
422 670
1099 1111
927 804
245 248
1310 1557
679 1589
1105 1563
1310 1217
1276 769
171 1434
1680 231
230 1533
1320 720
386 542
1313 1436
1564 23
1133 1045
646 1931
560 342
1186 1550
488 1387
374 1104
815 956
59 51
407 1964
1315 365
266 1036
554 1703
7 1865
1670 340
258 503
1168 172
210 1235
1666 575
672 1328
1466 609
640 105
233 1484
1152 353
651 487
672 496
1434 30
851 686
588 1428
105 1966
686 1525
119 1477
851 1547
249 1639
517 156
325 222
26 1370
1674 366
1434 1564
1656 404
1150 81
260 1504
303 812
313 1145
1391 1088
1099 531
385 1482
1730 401
1690 1154
879 1202
305 855
101 1319
320 1702
53 1624
523 587
1025 1236
851 1767
985 1486
953 189
244 100
765 66
900 778
1382 293
28 1638
475 1169
1148 1071
287 169
1337 263
72 137
1086 1911
1096 393
695 1508
1219 1141
1642 1214
142 1919
1606 1893
565 1494
61 798
731 952
12 726
1368 17
1273 923
1628 1076
232 1196
1267 1051
510 650
504 600
948 1929
1214 1791
332 1945
547 1102
530 1009
286 136
1738 234
801 9
50 501
1407 587
529 283
1525 53
1305 1857
718 1009
876 747
304 98
1112 741
1308 1769
341 263
1511 1869
1277 1923
951 842
1432 1800
374 828
950 1116
713 1338
3 1866
1095 861
374 849
115 890
1340 1896
867 570
1024 1739
445 564
360 969
869 1608
670 1548
1510 1824
759 1333
1043 986
1537 896
1188 1189
1174 1897
231 1918
989 1456
1449 576
1621 1593
1330 1910
867 84
1251 717
1169 1142
1105 1928
154 602
1679 87
1052 1170
1473 594
1029 288
171 1263
191 1576
1248 362
1734 1226
903 309
1450 775
1703 491
686 1729
669 458
1154 50
849 490
987 816
14 1458
582 1416
122 1232
972 1237
1441 462
138 1765
488 1099
5 1419
865 690
224 1539
1327 1506
1682 1403
1002 850
259 1835
1538 493
116 1072
671 1294
650 1865
739 130
225 1002
76 1665
686 1698
505 1978
271 540
1505 424
1036 1263
873 1330
400 1502
1217 1001
151 309
1080 1766
796 1150
1648 1268
45 418
1727 887
1104 1320
580 499
761 1979
396 1979
1157 521
35 84
892 439
1180 681
246 15
121 675
1726 1253
181 6
1661 1309
1319 1306
1427 155
1697 1088
121 1389
748 120
1350 1418
1540 1988
426 89
1584 1238
1240 1232
1390 189
1228 165
1269 1934
951 1535
1381 1080
1066 1115
643 1484
1386 792
1044 1586
1430 806
1584 1832
123 1909
264 309
64 1972
1269 139
340 296
696 309
333 821
839 93
1226 327
1409 542
1371 696
884 1255
1176 1590
157 538
1113 912
1052 506
875 305
603 70
1612 1187
57 1337
696 1786
1335 703
972 75
1169 1979
660 1093
308 274
403 101
1698 1253
239 999
62 1373
651 1021
111 170
207 1456
427 104
1342 112
684 773
1596 381
1294 1446
655 1804
582 80
550 361
276 200
1301 1353
1397 105
371 700
1481 1784
1041 1384
627 87
1022 1415
1076 8
1416 1846
1090 97
1253 1997
664 388
477 1468
481 137
1006 422
406 1049
1486 1292
836 1779
43 960
826 870
1664 807
1477 701
1194 295
1665 805
388 948
1018 1469
719 1802
227 1572
1051 1219
176 376
39 1844
1456 1310
723 869
719 965
381 1004
341 1575
1008 836
1559 446
997 29
478 661
456 19
1525 881
698 1736
24 1993
1058 1850
292 1528
116 1278
1030 1772
986 1805
62 1599
947 44
1128 322
1036 1634
956 1529
1023 1371
1312 1242
44 1945
53 688
309 1633
1104 1905
938 1639
785 1417
203 660
397 1804
1471 1773
1115 220
476 1416
1610 1020
1743 327
1275 1525
482 1776
1714 1748
960 467
175 816
482 1604
1225 1739
501 1405
1331 1781
1639 866
810 1329
709 1154
1177 425
739 615
203 1202
778 1757
1539 914
1339 1435
211 149
1090 1100
1448 90
1546 1340
1075 926
404 1294
441 1411
820 621
327 1763
1305 1201
958 1308
149 969
1041 1164
365 1375
1235 231
1039 995
564 1831
1646 1240
64 1495
1152 1817
1195 1770
887 1317
548 958
1559 256
922 630
1215 1638
434 1558
104 722
90 348
1095 970
74 1456
1234 448
230 380
1695 712
345 1481
200 148
652 1826
1725 798
1386 1963
771 1259
1231 994
1292 1501
831 1670
830 1222
1553 762
145 347
865 1356
842 1634
1634 839
1602 403
181 1791
