1781 720
687 1098
1552 1248
1605 1323
1523 490
407 264
402 976
873 1911
42 2
308 1765
1342 1151
1073 829
439 1029
1447 33
527 593
151 717
1663 1959
626 116
62 1219
3 1320
153 1939
297 1749
916 475
1514 1248
1173 569
55 489
503 117
1284 453
206 1202
765 169
1733 1659
1463 1356
570 1023
278 559
1031 758
1194 1290
601 657
1492 137
1322 111
1500 1185
872 1181
1734 1194
753 528
514 353
1103 1258
756 1384
771 1933
459 1783
422 1158
1369 1735
1670 1554
473 811
51 350
1080 555
1742 1817
1527 1269
319 1174
349 484
1400 500
222 1629
736 953
1053 1442
1177 1128
1256 944
173 265
358 867
74 1968
1325 636
1663 700
718 137
1287 1909
381 284
596 1141
1726 357
290 1701
1678 1077
1435 1869
1293 1731
376 318
1686 1217
1531 794
1594 1539
472 382
1667 825
1296 386
367 1996
1441 334
654 1727
1249 713
1708 508
1195 43
1366 1968
1424 1608
1112 1812
316 768
1535 52
901 1127
914 1931
278 701
1550 1514
291 1343
1093 1219
131 920
635 971
109 1318
479 1336
1681 114
1060 1165
52 260
1471 1939
914 381
829 1951
1701 963
1742 801
468 1580
780 108
1438 820
294 410
822 924
1541 1420
1716 45
1750 1462
386 1956
721 736
1434 286
1238 1560
1365 1487
977 1261
261 201
631 1224
797 738
929 152
1497 1132
530 1520
986 501
847 1387
127 1423
211 1318
1305 728
1659 99
394 810
1694 509
624 142
1056 1459
688 1457
1603 1840
1388 233
1152 685
76 681
886 232
1264 435
840 919
1713 1725
374 506
972 1960
1549 496
1306 250
728 978
682 1725
942 208
1232 1220
497 1377
606 1324
870 1153
591 674
951 1858
358 1962
1058 917
1165 1724
117 867
722 1861
1388 921
1093 1434
716 114
1628 252
921 252
1247 1891
1424 1358
249 219
1016 1039
409 985
929 1797
153 507
1273 1174
1773 275
1697 333
772 199
1239 350
1447 238
1054 1162
1530 1357
520 122
344 892
1487 56
196 1684
715 1262
299 1272
968 1167
443 1662
1428 1459
881 1340
511 449
1352 1449
624 594
1674 1351
574 141
1638 440
215 1081
161 899
1177 1733
842 1079
727 145
874 708
995 1667
911 895
920 49
929 553
1566 1048
1455 772
1143 1405
544 1563
893 1563
128 1238
660 1224
1719 1448
1273 1979
294 1905
1204 1263
1725 484
103 1530
489 1781
1539 1669
1750 152
723 1134
1755 542
1365 1136
144 1143
1212 55
1389 265
333 964
1558 1999
320 1757
1110 302
169 341
1396 528
824 1031
565 1768
553 94
1282 961
1390 1610
1228 689
1257 1076
1708 506
747 884
1271 1400
1623 1971
105 1250
1067 932
290 1184
161 780
219 1871
281 1896
1615 1698
342 1599
1515 1007
1710 1517
560 1656
69 87
1169 514
1772 1267
223 648
1745 345
885 1873
134 1264
1360 311
644 1216
1198 1186
1114 417
167 1232
156 444
491 1919
1023 1079
289 1054
1332 816
1465 1408
1656 545
1061 662
1590 1740
1538 78
423 713
403 2000
200 1650
541 302
963 1247
30 1823
1612 605
172 22
1392 316
1678 657
1040 100
861 192
337 961
1516 145
229 376
1203 891
322 1631
548 1384
1320 1352
125 1055
555 1304
1349 961
736 1827
617 1103
1398 353
158 1061
1423 1677
562 1634
1165 1995
1153 1935
261 224
1227 1702
738 1000
378 88
277 283
64 912
1018 1773
693 1615
197 1433
964 167
1502 403
1757 749
1625 619
540 426
1319 1516
431 151
833 1541
1632 855
1195 481
1563 865
821 1571
1562 1468
326 966
74 346
1195 712
141 1165
1268 1602
695 1622
1727 89
1617 810
794 112
212 1440
799 303
981 1020
1196 29
325 1656
1156 1033
552 844
1615 1080
813 1522
795 1530
937 810
921 831
1459 1829
758 916
1320 844
1472 207
1595 258
428 1741
1519 927
111 1108
1003 1038
562 740
839 998
598 1584
256 685
195 339
878 1590
788 308
573 1352
885 347
767 908
1480 1085
1722 1395
1765 859
533 791
698 1806
203 1115
688 646
385 1383
1392 73
280 1238
1761 543
1261 1725
1728 1189
353 909
550 889
1498 925
155 1622
1549 313
1707 120
340 1007
1342 286
1673 887
1273 1176
973 1834
309 1217
1148 1258
41 1692
1318 89
939 780
1500 1175
363 1185
1756 671
1629 1678
1228 5
1705 1939
287 155
301 417
1257 396
494 756
732 1293
12 589
881 112
1041 454
1610 176
1414 1854
990 1327
748 432
1196 1038
468 603
851 1960
364 51
1368 392
193 1334
300 1658
1614 1967
514 419
422 668
1039 874
415 38
93 289
1776 1098
1467 1691
1204 690
835 387
1521 872
701 380
1361 347
753 847
223 1722
1603 1980
41 1508
908 1233
1254 747
1512 1586
1353 1667
1184 1676
292 884
1366 43
1636 1791
237 50
476 1327
1127 1057
1754 859
320 1625
464 565
1320 1122
551 1049
551 125
548 443
141 1395
742 979
491 840
844 1117
302 1046
7 1168
1474 1452
1561 76
273 1771
1172 1175
326 646
794 1938
257 1192
627 1424
1167 1202
1755 111
898 212
534 337
773 1800
669 735
813 303
63 1182
507 325
267 1170
422 1877
245 1627
145 1927
1389 1351
680 968
1576 1688
980 1920
2 1193
444 1570
1078 1486
1126 678
171 53
1530 1435
94 1527
708 1861
1192 710
938 1710
865 991
1338 1532
178 1390
1258 1580
1759 128
288 280
849 1286
755 996
579 1549
1569 1331
1209 561
444 601
97 486
1727 1087
68 1879
868 360
1753 819
1335 1534
1720 1957
147 279
1460 644
823 1340
1219 1791
1306 298
182 1863
444 1394
1580 925
256 1022
1596 662
5 1391
398 380
1548 35
182 305
1656 772
1046 1719
1209 1989
1083 1607
1631 788
1596 51
1178 38
1245 434
454 801
1005 356
884 1063
385 1714
15 482
1759 1986
958 1003
1169 1820
419 617
1705 108
45 612
1353 500
30 1283
373 912
669 275
553 64
299 319
963 1970
842 1583
718 1939
926 723
1462 671
915 1204
1202 1518
932 380
581 307
151 526
94 1640
1623 1855
1299 1371
1295 1943
879 1980
938 1121
21 855
448 1010
1055 56
1053 1061
1329 1910
1513 970
833 1347
919 1913
1021 1105
1455 1949
344 162
1429 1665
27 830
254 1350
1284 233
1681 1920
1273 679
1320 1669
511 67
426 1042
6 43
756 1543
916 489
405 1176
1001 1193
421 1137
1078 422
1490 500
1555 1977
389 449
1125 527
620 580
1338 1438
128 510
408 574
601 721
1544 456
1103 1303
587 269
1595 1566
1042 533
1457 1160
725 587
1208 1704
227 699
1713 2
739 392
56 827
1717 418
1540 1717
295 301
729 1202
555 1997
1734 1584
1093 1255
103 1066
1197 234
1528 1692
620 846
519 1351
275 1311
1537 1702
1424 635
379 822
1251 195
1225 1592
58 484
317 314
990 1715
225 356
1712 1767
1066 141
914 343
1159 1198
1493 141
705 1424
887 171
1015 11
1123 755
894 1728
610 25
641 1733
1665 380
1526 987
1102 803
1448 15
520 997
1278 1327
547 1782
657 828
1309 1724
200 1426
971 652
159 1574
467 361
895 318
202 1301
1443 236
1093 735
275 1121
313 762
296 970
1219 313
894 1141
136 545
1660 96
530 1536
1438 351
1025 1991
471 315
1457 451
100 1464
897 125
989 1098
1701 558
1113 249
191 114
938 27
713 566
1447 487
1610 1500
1457 1101
449 1889
1274 934
340 1537
107 440
414 1881
33 516
674 997
1492 1441
262 364
799 1028
179 1936
415 775
507 1621
1107 1302
