2000 2000
0 2
1607 1
1998 3
3 5
1993 7
5 11
1985 13
35 17
1939 19
1 23
1841 29
101 31
1961 37
37 41
1759 43
125 47
1817 53
121 59
1891 61
427 67
695 71
127 73
1879 79
931 83
1927 89
325 97
1877 101
59 103
265 107
265 109
1355 113
1129 127
1637 131
65 137
1709 139
41 149
935 151
29 157
1285 163
959 167
1627 173
1627 179
1627 181
179 191
179 193
179 197
179 199
179 211
601 223
155 227
155 229
155 233
155 239
155 241
155 251
155 257
1697 263
1697 269
1697 271
1697 277
1697 281
11 283
11 293
11 307
625 311
625 313
625 317
625 331
1949 337
1949 347
1949 349
1949 353
1949 359
1949 367
1949 373
1949 379
1949 383
1949 389
1949 397
361 401
361 409
361 419
1199 421
1199 431
1199 433
1199 439
1199 443
1199 449
1199 457
1199 461
1199 463
1199 467
1199 479
241 487
241 491
241 499
241 503
241 509
241 521
241 523
241 541
241 547
241 557
241 563
1367 569
1367 571
1367 577
1367 587
1367 593
1367 599
1367 601
1367 607
1367 613
1367 617
1367 619
1367 631
1367 641
85 643
85 647
85 653
85 659
85 661
85 673
85 677
85 683
85 691
85 701
85 709
85 719
85 727
85 733
85 739
85 743
85 751
85 757
85 761
1607 769
1607 773
1607 787
1607 797
1607 809
1607 811
1607 821
1607 823
1607 827
1607 829
1607 839
1607 853
1607 857
1607 859
1607 863
1607 877
1607 881
1607 883
1607 887
1607 907
1607 911
1607 919
1607 929
1607 937
1607 941
1607 947
1607 953
1607 967
1607 971
1607 977
1607 983
1607 991
1607 997
1607 1009
1607 1013
1607 1019
1607 1021
1607 1031
1607 1033
1607 1039
1607 1049
1607 1051
1607 1061
1607 1063
1607 1069
1607 1087
1607 1091
1607 1093
1607 1097
1607 1103
1607 1109
1607 1117
1607 1123
1607 1129
1607 1151
1607 1153
1607 1163
1607 1171
1607 1181
1607 1187
1607 1193
1607 1201
1607 1213
1607 1217
1607 1223
1607 1229
1607 1231
1607 1237
1607 1249
1607 1259
1607 1277
1607 1279
1607 1283
1607 1289
1607 1291
1607 1297
1607 1301
1607 1303
1607 1307
1607 1319
1607 1321
1607 1327
1607 1361
1607 1367
1607 1373
1607 1381
1607 1399
1607 1409
1607 1423
1607 1427
1607 1429
1607 1433
1607 1439
1607 1447
1607 1451
1607 1453
1607 1459
1607 1471
1607 1481
1607 1483
1607 1487
1607 1489
1607 1493
1607 1499
1607 1511
1607 1523
1607 1531
1607 1543
1607 1549
1607 1553
1607 1559
1607 1567
1607 1571
1607 1579
1607 1583
1607 1597
1607 1601
1607 1607
1607 1609
1607 1613
1607 1619
1607 1621
1607 1627
1607 1637
1607 1657
1607 1663
1607 1667
1607 1669
1607 1693
1607 1697
1607 1699
1607 1709
1607 1721
1607 1723
1607 1733
1607 1741
1607 1747
1607 1753
1607 1759
1607 1777
1607 1783
1607 1787
1607 1789
1607 1801
1607 1811
1607 1823
1607 1831
1607 1847
1607 1861
1607 1867
1607 1871
1607 1873
1607 1877
1607 1879
1607 1889
1607 1901
1607 1907
1607 1913
1607 1931
1607 1933
1607 1949
1607 1951
1607 1973
1607 1979
1607 1987
1607 1993
1607 1997
1607 1999
1607 1
1607 1
1607 1
1607 1
1607 1
1607 1
1607 1
1607 1
1607 1
1607 1
1607 1
1607 1
1607 1
1607 1
1607 1
1607 1
1607 1
1607 1
1607 1
1607 1
1607 1
1607 1
1607 1
1607 1
1607 1
1607 1
1607 1
1607 1
1607 1
1607 1
1607 1
1607 1
1607 1
1607 1
1607 1
1607 1
1607 1
1607 1
1607 1
1607 1
1607 1
1607 1
1607 1
1607 1
1607 1
1607 1
1607 1
1607 1
1607 1
1607 1
1607 1
1607 1
1607 1
1607 1
1607 1
1607 1
1607 1
1607 1
1607 1
1607 1
1607 1
1607 1
1607 1
1607 1
1607 1
1607 1
1607 1
1607 1
1607 1
1607 1
1607 1
1607 1
1607 1
1607 1
1607 1
1607 1
1607 1
1607 1
1607 1
1607 1
1607 1
1607 1
1607 1
1607 1
1607 1
1607 1
1607 1
1607 1
1607 1
1607 1
1607 1
1607 1
1607 1
1607 1
1607 1
1607 1
1607 1
1607 1
1607 1
1607 1
1607 1
1607 1
1607 1
1607 1
1607 1
1607 1
1607 1
1607 1
1607 1
1607 1
1607 1
1607 1
1607 1
1607 1
1607 1
1607 1
1607 1
1607 1
1607 1
1607 1
1607 1
1607 1
1607 1
1607 1
1607 1
1607 1
1607 1
1607 1
1607 1
1607 1
1607 1
1607 1
1607 1
1607 1
1607 1
1607 1
1607 1
1607 1
1607 1
1607 1
1607 1
1607 1
1607 1
1607 1
1607 1
1607 1
1607 1
1607 1
1607 1
1607 1
1607 1
1607 1
1607 1
1607 1
1607 1
1607 1
1607 1
1607 1
1607 1
1607 1
1607 1
1607 1
1607 1
1607 1
1607 1
1607 1
1607 1
1607 1
1607 1
1607 1
1607 1
1607 1
1607 1
1607 1
1607 1
1607 1
1607 1
1607 1
1607 1
1607 1
1607 1
1607 1
1607 1
1607 1
1607 1
1607 1
1607 1
1607 1
1607 1
1607 1
1607 1
1607 1
1607 1
1607 1
1607 1
1607 1
1607 1
1607 1
1607 1
1607 1
1607 1
1607 1
1607 1
1607 1
1607 1
1607 1
1607 1
1607 1
1607 1
1607 1
1607 1
1607 1
1607 1
1607 1
1607 1
1607 1
1607 1
1607 1
1607 1
1607 1
1607 1
1607 1
1607 1
1607 1
1607 1
1607 1
1607 1
1607 1
1607 1
1607 1
1607 1
1607 1
1607 1
1607 1
1607 1
1607 1
1607 1
1607 1
1607 1
1607 1
1607 1
1607 1
1607 1
1607 1
1607 1
1607 1
1607 1
1607 1
1607 1
1607 1
1607 1
1607 1
1607 1
1607 1
1607 1
1607 1
1607 1
1607 1
1607 1
1607 1
1607 1
1607 1
1607 1
1607 1
1607 1
1607 1
1607 1
1607 1
1607 1
1607 1
1607 1
1607 1
1607 1
1607 1
1607 1
1607 1
1607 1
1607 1
1607 1
1607 1
1607 1
1607 1
1607 1
1607 1
1607 1
1607 1
1607 1
1607 1
1607 1
1607 1
1607 1
1607 1
1607 1
1607 1
1607 1
1607 1
1607 1
1607 1
1607 1
1607 1
1607 1
1607 1
1607 1
1607 1
1607 1
1607 1
1607 1
1607 1
1607 1
1607 1
1607 1
1607 1
1607 1
1607 1
1607 1
1607 1
1607 1
1607 1
1607 1
1607 1
1607 1
1607 1
1607 1
1607 1
1607 1
1607 1
1607 1
1607 1
1607 1
1607 1
1607 1
1607 1
1607 1
1607 1
1607 1
1607 1
1607 1
1607 1
1607 1
1607 1
1607 1
1607 1
1607 1
1607 1
1607 1
1607 1
1607 1
1607 1
1607 1
1607 1
1607 1
1607 1
1607 1
1607 1
1607 1
1607 1
1607 1
1607 1
1607 1
1607 1
1607 1
1607 1
1607 1
1607 1
1607 1
1607 1
1607 1
1607 1
1607 1
1607 1
1607 1
1607 1
1607 1
1607 1
1607 1
1607 1
1607 1
1607 1
1607 1
1607 1
1607 1
1607 1
1607 1
1607 1
1607 1
1607 1
1607 1
1607 1
1607 1
1607 1
1607 1
1607 1
1607 1
1607 1
1607 1
1607 1
1607 1
1607 1
1607 1
1607 1
1607 1
1607 1
1607 1
1607 1
1607 1
1607 1
1607 1
1607 1
1607 1
1607 1
1607 1
1607 1
1607 1
1607 1
1607 1
1607 1
1607 1
1607 1
1607 1
1607 1
1607 1
1607 1
1607 1
1607 1
1607 1
1607 1
1607 1
1607 1
1607 1
1607 1
1607 1
1607 1
1607 1
1607 1
1607 1
1607 1
1607 1
1607 1
1607 1
1607 1
1607 1
1607 1
1607 1
1607 1
1607 1
1607 1
1607 1
1607 1
1607 1
1607 1
1607 1
1607 1
1607 1
1607 1
1607 1
1607 1
1607 1
1607 1
1607 1
1607 1
1607 1
1607 1
1607 1
1607 1
1607 1
1607 1
1607 1
1607 1
1607 1
1607 1
1607 1
1607 1
1607 1
1607 1
1607 1
1607 1
1607 1
1607 1
1607 1
1607 1
1607 1
1607 1
1607 1
1607 1
1607 1
1607 1
1607 1
1607 1
1607 1
1607 1
1607 1
1607 1
1607 1
1607 1
1607 1
1607 1
1607 1
1607 1
1607 1
1607 1
1607 1
1607 1
1607 1
1607 1
1607 1
1607 1
1607 1
1607 1
1607 1
1607 1
1607 1
1607 1
1607 1
1607 1
1607 1
1607 1
1607 1
1607 1
1607 1
1607 1
1607 1
1607 1
1607 1
1607 1
1607 1
1607 1
1607 1
1607 1
1607 1
1607 1
1607 1
1607 1
1607 1
1607 1
1607 1
1607 1
1607 1
1607 1
1607 1
1607 1
1607 1
1607 1
1607 1
1607 1
1607 1
1607 1
1607 1
1607 1
1607 1
1607 1
1607 1
1607 1
1607 1
1607 1
1607 1
1607 1
1607 1
1607 1
1607 1
1607 1
1607 1
1607 1
1607 1
1607 1
1607 1
1607 1
1607 1
1607 1
1607 1
1607 1
1607 1
1607 1
1607 1
1607 1
1607 1
1607 1
1607 1
1607 1
1607 1
1607 1
1607 1
1607 1
1607 1
1607 1
1607 1
1607 1
1607 1
1607 1
1607 1
1607 1
1607 1
1607 1
1607 1
1607 1
1607 1
1607 1
1607 1
1607 1
1607 1
1607 1
1607 1
1607 1
1607 1
1607 1
1607 1
1607 1
1607 1
1607 1
1607 1
1607 1
1607 1
1607 1
1607 1
1607 1
1607 1
1607 1
1607 1
1607 1
1607 1
1607 1
1607 1
1607 1
1607 1
1607 1
1607 1
1607 1
1607 1
1607 1
1607 1
1607 1
1607 1
1607 1
1607 1
1607 1
1607 1
1607 1
1607 1
1607 1
1607 1
1607 1
1607 1
1607 1
1607 1
1607 1
1607 1
1607 1
1607 1
1607 1
1607 1
1607 1
1607 1
1607 1
1607 1
1607 1
1607 1
1607 1
1607 1
1607 1
1607 1
1607 1
1607 1
1607 1
1607 1
1607 1
1607 1
1607 1
1607 1
1607 1
1607 1
1607 1
1607 1
1607 1
1607 1
1607 1
1607 1
1607 1
1607 1
1607 1
1607 1
1607 1
1607 1
1607 1
1607 1
1607 1
1607 1
1607 1
1607 1
1607 1
1607 1
1607 1
1607 1
1607 1
1607 1
1607 1
1607 1
1607 1
1607 1
1607 1
1607 1
1607 1
1607 1
1607 1
1607 1
1607 1
1607 1
1607 1
1607 1
1607 1
1607 1
1607 1
1607 1
1607 1
1607 1
1607 1
1607 1
1607 1
1607 1
1607 1
1607 1
1607 1
1607 1
1607 1
1607 1
1607 1
1607 1
1607 1
1607 1
1607 1
1607 1
1607 1
1607 1
1607 1
1607 1
1607 1
1607 1
1607 1
1607 1
1607 1
1607 1
1607 1
1607 1
1607 1
1607 1
1607 1
1607 1
1607 1
1607 1
1607 1
1607 1
1607 1
1607 1
1607 1
1607 1
1607 1
1607 1
1607 1
1607 1
1607 1
1607 1
1607 1
1607 1
1607 1
1607 1
1607 1
1607 1
1607 1
1607 1
1607 1
1607 1
1607 1
1607 1
1607 1
1607 1
1607 1
1607 1
1607 1
1607 1
1607 1
1607 1
1607 1
1607 1
1607 1
1607 1
1607 1
1607 1
1607 1
1607 1
1607 1
1607 1
1607 1
1607 1
1607 1
1607 1
1607 1
1607 1
1607 1
1607 1
1607 1
1607 1
1607 1
1607 1
1607 1
1607 1
1607 1
1607 1
1607 1
1607 1
1607 1
1607 1
1607 1
1607 1
1607 1
1607 1
1607 1
1607 1
1607 1
1607 1
1607 1
1607 1
1607 1
1607 1
1607 1
1607 1
1607 1
1607 1
1607 1
1607 1
1607 1
1607 1
1607 1
1607 1
1607 1
1607 1
1607 1
1607 1
1607 1
1607 1
1607 1
1607 1
1607 1
1607 1
1607 1
1607 1
1607 1
1607 1
1607 1
1607 1
1607 1
1607 1
1607 1
1607 1
1607 1
1607 1
1607 1
1607 1
1607 1
1607 1
1607 1
1607 1
1607 1
1607 1
1607 1
1607 1
1607 1
1607 1
1607 1
1607 1
1607 1
1607 1
1607 1
1607 1
1607 1
1607 1
1607 1
1607 1
1607 1
1607 1
1607 1
1607 1
1607 1
1607 1
1607 1
1607 1
1607 1
1607 1
1607 1
1607 1
1607 1
1607 1
1607 1
1607 1
1607 1
1607 1
1607 1
1607 1
1607 1
1607 1
1607 1
1607 1
1607 1
1607 1
1607 1
1607 1
1607 1
1607 1
1607 1
1607 1
1607 1
1607 1
1607 1
1607 1
1607 1
1607 1
1607 1
1607 1
1607 1
1607 1
1607 1
1607 1
1607 1
1607 1
1607 1
1607 1
1607 1
1607 1
1607 1
1607 1
1607 1
1607 1
1607 1
1607 1
1607 1
1607 1
1607 1
1607 1
1607 1
1607 1
1607 1
1607 1
1607 1
1607 1
1607 1
1607 1
1607 1
1607 1
1607 1
1607 1
1607 1
1607 1
1607 1
1607 1
1607 1
1607 1
1607 1
1607 1
1607 1
1607 1
1607 1
1607 1
1607 1
1607 1
1607 1
1607 1
1607 1
1607 1
1607 1
1607 1
1607 1
1607 1
1607 1
1607 1
1607 1
1607 1
1607 1
1607 1
1607 1
1607 1
1607 1
1607 1
1607 1
1607 1
1607 1
1607 1
1607 1
1607 1
1607 1
1607 1
1607 1
1607 1
1607 1
1607 1
1607 1
1607 1
1607 1
1607 1
1607 1
1607 1
1607 1
1607 1
1607 1
1607 1
1607 1
1607 1
1607 1
1607 1
1607 1
1607 1
1607 1
1607 1
1607 1
1607 1
1607 1
1607 1
1607 1
1607 1
1607 1
1607 1
1607 1
1607 1
1607 1
1607 1
1607 1
1607 1
1607 1
1607 1
1607 1
1607 1
1607 1
1607 1
1607 1
1607 1
1607 1
1607 1
1607 1
1607 1
1607 1
1607 1
1607 1
1607 1
1607 1
1607 1
1607 1
1607 1
1607 1
1607 1
1607 1
1607 1
1607 1
1607 1
1607 1
1607 1
1607 1
1607 1
1607 1
1607 1
1607 1
1607 1
1607 1
1607 1
1607 1
1607 1
1607 1
1607 1
1607 1
1607 1
1607 1
1607 1
1607 1
1607 1
1607 1
1607 1
1607 1
1607 1
1607 1
1607 1
1607 1
1607 1
1607 1
1607 1
1607 1
1607 1
1607 1
1607 1
1607 1
1607 1
1607 1
1607 1
1607 1
1607 1
1607 1
1607 1
1607 1
1607 1
1607 1
1607 1
1607 1
1607 1
1607 1
1607 1
1607 1
1607 1
1607 1
1607 1
1607 1
1607 1
1607 1
1607 1
1607 1
1607 1
1607 1
1607 1
1607 1
1607 1
1607 1
1607 1
1607 1
1607 1
1607 1
1607 1
1607 1
1607 1
1607 1
1607 1
1607 1
1607 1
1607 1
1607 1
1607 1
1607 1
1607 1
1607 1
1607 1
1607 1
1607 1
1607 1
1607 1
1607 1
1607 1
1607 1
1607 1
1607 1
1607 1
1607 1
1607 1
1607 1
1607 1
1607 1
1607 1
1607 1
1607 1
1607 1
1607 1
1607 1
1607 1
1607 1
1607 1
1607 1
1607 1
1607 1
1607 1
1607 1
1607 1
1607 1
1607 1
1607 1
1607 1
1607 1
1607 1
1607 1
1607 1
1607 1
1607 1
1607 1
1607 1
1607 1
1607 1
1607 1
1607 1
1607 1
1607 1
1607 1
1607 1
1607 1
1607 1
1607 1
1607 1
1607 1
1607 1
1607 1
1607 1
1607 1
1607 1
1607 1
1607 1
1607 1
1607 1
1607 1
1607 1
1607 1
1607 1
1607 1
1607 1
1607 1
1607 1
1607 1
1607 1
1607 1
1607 1
1607 1
1607 1
1607 1
1607 1
1607 1
1607 1
1607 1
1607 1
1607 1
1607 1
1607 1
1607 1
1607 1
1607 1
1607 1
1607 1
1607 1
1607 1
1607 1
1607 1
1607 1
1607 1
1607 1
1607 1
1607 1
1607 1
1607 1
1607 1
1607 1
1607 1
1607 1
1607 1
1607 1
1607 1
1607 1
1607 1
1607 1
1607 1
1607 1
1607 1
1607 1
1607 1
1607 1
1607 1
1607 1
1607 1
1607 1
1607 1
1607 1
1607 1
1607 1
1607 1
1607 1
1607 1
1607 1
1607 1
1607 1
1607 1
1607 1
1607 1
1607 1
1607 1
1607 1
1607 1
1607 1
1607 1
1607 1
1607 1
1607 1
1607 1
1607 1
1607 1
1607 1
1607 1
1607 1
1607 1
1607 1
1607 1
1607 1
1607 1
1607 1
1607 1
1607 1
1607 1
1607 1
1607 1
1607 1
1607 1
1607 1
1607 1
1607 1
1607 1
1607 1
1607 1
1607 1
1607 1
1607 1
1607 1
1607 1
1607 1
1607 1
1607 1
1607 1
1607 1
1607 1
1607 1
1607 1
1607 1
1607 1
1607 1
1607 1
1607 1
1607 1
1607 1
1607 1
1607 1
1607 1
1607 1
1607 1
1607 1
1607 1
1607 1
1607 1
1607 1
1607 1
1607 1
1607 1
1607 1
1607 1
1607 1
1607 1
1607 1
1607 1
1607 1
1607 1
1607 1
1607 1
1607 1
1607 1
1607 1
1607 1
1607 1
1607 1
1607 1
1607 1
1607 1
1607 1
1607 1
1607 1
1607 1
1607 1
1607 1
1607 1
1607 1
1607 1
1607 1
1607 1
1607 1
1607 1
1607 1
1607 1
1607 1
1607 1
1607 1
1607 1
1607 1
1607 1
1607 1
1607 1
1607 1
1607 1
1607 1
1607 1
1607 1
1607 1
1607 1
1607 1
1607 1
1607 1
1607 1
1607 1
1607 1
1607 1
1607 1
1607 1
1607 1
1607 1
1607 1
1607 1
1607 1
1607 1
1607 1
1607 1
1607 1
1607 1
1607 1
1607 1
1607 1
1607 1
1607 1
1607 1
1607 1
1607 1
1607 1
1607 1
1607 1
1607 1
1607 1
1607 1
1607 1
1607 1
1607 1
1607 1
1607 1
1607 1
1607 1
1607 1
1607 1
1607 1
1607 1
1607 1
1607 1
1607 1
1607 1
1607 1
1607 1
1607 1
1607 1
1607 1
1607 1
1607 1
1607 1
1607 1
1607 1
1607 1
1607 1
1607 1
1607 1
1607 1
1607 1
1607 1
1607 1
1607 1
1607 1
1607 1
1607 1
1607 1
1607 1
1607 1
1607 1
1607 1
1607 1
1607 1
1607 1
1607 1
1607 1
1607 1
1607 1
1607 1
1607 1
1607 1
1607 1
1607 1
1607 1
1607 1
1607 1
1607 1
1607 1
1607 1
1607 1
1607 1
1607 1
1607 1
1607 1
1607 1
1607 1
1607 1
1607 1
1607 1
1607 1
1607 1
1607 1
1607 1
1607 1
1607 1
1607 1
1607 1
1607 1
1607 1
1607 1
1607 1
1607 1
1607 1
1607 1
1607 1
1607 1
1607 1
1607 1
1607 1
1607 1
1607 1
1607 1
1607 1
1607 1
1607 1
1607 1
1607 1
1607 1
1607 1
1607 1
1607 1
1607 1
1607 1
1607 1
1607 1
1607 1
1607 1
1607 1
1607 1
1607 1
1607 1
1607 1
1607 1
1607 1
1607 1
1607 1
1607 1
1607 1
1607 1
1607 1
1607 1
1607 1
1607 1
1607 1
1607 1
1607 1
1607 1
1607 1
1607 1
1607 1
1607 1
1607 1
1607 1
1607 1
1607 1
1607 1
1607 1
1607 1
1607 1
1607 1
1607 1
1607 1
1607 1
1607 1
1607 1
1607 1
1607 1
1607 1
1607 1
1607 1
1607 1
1607 1
1607 1
1607 1
1607 1
1607 1
1607 1
1607 1
1607 1
1607 1
1607 1
1607 1
1607 1
1607 1
1607 1
1607 1
1607 1
1607 1
1607 1
1607 1
1607 1
1607 1
1607 1
1607 1
1607 1
1607 1
1607 1
1607 1
1607 1
1607 1
1607 1
1607 1
1607 1
1607 1
1607 1
1607 1
1607 1
1607 1
1607 1
1607 1
1607 1
1607 1
1607 1
1607 1
1607 1
1607 1
1607 1
1607 1
1607 1
1607 1
1607 1
1607 1
1607 1
1607 1
1607 1
1607 1
1607 1
1607 1
1607 1
1607 1
1607 1
1607 1
1607 1
1607 1
1607 1
1607 1
1607 1
1607 1
1607 1
1607 1
1607 1
1607 1
1607 1
1607 1
1607 1
1607 1
1607 1
1607 1
1607 1
1607 1
1607 1
1607 1
1607 1
1607 1
1607 1
1607 1
1607 1
1607 1
1607 1
1607 1
1607 1
1607 1
1607 1
1607 1
1607 1
1607 1
1607 1
1607 1
1607 1
1607 1
1607 1
1607 1
1607 1
1607 1
1607 1
1607 1
1607 1
1607 1
1607 1
1607 1
1607 1
1607 1
1607 1
1607 1
1607 1
1607 1
1607 1
1607 1
1607 1
1607 1
1607 1
1607 1
1607 1
1607 1
1607 1
1607 1
1607 1
1607 1
