2000 2000
0 1
1679 1
19 42
49 54
26 30
50 56
18 54
16 51
25 50
18 37
22 44
5 40
8 12
28 34
24 31
41 54
38 39
21 51
5 32
33 59
8 23
1 15
18 61
32 36
26 56
33 42
20 25
17 36
1 14
3 30
0 29
0 60
20 50
20 58
2 51
19 26
12 54
25 36
21 53
3 12
8 24
25 51
34 64
7 17
29 57
16 57
19 54
32 58
48 53
3 6
18 24
50 55
10 30
28 47
12 40
23 49
10 36
1 3
18 55
8 54
18 52
18 43
44 61
46 59
35 52
33 61
5 21
31 45
20 62
48 49
41 47
21 35
14 58
20 44
14 29
2 14
44 52
16 31
12 31
33 63
12 27
13 21
40 43
24 35
16 37
9 45
40 45
38 41
35 50
3 46
31 41
5 36
28 40
16 41
2 37
18 33
12 59
11 62
13 24
39 63
8 32
6 36
21 28
25 31
7 35
34 39
37 53
20 38
0 59
34 44
22 56
8 46
10 16
44 55
22 51
31 63
3 50
22 31
11 61
5 20
56 59
29 38
29 43
27 46
14 44
57 58
45 49
1 28
19 34
12 15
27 29
19 59
42 56
18 45
7 12
45 55
31 44
53 58
24 39
17 58
20 47
17 48
32 57
16 56
17 56
30 47
22 30
31 50
3 29
25 39
13 32
23 55
2 46
49 61
11 13
11 53
6 41
20 41
37 46
18 56
28 33
4 6
19 31
35 63
13 38
5 52
13 39
31 60
19 50
5 42
26 37
7 18
23 30
0 40
45 62
42 46
4 48
10 50
47 49
29 64
9 39
13 54
43 56
37 48
31 59
19 61
17 19
10 17
16 42
5 28
43 64
11 55
47 50
13 59
34 38
25 34
15 44
28 45
23 28
10 34
42 48
9 35
12 34
2 31
11 22
17 35
51 52
32 50
10 14
19 45
12 39
23 50
8 53
20 57
43 48
17 40
26 39
21 50
3 20
50 54
7 10
24 56
2 10
12 46
15 34
24 62
8 27
3 27
7 30
24 37
41 58
7 20
14 22
15 61
12 17
22 50
4 8
2 62
4 64
0 30
12 57
51 54
15 27
14 20
13 16
15 20
29 63
17 50
4 47
0 4
56 63
4 61
1 42
2 29
7 45
18 32
46 62
21 39
1 44
14 62
3 22
13 51
5 60
33 50
24 42
6 51
19 24
1 46
40 52
15 59
3 11
6 53
5 7
31 53
13 36
0 61
43 59
28 64
14 18
16 61
19 46
46 54
1 58
4 29
9 54
9 64
23 45
30 45
18 50
16 38
7 53
44 63
15 39
33 34
1 16
39 50
7 63
2 21
54 58
35 36
16 28
9 61
36 58
3 45
7 59
40 44
51 55
11 35
9 22
15 22
28 49
20 27
11 33
11 17
10 40
10 45
27 35
13 44
52 60
27 53
32 42
26 43
11 36
24 43
37 45
35 37
19 63
18 58
30 46
26 60
29 32
16 54
1 62
36 43
32 46
20 33
37 56
45 52
10 29
33 35
50 58
19 48
17 26
8 18
49 60
24 28
28 37
29 62
52 63
10 55
26 54
17 42
28 53
7 26
40 56
12 21
12 62
3 13
3 16
17 20
13 56
18 19
1 23
35 41
25 33
45 64
20 40
2 53
15 60
51 59
33 47
15 42
31 36
15 18
47 55
33 48
42 50
24 45
9 59
28 39
0 9
0 52
11 59
0 62
5 16
1 20
6 63
27 63
5 58
30 33
12 41
8 19
18 21
35 42
16 26
36 40
42 58
30 63
3 15
11 19
6 27
7 25
48 61
33 62
5 11
7 46
36 39
6 20
26 27
29 35
2 47
39 55
31 54
0 44
28 52
33 52
3 40
14 47
25 64
39 47
30 61
44 51
1 6
6 22
3 41
24 38
18 60
25 26
16 49
10 39
52 56
33 60
19 62
8 49
2 19
40 47
26 50
13 52
24 27
6 32
28 57
2 22
13 40
17 55
41 60
11 38
17 18
6 29
20 23
4 54
45 63
21 43
45 47
30 42
0 25
6 28
1 31
10 31
19 27
24 63
48 55
30 64
36 57
38 42
17 43
5 19
9 36
39 45
6 60
32 33
49 51
8 42
53 57
45 61
9 58
14 34
9 48
27 50
28 31
7 47
23 48
34 43
9 13
32 56
45 48
3 59
38 60
37 60
20 56
27 34
0 34
0 43
2 58
23 42
41 55
36 60
10 58
54 63
16 23
6 8
14 64
18 23
31 43
11 20
27 39
0 47
17 33
11 27
36 50
33 41
20 28
17 34
0 16
22 34
6 55
15 40
44 60
20 42
17 64
59 63
19 33
4 16
19 23
18 47
3 39
31 56
23 38
11 31
32 52
20 39
18 49
20 45
1 29
21 48
15 45
7 43
9 33
29 60
24 59
12 24
33 43
24 36
3 60
34 54
16 22
26 41
7 40
7 42
37 43
17 49
4 59
16 55
19 25
0 33
54 57
33 45
5 14
4 62
32 55
21 34
40 61
14 53
22 35
5 50
6 50
31 61
18 34
4 36
9 53
2 40
39 61
9 50
21 56
14 50
32 64
44 57
16 35
44 54
35 64
3 61
49 55
27 54
10 46
36 51
1 52
12 63
48 56
4 53
18 30
0 36
54 61
7 61
5 12
8 45
19 36
0 42
20 54
27 33
11 21
2 12
10 54
3 34
13 15
16 20
11 43
24 30
15 37
31 48
14 60
14 36
17 51
14 46
34 58
50 52
18 35
36 41
38 53
39 64
20 32
17 37
7 36
22 26
29 46
6 23
29 44
19 56
12 43
9 63
12 22
18 26
9 42
9 40
29 48
25 38
15 38
20 61
8 48
15 31
14 52
24 58
20 49
40 49
3 52
0 26
28 42
16 46
4 52
16 43
8 21
40 60
14 55
19 51
41 57
13 29
43 49
6 37
0 35
8 52
22 28
2 16
4 40
17 63
33 53
35 47
41 44
1 13
34 42
26 34
2 25
10 21
23 62
2 20
17 59
47 53
22 48
38 45
38 54
1 40
9 20
8 26
9 16
10 48
35 43
25 35
53 63
35 39
11 23
11 54
10 60
10 64
38 56
29 52
28 55
8 28
23 34
18 29
10 22
38 46
24 34
27 49
41 51
10 38
4 44
6 12
5 23
27 37
27 52
14 43
25 56
45 60
39 56
58 60
15 49
19 60
35 54
21 44
37 47
11 47
30 57
15 41
23 44
32 60
38 50
5 46
49 58
4 33
17 38
3 19
44 46
9 25
0 13
40 64
27 40
20 53
1 22
24 54
43 51
43 58
10 57
29 49
0 27
18 20
42 54
9 17
29 36
1 47
1 34
9 12
60 61
22 45
9 51
9 37
54 60
15 43
45 57
1 33
44 56
8 43
1 56
10 33
13 22
22 59
22 41
18 42
51 57
5 10
42 47
17 47
57 62
5 48
2 9
20 22
12 45
11 16
27 30
16 34
34 51
25 32
24 48
3 62
1 8
12 25
8 62
34 55
33 44
52 59
35 61
39 51
22 38
31 58
14 42
8 37
29 31
15 58
4 26
21 64
14 31
30 40
7 29
2 49
43 53
4 37
1 55
4 12
10 26
4 22
33 51
5 51
8 35
10 61
43 54
5 17
0 11
22 62
14 57
30 41
24 44
26 63
37 40
23 52
4 51
27 43
3 38
7 37
28 63
23 54
7 14
55 59
3 37
1 43
48 50
19 30
9 55
22 52
16 17
57 61
16 52
18 44
14 38
1 57
15 30
11 50
23 31
2 15
50 62
27 44
54 62
37 42
46 52
20 64
53 54
13 42
19 38
26 48
28 46
13 63
24 52
39 49
13 53
24 60
6 16
25 54
33 58
17 60
4 63
28 48
42 57
14 54
24 53
29 34
0 3
14 33
3 42
17 24
14 63
1 32
37 62
15 57
18 59
49 63
31 40
7 55
62 63
21 42
34 60
8 58
2 57
38 62
23 37
39 53
22 36
2 45
2 35
17 25
10 15
5 38
42 49
27 48
33 36
11 49
13 48
21 46
2 11
6 13
10 42
20 60
22 32
16 53
6 54
18 25
25 45
40 63
12 33
42 64
32 43
21 31
48 59
9 38
26 38
19 29
5 30
9 26
31 38
9 44
23 53
16 63
3 48
52 58
14 23
6 57
34 49
15 47
38 64
3 21
31 57
1 51
26 35
16 30
13 45
1 25
4 58
36 38
22 43
51 62
10 43
53 62
8 51
17 41
14 51
1 64
36 47
15 17
28 43
9 56
27 42
29 61
55 60
47 58
39 46
55 63
27 55
28 35
17 52
0 22
36 54
37 64
8 33
12 30
30 32
39 44
16 29
12 55
4 38
24 29
28 44
31 37
3 32
53 60
3 55
2 34
2 42
17 62
1 19
25 46
7 57
57 63
2 52
3 36
25 30
0 6
11 63
15 63
32 38
8 56
45 51
60 62
37 44
23 26
17 30
8 31
46 61
5 39
21 23
17 54
3 23
29 39
6 24
20 43
19 40
3 64
15 21
37 55
46 57
8 29
49 50
39 48
51 58
15 62
35 38
21 30
39 58
13 18
44 62
31 35
10 56
23 63
33 40
32 40
0 21
18 64
31 49
6 9
0 2
18 38
32 45
5 64
23 57
38 52
13 33
2 30
7 52
22 61
10 18
8 38
33 54
15 36
10 28
30 48
13 26
9 60
49 53
21 41
20 52
43 46
47 63
7 39
21 40
28 62
26 33
0 37
8 57
0 41
0 14
27 56
6 19
17 39
7 21
47 60
31 52
31 34
35 40
0 53
17 45
4 35
38 61
28 50
28 51
19 64
13 25
4 20
47 57
22 33
30 50
35 48
35 51
12 42
11 60
22 58
58 62
26 62
8 64
32 44
22 53
1 39
57 60
1 4
35 55
6 58
46 55
12 64
6 56
31 51
8 10
40 58
18 51
41 43
1 7
33 46
43 57
32 41
11 46
13 62
7 33
33 57
8 47
48 52
59 61
0 38
32 39
17 27
32 49
7 54
3 24
3 28
53 59
21 36
6 34
11 44
18 28
20 24
45 58
9 57
10 47
20 36
18 46
22 37
5 63
8 9
6 47
25 53
30 35
6 42
38 48
6 25
8 22
54 59
23 29
13 41
5 56
5 13
61 63
4 17
7 27
14 39
41 45
16 64
6 10
26 42
30 52
37 52
3 54
10 13
19 53
18 31
25 62
13 31
14 28
46 50
14 17
20 51
42 62
20 55
27 60
20 30
11 26
28 38
28 30
22 64
40 62
1 21
24 25
12 16
8 39
38 63
5 35
19 52
6 15
10 44
4 46
16 59
3 49
6 49
8 55
27 51
14 35
2 38
32 63
40 54
8 20
32 34
0 58
30 56
20 35
0 46
25 47
11 25
8 11
14 41
1 36
14 61
7 16
19 35
2 5
37 49
40 51
21 59
34 56
43 55
12 32
2 48
10 23
50 60
27 31
12 61
34 37
3 53
30 38
35 57
29 47
23 27
5 15
56 60
35 58
28 56
12 36
2 59
24 32
52 55
53 56
24 55
41 46
27 64
27 58
21 58
1 9
11 24
4 39
26 53
0 48
14 40
11 30
45 46
19 49
48 62
9 49
49 62
13 28
58 63
12 29
3 17
30 49
30 60
12 23
9 19
37 63
16 36
22 46
25 42
52 54
13 55
0 20
44 53
4 34
24 51
7 15
12 51
7 13
4 14
32 35
4 19
25 57
27 47
19 32
28 32
2 6
61 62
14 48
54 56
22 54
3 56
5 59
1 5
37 61
32 48
38 40
52 62
6 38
18 48
19 44
23 25
36 45
27 45
25 52
46 47
26 40
6 62
34 48
6 46
40 55
17 23
2 44
14 21
19 41
22 23
23 47
6 52
15 19
13 30
29 59
1 50
42 45
16 39
22 47
2 7
49 57
2 41
23 35
34 61
24 50
43 50
4 9
8 60
21 45
23 60
33 39
39 54
16 25
35 46
46 60
33 56
2 26
13 35
32 54
2 18
9 62
56 58
4 28
44 45
7 9
46 58
41 62
7 62
23 56
0 63
0 10
15 51
15 56
10 32
2 55
7 23
14 16
4 41
0 19
5 49
45 54
7 32
53 61
14 26
38 43
21 27
36 59
6 39
12 35
22 60
0 15
43 44
46 53
1 54
21 33
5 45
17 53
14 56
0 50
8 44
29 53
27 41
51 56
12 13
25 59
47 54
0 5
42 60
55 61
23 61
0 18
16 40
51 53
44 47
36 46
2 8
22 24
7 56
12 58
29 45
3 18
36 52
12 37
20 34
0 64
11 42
7 28
7 31
1 27
55 57
5 25
56 62
24 33
38 47
1 60
6 11
2 33
3 43
10 53
0 57
1 10
5 33
44 48
12 52
19 47
37 41
28 59
7 64
16 33
2 27
56 61
18 22
36 44
12 48
23 32
26 45
52 57
30 44
37 58
0 12
46 56
8 14
58 61
13 43
39 57
3 25
40 41
18 57
26 28
12 38
26 52
42 52
9 52
26 51
22 42
18 62
18 63
36 42
1 11
38 58
9 21
12 18
11 51
22 63
8 25
24 46
20 46
0 55
55 62
16 48
11 45
23 43
39 52
27 38
42 43
45 59
5 55
8 15
12 53
15 25
21 29
7 24
46 48
1 63
20 26
10 20
49 56
1 37
32 37
29 51
9 14
24 57
9 28
30 59
1 18
28 60
9 34
7 58
9 46
6 64
46 51
4 57
25 27
20 29
12 60
11 37
14 32
41 56
24 47
48 58
19 37
8 34
31 33
9 29
34 50
11 40
28 36
15 33
11 52
31 47
31 32
48 60
8 41
10 19
26 31
9 30
11 48
8 40
0 31
41 52
21 55
17 31
30 58
15 35
45 50
17 44
42 61
36 37
4 10
5 34
4 27
56 57
32 59
43 60
40 53
10 51
3 10
3 35
2 56
16 21
26 55
13 37
46 49
42 55
1 53
6 35
7 41
19 58
9 11
39 60
25 40
13 19
30 54
23 59
10 62
10 24
13 61
43 61
41 48
60 63
24 40
43 47
2 4
1 45
3 26
40 50
3 14
18 41
21 32
16 47
25 63
12 49
22 40
22 27
14 25
5 47
22 25
14 27
36 56
37 59
15 50
38 49
46 63
19 22
6 40
31 39
10 41
21 22
3 7
31 55
18 40
33 37
26 47
28 29
14 24
8 59
10 63
39 59
26 58
38 55
11 58
21 62
40 48
21 26
17 57
3 5
26 44
9 32
0 7
1 38
5 26
15 53
50 59
11 39
19 28
38 51
35 45
2 24
29 37
15 46
11 56
35 62
6 18
45 53
36 64
43 63
5 37
23 39
26 49
50 51
36 49
30 53
9 18
33 38
12 26
30 39
10 52
47 52
7 51
1 61
50 57
6 31
16 60
31 46
16 50
15 28
34 36
30 36
43 52
47 62
15 54
2 61
6 48
4 13
21 52
4 42
18 39
36 61
22 55
25 37
34 57
25 55
10 12
38 57
16 58
13 23
36 55
2 60
39 43
12 28
12 56
17 61
17 46
6 45
1 41
20 48
31 42
1 24
16 62
3 57
5 44
3 9
21 54
4 30
5 24
16 18
32 51
54 55
39 42
36 63
0 39
2 36
23 51
5 53
47 56
23 64
8 61
2 32
18 27
4 11
17 28
25 28
12 50
38 59
5 57
48 57
23 40
12 19
12 14
30 34
9 43
29 54
8 17
4 55
15 23
35 49
42 63
24 26
44 64
21 38
2 23
42 53
52 53
51 61
48 63
11 57
0 49
40 57
19 43
21 47
32 62
6 14
28 41
30 43
14 30
26 59
33 55
0 28
10 49
27 32
22 39
17 32
4 31
5 29
8 36
35 60
24 64
21 63
2 54
36 48
48 51
8 50
16 44
31 62
3 33
53 55
16 19
7 48
24 61
48 54
3 44
30 37
15 55
28 58
16 32
7 60
4 24
5 61
0 56
41 59
29 41
21 60
35 44
11 29
32 47
30 55
1 17
6 61
7 34
3 47
11 34
9 41
50 63
4 23
43 62
29 42
3 63
9 47
17 21
45 56
5 43
11 32
49 59
40 59
14 19
34 41
41 53
6 17
25 49
41 49
25 60
6 44
21 57
24 49
27 57
1 12
1 35
10 35
37 50
21 24
0 24
23 41
16 24
14 49
4 60
26 36
43 45
34 63
9 31
29 56
51 63
19 57
21 25
27 62
0 32
41 64
11 28
29 40
31 64
42 44
59 62
35 59
21 61
19 39
2 50
25 58
41 61
30 51
49 52
28 54
4 18
34 46
33 49
13 46
28 61
0 8
13 60
0 54
20 31
27 61
30 62
51 60
30 31
13 64
42 51
13 47
13 27
37 54
11 41
35 53
2 63
58 59
16 45
12 47
37 57
9 15
25 61
6 30
34 62
23 33
36 62
1 49
18 36
12 20
44 49
5 41
11 18
34 45
9 27
5 22
57 59
1 26
0 51
18 53
34 52
4 21
25 41
21 37
8 63
20 59
6 33
29 58
26 46
20 63
23 58
41 50
10 27
13 57
11 15
0 17
10 11
10 59
2 64
4 50
34 53
16 27
26 32
8 30
15 29
39 62
7 49
44 50
6 59
19 21
15 48
1 30
24 41
38 44
17 29
22 29
34 59
25 29
44 58
37 51
13 50
5 8
10 37
6 26
50 53
40 46
6 21
26 61
2 17
9 23
4 56
3 51
14 59
4 7
1 48
8 16
21 49
6 43
9 24
3 58
7 50
37 39
15 24
2 28
11 64
50 61
0 45
25 44
33 64
20 37
27 36
4 49
3 8
19 55
1 59
44 59
34 40
10 25
13 58
42 59
4 43
11 14
26 64
17 22
25 43
22 57
35 56
47 61
4 45
4 32
4 15
12 44
25 48
3 31
47 59
32 53
40 42
13 20
8 13
52 61
37 38
22 49
