1901 1887
499 1663
62 1133
1270 425
971 1951
718 1209
591 992
1672 1985
1775 335
1810 617
82 1356
876 848
749 876
1142 736
1626 358
53 1653
1648 1830
1018 1278
973 1319
1207 1001
1357 1987
16 1943
627 63
1546 872
1319 1697
157 707
703 1470
1406 717
427 1992
1195 53
656 213
1408 1642
870 37
1154 800
20 1615
1341 1910
901 1630
874 93
1148 552
633 1100
1651 302
793 563
237 299
31 876
1036 374
866 1155
1788 1817
1280 1919
1806 1088
1878 1403
337 1902
1176 6
1737 23
389 117
1327 1355
1108 1370
1295 806
574 1016
1432 454
614 1185
954 873
1551 229
1313 1523
277 63
749 1575
950 1522
754 1912
725 249
336 1393
1743 603
1270 1588
743 1950
952 441
1674 1967
1650 328
299 457
1090 42
29 49
1831 796
228 145
753 1473
229 967
623 317
277 236
1443 770
1431 1991
183 275
1725 114
114 1884
747 946
1774 924
1489 758
194 615
1192 1182
1855 1772
36 1941
913 562
1632 1486
1579 360
1114 1187
1335 1442
381 790
1574 839
1749 1817
183 11
1680 1031
1370 724
54 1326
614 279
823 652
664 1512
1761 326
115 927
345 88
642 1734
1238 1268
144 1759
1341 544
434 740
709 1335
1094 532
1715 1728
664 1772
560 1779
1227 1623
1401 1956
639 216
1877 1203
57 1575
1557 1773
1692 301
1675 485
1322 1011
550 1824
832 468
270 1888
1331 475
455 1201
1261 1126
465 1209
1549 1907
1032 1530
428 275
1211 586
1634 516
1195 34
1073 345
539 44
835 606
65 1446
313 1724
621 1587
1777 1374
1792 635
1272 1355
1800 1666
297 388
662 631
498 474
250 1306
1737 1470
1150 1923
943 243
1126 1607
899 711
1500 454
1561 1128
223 942
293 1844
546 257
1169 1645
587 1295
585 522
199 695
731 1494
1710 1963
1598 493
516 1779
875 25
1649 1174
1269 1799
216 1013
1218 318
291 770
1516 884
319 1495
611 1902
1147 567
434 396
871 208
948 1232
294 327
1355 647
775 1581
271 1366
814 1209
1451 1083
1014 1184
812 1081
955 1252
132 629
649 906
479 1359
1491 434
1068 1997
1325 440
1784 812
1367 1554
432 177
1133 290
89 1486
1355 1088
797 565
527 1083
1860 1499
1767 1789
770 172
33 1584
68 974
889 1249
698 933
35 1055
1731 1988
1653 505
479 1732
1816 297
775 1187
115 1579
1867 1037
1664 1771
1167 140
1302 1895
685 1270
584 737
1020 1294
1895 592
901 305
168 1454
1079 1475
1466 1513
1155 519
286 1271
905 662
1193 1553
1177 1101
878 1447
4 513
1267 1182
699 1595
1234 534
424 228
1362 339
1744 1195
928 1866
895 947
1790 294
1627 1367
632 1442
1180 1449
1488 1094
1856 22
996 571
478 691
744 843
1713 362
1694 554
80 846
653 242
206 74
1267 53
1159 1592
1370 587
1805 307
1658 1931
705 474
759 337
1409 1594
616 1854
1771 204
1108 1249
180 954
1639 480
1300 1575
1344 1163
1332 1771
1873 1533
1335 1820
1200 1867
41 1235
1677 1302
805 395
1661 1037
186 1254
738 686
501 1746
1170 313
549 76
1717 1703
1600 1815
1730 1322
1437 200
1526 1092
459 1618
284 889
126 990
434 1217
22 562
579 1013
988 1078
554 272
1501 1564
1135 12
1181 1382
450 1125
1273 146
528 1063
250 1461
1882 395
75 619
30 1101
1193 840
44 1932
421 504
1541 1184
1346 1604
1267 815
240 1511
1049 351
364 1603
62 1407
32 1033
1834 592
1717 951
1088 373
1514 917
402 484
951 892
1859 1627
707 1245
1338 1290
1739 1379
1804 1088
1373 105
584 32
1371 1089
132 317
1150 983
1588 1813
1003 1789
1064 1957
380 1156
1256 466
1042 475
1861 1280
1870 1119
1408 1050
338 215
21 1014
1203 1861
884 1073
71 1472
141 1728
436 1409
1128 1110
647 1578
1763 85
945 1069
1674 576
226 1307
384 948
1805 652
1480 301
824 1113
82 1934
1085 1648
1597 1182
905 1366
1040 509
1410 1904
296 1853
1109 1975
321 1537
1871 1076
840 366
552 1652
234 1284
1825 586
803 1919
404 126
595 1133
1020 97
1884 721
794 1171
1754 568
756 1367
932 1093
1893 1591
827 107
1868 1969
669 1559
446 727
866 79
1149 555
1551 1846
646 273
1893 582
1485 284
264 1648
384 349
1361 717
174 131
1688 1696
290 616
1326 1231
234 422
263 1686
234 1944
616 114
285 1055
1210 440
1355 1843
60 1817
301 1192
517 815
1106 284
1655 1657
1018 1410
568 1452
49 1879
1788 203
1255 59
1324 975
57 312
466 1580
1458 1336
1132 1678
809 1972
289 949
1160 1288
205 566
1152 754
344 1127
1379 854
1640 1316
449 1576
1400 696
1767 461
761 1480
1415 1566
1493 665
1018 1155
1616 439
274 1457
1157 1350
1171 99
1295 982
800 1263
1271 1505
1059 1876
507 1961
282 1466
536 505
775 1557
1820 1684
274 1071
600 1907
685 529
1014 845
744 74
908 764
1385 213
521 1301
1023 1977
924 831
1097 744
1834 1260
657 90
1371 794
584 1859
1212 1163
586 1275
529 1315
135 1650
1281 150
396 1618
968 24
799 1706
1854 960
127 900
365 456
230 1045
1488 1415
1782 405
150 196
811 1327
1720 1248
1723 1077
1508 7
1747 1918
1353 695
1399 1484
1871 185
40 1041
464 105
1239 1785
1677 447
1834 1932
1777 531
155 1831
1051 1455
956 1029
1877 1286
1705 1658
1139 109
900 1599
1747 656
603 1296
1646 1904
1886 1001
350 990
643 939
1446 1653
1074 136
1573 1685
1278 977
1475 824
996 518
257 616
1009 1992
1366 1962
1817 1006
14 96
952 861
422 729
469 1620
1833 474
1218 1960
1172 1123
1299 128
863 1805
710 1371
827 499
1724 1620
1074 1442
378 1156
1574 706
480 1514
1781 1192
1606 581
129 1989
400 501
1323 1598
1437 880
688 1560
277 949
523 1949
298 361
539 478
502 1759
190 66
1018 1105
640 447
1828 106
1654 1486
1595 973
1139 912
194 1181
1181 505
179 1007
1111 882
156 340
1333 1392
1786 1439
486 6
1694 1106
829 1277
893 1391
1589 1826
284 117
279 1746
1397 286
1757 257
1196 1321
825 1374
588 769
897 701
1762 327
1832 1257
479 241
1517 1458
1789 89
25 844
922 379
1657 1723
804 159
786 366
780 352
1521 369
1589 1272
1817 752
1600 1305
1394 983
1280 195
879 1345
1791 547
1803 605
947 1570
662 935
500 1940
1608 715
490 1882
1811 1937
174 600
291 894
192 788
854 423
211 1871
1560 938
1776 1598
1537 469
1252 249
1887 300
20 506
966 1012
1192 311
1650 41
169 879
168 521
361 1831
1813 1679
718 860
800 32
945 1645
1151 1845
250 21
1626 1822
661 1442
1031 826
979 875
665 333
1767 1591
1308 1199
1766 403
650 1252
1876 677
182 1898
910 759
444 1247
965 743
319 118
1615 1737
1755 1035
742 366
749 830
1886 863
1788 364
1727 433
1221 1627
1127 1002
1732 87
793 514
799 1258
1507 714
432 1975
788 61
1409 328
1327 1841
1647 1796
752 705
1372 972
520 387
975 1324
857 182
865 1097
20 1785
1585 321
1141 1216
900 233
374 1028
654 26
1251 332
989 987
609 947
1783 1492
1854 47
5 1560
763 216
228 56
587 1316
291 255
1402 286
1573 1312
138 1302
1034 577
874 1194
474 1607
1601 1059
591 1312
616 80
336 847
1625 1665
1209 605
465 1645
8 1087
1236 1695
1717 975
548 505
333 134
175 69
233 1332
1001 548
5 910
1438 1396
865 303
1798 198
1109 824
1796 1667
1689 915
1118 232
1461 248
1562 1412
1123 1906
1075 1516
1078 642
669 1537
1895 1090
1850 1636
1266 1481
735 1515
1767 1592
692 1575
1576 1502
22 721
476 266
53 5
1485 513
349 1787
188 450
1237 738
559 1304
1319 461
727 244
651 947
1035 1350
1147 1232
1100 621
1174 1923
948 1991
1721 755
1791 845
798 247
757 1629
341 1199
1807 1885
1572 1799
1256 1674
849 1225
597 1376
589 1311
1320 1701
1420 1842
1062 267
1505 793
614 377
735 1267
795 281
1781 604
539 228
45 427
467 220
1455 1232
1253 835
1790 207
101 1130
1658 626
961 1756
837 638
1418 22
1266 1192
89 834
122 1924
1156 994
1014 815
1823 60
1467 1886
1172 1977
1467 38
1708 873
270 486
1503 993
286 898
749 1652
491 1524
1667 105
1596 779
1159 947
547 1571
68 281
1738 1773
1279 237
434 565
1804 189
1370 716
543 170
203 838
1887 1450
754 1484
1737 538
404 234
255 1753
332 294
606 1510
250 1552
319 912
861 1834
1762 1620
677 1468
243 791
1831 1102
515 1772
1763 1362
1691 196
1132 1802
1888 1587
1889 715
1307 1136
433 722
1442 1751
1812 160
1182 401
788 356
1142 1823
793 1206
501 1880
1661 1259
1800 1353
1046 971
294 1307
1855 432
1685 1400
610 1218
1181 1700
1790 812
1900 1666
1716 1168
278 1506
1869 1970
461 1132
1580 1942
502 492
1532 340
596 1510
547 1415
757 340
1494 92
1163 83
1249 1588
248 1004
1530 1935
47 890
479 334
1216 855
983 1938
199 1191
342 1739
812 619
1502 482
579 402
28 736
383 704
1895 1645
140 520
330 1871
901 100
1492 1349
238 1902
667 1498
246 435
183 1226
539 877
1643 1324
1138 1228
1838 1540
1334 654
997 942
814 493
527 381
421 536
1504 1287
1177 810
40 840
412 122
705 1434
1576 1184
1456 243
1322 618
326 1112
746 1888
1729 337
1726 1519
204 1222
1735 765
527 107
1582 1154
871 1810
702 1288
1545 935
84 1717
713 1259
838 1856
1176 264
1161 988
1195 152
1814 1957
860 59
1887 1359
173 651
1854 1990
281 1834
1842 844
1210 745
1183 1586
1370 1193
1492 550
1211 81
239 1750
353 721
1810 1687
1399 618
1700 1177
1819 510
239 800
1633 914
1054 1793
1106 1922
1183 1088
1458 119
927 1780
699 727
1369 376
1463 1540
15 1396
580 272
1504 521
1424 643
891 865
1835 1898
1489 1081
1663 1394
1419 988
186 1394
1037 141
1092 693
828 1695
1735 1983
156 410
1500 332
559 600
54 1258
1222 1998
253 1215
218 1605
703 305
1850 539
1542 215
1833 274
943 798
1817 1856
1144 1085
365 1263
114 22
1157 1966
902 1793
1725 1202
1653 985
846 1036
1256 533
1578 532
555 1556
1372 70
1527 1706
1782 311
484 42
1520 1323
1008 215
185 1132
265 520
279 753
1389 1745
1618 1236
265 40
463 380
180 719
375 813
1004 172
1305 688
1437 690
1700 28
1704 903
1206 1381
558 373
1184 1273
840 1961
789 888
333 1747
666 81
897 272
1426 7
1232 1978
965 53
1305 1559
898 1650
868 1792
49 1084
507 1607
1104 1284
131 376
672 1590
1505 533
118 498
1144 550
309 184
1611 1474
1712 543
1457 1873
1744 151
1559 695
1551 486
1821 111
489 870
810 1598
411 949
1141 604
510 617
595 1561
931 743
714 64
384 1328
828 396
644 1836
231 325
1244 717
566 1334
1332 1102
1878 1487
1230 848
90 116
1190 1395
1560 1438
1079 1484
247 1658
468 353
1415 202
1386 843
264 163
673 1855
978 1373
62 779
1879 322
949 1575
1439 135
1066 1402
1844 756
1833 1113
882 1880
1425 1353
101 842
229 1467
792 1731
643 909
1519 1517
442 291
1112 1911
478 1062
353 1521
146 1398
1657 1724
1850 814
896 1049
1023 504
870 1139
1713 320
1823 488
397 654
1116 228
557 1217
16 684
1590 1281
874 99
336 665
356 182
967 1848
632 1434
478 1800
991 206
1149 1604
704 1382
643 1771
440 662
1658 388
1243 185
1610 1905
772 1645
1700 676
451 470
1793 1950
162 67
891 402
890 1457
1562 665
951 768
888 303
1790 89
232 886
339 1632
1587 1885
904 272
803 744
1688 1489
1756 714
1323 488
841 631
501 945
863 1985
790 1471
492 299
911 683
835 939
1103 113
1574 1175
975 1171
641 1343
1747 693
1505 580
397 1322
775 1424
123 566
1892 613
1437 1847
156 1822
426 948
1752 85
399 1197
1151 1989
684 1084
287 162
1699 1328
584 1535
268 837
798 1905
682 1126
911 1349
1305 1022
680 156
1161 276
1879 355
1494 1225
1480 1242
1052 469
1225 1702
1155 836
1266 623
285 285
1100 1971
149 887
1145 1962
831 1667
941 1411
1509 563
381 107
680 1157
1136 771
1021 1616
612 1714
1440 1534
1885 1698
1896 419
597 19
811 1397
674 303
684 730
406 1052
1065 549
74 508
163 1126
186 695
632 355
868 262
1214 226
1297 852
431 1240
296 546
261 344
1647 1174
414 495
1734 57
773 1923
194 154
170 337
818 1333
137 1211
1271 887
279 383
1011 1329
297 183
72 670
1811 1853
1521 466
96 1144
318 1712
774 1955
925 1720
1190 838
1592 865
586 1743
865 1107
279 1550
916 1655
1307 1504
919 373
1417 1053
1000 503
1146 1793
314 563
771 364
1382 649
616 1172
1877 659
991 63
1874 1400
1123 1682
1251 679
937 365
1884 216
539 1389
1556 1303
1748 982
80 1347
1828 1767
1712 184
1097 1104
1143 286
1729 1207
1474 1714
1480 1633
623 1909
1323 1147
639 1076
132 1904
397 1679
1133 420
382 728
342 1878
114 1110
1794 445
1537 1567
133 567
596 126
1183 1377
669 569
225 1466
393 1766
35 907
829 1494
233 821
1773 1953
1405 964
375 1583
1682 1297
1304 1119
1057 1868
364 915
1126 374
1824 1468
889 1788
895 845
1404 1773
182 599
1867 162
1591 1300
782 426
1038 1321
646 55
1547 995
1161 391
1023 1540
1402 1082
1446 1085
1563 186
1083 1483
1830 1262
1062 1855
450 274
341 1606
189 1453
547 1379
792 40
1612 1751
1263 702
1713 441
1862 1285
749 1252
207 885
320 1303
838 684
1160 1983
363 1961
1676 37
586 1072
883 1259
246 1562
1633 854
909 1186
72 1311
278 1299
1295 1437
1444 467
1766 257
1552 1779
212 1499
1384 1480
117 1987
929 10
469 178
1564 206
1721 1684
66 53
1721 1684
286 1945
700 1572
312 1346
551 1691
1155 1701
315 801
84 479
919 966
1897 652
266 672
1287 738
1530 441
731 480
1053 1031
831 1354
1173 722
1256 229
165 388
1402 1085
723 1709
466 546
561 53
878 118
696 356
519 497
1758 261
1311 100
1732 1044
1515 788
1116 1171
1076 569
1846 1743
1834 961
1660 1161
1310 1574
1391 42
1095 172
365 913
1884 1722
978 978
68 1944
1711 29
1504 1773
1189 331
514 1904
170 955
1231 744
1802 1892
295 1914
1880 1541
134 1106
1506 989
531 989
943 1730
1334 1581
1348 1269
1537 1182
425 1388
1060 1919
1655 284
1732 1534
1472 6
1020 1488
656 562
1897 1555
1337 960
260 1818
497 1711
1451 807
881 20
19 16
1625 206
314 967
1026 681
1305 15
1543 1188
75 1077
508 724
1055 230
1492 908
1540 1013
1299 1398
1192 853
621 600
647 1303
1718 1375
890 1770
407 97
624 1005
1174 1159
380 768
587 1946
781 555
1184 914
1482 332
467 1421
1069 1993
1755 407
1830 1817
205 75
267 209
1317 1775
1082 982
1336 610
1845 486
1789 563
756 969
968 303
1683 1577
1059 1307
960 1404
753 189
1619 1928
365 1593
1729 1573
1466 1326
1661 355
476 1116
1855 129
423 341
610 729
854 1323
1587 107
1652 176
1375 1138
101 1279
972 1994
1727 978
270 1553
938 1217
796 1748
718 1943
914 228
740 1986
1734 1371
1017 203
998 1693
1646 1346
1820 596
1267 889
1294 1957
1237 74
624 1932
1696 1295
306 1577
1007 1304
905 1634
35 510
661 1535
190 1510
52 1721
996 232
1446 1704
475 962
1900 902
1870 1158
1052 1646
280 74
1770 630
1584 1402
712 1980
769 1509
1306 75
695 1530
913 378
534 1603
1505 471
770 1786
1014 1325
1615 120
1488 607
970 1886
83 1250
1685 2
757 134
239 953
600 1985
100 1713
344 1924
607 1474
1642 1495
1707 139
1777 1711
1218 1485
1490 448
643 1491
435 1556
593 206
258 1240
1350 512
39 1102
1548 477
94 1189
1339 228
916 1018
1764 644
735 476
626 1170
162 1698
1454 178
688 996
1707 1867
1723 793
1156 1090
506 136
956 1513
469 1022
1035 1978
1807 965
1512 1943
330 1590
1353 1381
1077 191
482 1195
459 1363
15 623
72 524
469 805
1892 1223
1413 254
1583 162
359 1687
570 1201
126 1315
1596 230
1227 206
1379 655
1217 479
503 1469
1412 202
555 1674
718 1469
1691 953
961 1749
1553 1218
1594 356
1408 1184
1473 849
469 1558
562 938
577 125
792 48
988 1624
1836 62
340 864
939 714
1401 832
77 1633
276 1361
1416 1322
1094 1543
380 1379
1809 1275
118 758
1426 1330
1783 1923
1386 786
260 150
1182 1240
1611 201
784 752
274 197
728 1287
1601 230
33 1340
669 243
684 898
419 1294
1151 839
345 647
529 1954
37 797
12 944
1443 56
1267 478
17 1133
63 1553
1107 720
1131 1361
717 1316
256 1940
1494 343
741 1736
862 1554
1322 325
284 707
905 845
660 1508
47 811
1742 618
960 210
1864 1762
294 55
1740 1040
1806 936
1367 234
298 1658
225 1617
195 1292
771 1088
782 577
790 336
1222 118
1373 156
1669 834
1610 347
8 415
551 652
244 1394
109 104
180 71
1377 259
293 1281
873 1380
1061 477
1700 359
1887 497
37 1874
1506 280
1224 1116
907 1078
1046 1905
629 675
1877 1626
1013 451
716 1271
33 442
1264 1347
1684 52
1593 967
894 165
1756 498
303 489
534 1951
1181 883
887 1774
1555 192
1829 48
674 1580
33 1845
1856 1105
537 1851
362 383
1202 209
1533 1256
1158 936
1617 1747
1423 1277
783 539
1389 856
1733 253
1142 141
1394 1503
1769 1211
1592 256
1684 567
1369 510
1743 1912
1538 123
605 168
1807 1473
813 1566
734 1532
932 1135
1010 847
1611 224
429 1265
1305 1062
1779 15
519 671
12 217
927 1909
740 1133
1193 30
82 1516
1533 1602
511 1764
1779 685
550 1442
723 1520
1027 1719
34 1686
1266 1689
204 1206
250 646
1031 555
1835 1035
278 1784
1636 1752
738 1778
1435 1562
292 1544
499 1007
1762 90
742 1111
825 1172
957 602
287 667
132 258
1595 333
496 666
1468 1040
1263 492
531 1339
1148 495
831 1535
584 1997
154 477
464 1118
1223 1239
777 258
969 68
736 861
1287 1052
556 379
1255 586
1097 1876
17 1866
1652 1620
1029 438
574 1099
942 855
1608 1390
36 179
776 847
1578 1625
1184 1607
1329 42
1317 1156
1378 1033
186 612
1361 190
168 5
3 554
1556 92
956 513
1407 1750
1312 156
801 217
766 1398
1644 906
1363 629
572 63
1454 929
719 567
21 1732
689 1453
1344 494
1287 1657
690 1781
537 1993
391 1676
822 706
1578 1782
1302 172
1615 1292
1831 857
237 1589
713 1788
1831 1519
1297 619
794 1856
852 1613
1645 410
114 1484
1537 974
1741 1738
986 1769
1769 103
341 1876
538 1105
1439 495
669 1168
1464 463
34 1586
469 841
1516 1871
1375 1516
1830 1703
147 479
1825 217
371 197
997 826
1150 1423
1694 355
951 1690
947 1129
127 671
471 1366
700 1492
770 878
967 167
1879 1804
1867 1883
861 913
366 1078
1311 1202
337 941
1311 523
351 269
168 577
582 1452
1789 904
185 1033
899 751
907 1838
235 8
1308 855
1101 313
1788 1624
1170 1762
978 1067
1857 263
759 1586
600 496
561 1145
1568 1224
1489 420
345 1876
1893 1080
966 1619
398 528
136 1327
347 396
537 1754
1629 785
1076 1737
766 1324
1548 359
1230 402
1371 860
688 733
1721 764
199 1595
88 1372
1128 1282
687 553
621 317
825 755
1073 1182
974 1505
424 1001
575 1301
668 1841
252 1936
492 1831
890 1693
343 542
340 1082
1891 1075
1613 1531
937 906
1124 1687
1537 687
1133 103
733 313
1623 424
1824 980
367 690
1135 1448
