2000 586
0 1
1588 1
9 34
14 34
2 41
35 38
12 32
20 34
13 37
5 42
16 37
12 38
26 32
21 38
24 44
7 43
26 37
6 31
14 38
24 31
32 44
8 45
22 39
35 43
18 40
35 44
32 36
7 30
33 35
0 36
3 44
4 38
19 45
29 30
20 43
21 36
26 40
15 35
32 42
9 45
16 40
8 34
27 35
22 41
36 41
6 38
23 42
32 37
35 36
19 44
12 39
22 36
25 42
17 35
18 33
17 41
12 43
20 41
5 44
20 31
1 40
16 32
1 32
10 45
5 32
1 42
21 39
0 30
23 39
14 43
6 39
12 44
41 44
33 37
34 39
25 39
16 38
9 31
23 30
32 38
23 37
4 40
14 37
23 45
8 43
16 45
42 43
5 37
25 31
1 33
38 44
15 32
22 45
3 40
36 45
2 39
2 31
1 37
7 36
21 45
29 44
24 32
4 35
33 38
32 43
2 36
28 32
12 35
26 36
28 34
5 33
35 42
15 31
8 31
5 36
12 30
18 42
31 43
34 36
7 41
6 40
7 44
5 35
25 33
31 42
15 38
16 34
1 44
4 41
6 32
40 42
9 35
6 35
18 31
28 35
18 38
15 45
31 37
1 30
2 42
12 37
24 41
43 45
39 40
5 43
10 40
5 39
29 31
4 37
17 32
16 36
17 40
14 36
0 39
8 30
2 45
11 31
3 35
2 33
23 31
11 37
14 30
13 43
2 30
21 37
10 42
41 43
0 37
38 41
33 39
1 31
35 41
34 35
2 35
15 30
36 44
25 37
41 45
12 45
31 38
33 42
27 42
1 34
20 35
19 40
3 41
14 41
37 40
5 40
28 43
25 40
29 37
6 45
6 30
37 44
11 39
21 42
19 36
27 37
36 40
29 34
7 40
20 36
6 42
25 41
11 32
13 31
10 43
21 35
27 36
25 45
7 38
36 39
37 43
27 40
17 45
21 32
16 39
33 36
14 39
1 43
20 40
20 45
10 30
39 41
13 42
4 30
2 32
34 43
34 44
28 37
22 44
19 30
1 36
22 33
13 40
7 33
34 41
0 31
4 39
14 42
22 34
4 43
28 42
27 41
13 38
7 39
29 35
14 31
6 43
17 39
1 38
29 43
2 44
29 32
30 31
31 39
21 40
7 37
11 42
26 31
28 36
22 43
15 43
6 36
24 30
19 41
8 41
25 34
15 33
10 36
18 32
1 45
19 33
10 38
21 30
11 33
26 33
38 45
39 44
11 45
23 40
31 32
17 43
28 45
7 35
24 45
35 37
30 39
10 37
17 42
24 35
1 41
15 44
33 45
0 40
25 38
5 30
39 43
21 33
41 42
5 34
4 34
4 32
39 42
36 38
18 39
8 32
8 37
0 41
4 45
28 41
23 43
24 43
25 36
9 30
25 32
44 45
18 44
16 42
29 39
0 35
17 34
26 39
14 40
11 36
23 35
24 40
5 31
23 41
10 35
24 33
30 45
3 32
24 37
20 42
12 42
19 34
2 43
14 45
27 39
11 40
18 37
34 38
11 34
24 39
0 44
28 33
17 30
3 43
29 45
16 43
18 36
12 34
19 43
14 33
20 38
19 35
22 31
26 44
11 44
9 38
25 44
18 30
42 45
27 44
22 37
26 45
6 44
9 32
21 43
38 39
13 36
9 39
19 38
23 34
24 38
7 32
2 40
19 37
27 38
3 45
18 43
4 42
16 31
4 31
31 41
29 33
31 33
15 40
12 40
18 35
32 39
3 37
29 41
8 35
13 41
9 33
10 34
28 31
3 30
27 30
17 37
11 38
13 39
14 32
8 39
8 36
0 32
20 33
37 39
16 30
21 34
3 31
3 38
37 41
36 42
15 34
21 41
26 42
12 41
26 35
36 37
34 45
3 36
8 38
23 32
19 31
3 39
30 34
10 44
31 44
7 34
33 40
9 44
40 41
9 37
23 44
11 43
8 40
32 34
38 43
12 33
23 36
7 45
21 31
13 33
33 44
16 35
36 43
26 38
8 44
25 35
6 37
22 42
24 36
0 38
0 42
11 30
34 40
14 35
3 34
0 33
31 40
27 32
26 41
18 41
33 41
15 36
15 39
39 45
19 42
5 45
15 41
20 37
10 33
3 42
31 34
19 39
2 37
23 38
30 40
10 41
0 34
7 42
6 41
31 36
38 42
10 39
33 34
43 44
27 34
9 43
22 40
2 38
17 31
30 42
29 38
19 32
30 43
17 33
11 41
37 45
9 36
28 38
25 30
8 33
40 45
22 38
32 33
16 33
15 42
22 35
8 42
12 31
17 36
12 36
22 32
6 34
35 40
0 43
24 42
35 39
15 37
9 41
13 44
13 32
20 30
23 33
26 30
40 44
14 44
27 33
17 38
5 41
38 40
32 41
9 42
42 44
3 33
10 32
2 34
11 35
29 40
33 43
27 43
29 42
5 38
31 35
0 45
35 45
26 43
30 33
6 33
27 45
13 30
25 43
1 39
28 44
20 39
37 42
37 38
20 44
30 37
29 36
17 44
30 36
9 40
32 45
21 44
16 44
18 45
26 34
18 34
16 41
10 31
32 40
31 45
32 35
27 31
13 34
30 32
30 44
1 35
22 30
30 35
