100 2000
0 1
59 1
38 46
18 24
40 44
7 23
28 48
50 61
19 25
29 62
20 54
25 62
7 51
57 62
17 55
25 64
31 59
18 28
20 56
30 48
28 64
20 57
36 50
9 42
19 52
5 11
47 56
38 40
29 46
5 46
25 63
6 32
23 64
3 45
26 40
30 32
15 19
26 57
1 54
46 56
3 50
0 26
3 49
22 52
19 50
13 49
16 41
8 45
25 39
46 50
25 26
45 51
16 21
20 32
11 15
42 52
5 52
13 63
0 24
16 42
28 47
11 40
11 18
3 21
43 51
2 34
26 46
2 46
28 46
6 61
29 64
8 59
44 47
8 43
57 61
10 47
17 29
27 35
27 56
24 48
43 62
21 26
12 16
23 42
1 17
26 37
24 28
22 54
52 59
49 55
18 23
53 60
25 61
20 26
44 46
24 62
40 49
1 21
1 64
6 62
1 60
30 57
12 34
38 52
7 46
54 63
27 33
21 64
20 48
35 60
18 63
31 46
20 46
58 62
44 64
14 32
11 47
18 27
30 52
29 61
8 25
19 61
7 40
21 22
23 51
4 54
47 50
29 33
26 45
2 14
18 25
33 57
45 57
6 23
32 51
1 4
18 30
36 56
13 52
12 57
16 63
5 38
16 30
5 20
9 55
21 51
13 18
41 55
15 28
35 53
49 56
29 36
3 59
4 10
15 49
24 27
0 22
17 44
44 49
55 62
14 36
0 3
23 34
47 48
4 24
29 53
26 30
41 51
30 62
8 58
33 50
33 35
18 22
30 34
45 53
7 64
29 44
30 39
23 28
16 27
2 25
30 50
45 48
2 9
39 63
2 26
28 42
8 30
31 43
51 55
29 56
9 53
41 44
1 18
46 47
29 51
51 59
4 27
2 49
40 54
27 62
15 43
32 35
1 51
19 30
0 51
38 56
0 23
21 35
2 29
15 38
4 50
20 30
26 51
0 43
14 54
20 23
33 47
4 34
50 60
5 33
0 11
48 55
1 5
47 60
41 54
13 32
37 63
14 51
14 59
2 12
19 32
33 58
6 14
46 62
11 36
31 61
29 59
49 58
12 39
17 52
3 39
44 58
5 7
3 17
1 26
6 45
27 45
41 52
8 22
23 47
28 63
39 45
7 8
28 34
29 54
29 42
22 30
21 53
7 49
23 61
14 41
14 61
37 44
13 60
37 38
21 40
6 54
28 55
2 15
4 17
8 33
41 62
14 29
38 50
7 38
31 39
33 60
12 49
21 46
40 45
2 50
31 54
4 63
0 7
24 42
22 23
23 32
2 36
27 42
33 48
53 56
35 57
14 58
3 52
54 55
23 30
23 33
7 22
16 31
10 13
54 56
42 54
11 54
10 37
13 15
37 54
52 58
2 53
25 33
14 35
45 62
1 43
30 54
6 19
14 46
1 22
8 31
3 51
25 44
21 28
4 16
21 63
23 31
18 57
9 37
27 28
3 42
29 38
2 6
16 39
1 42
9 47
35 56
12 64
17 37
10 41
43 46
7 16
19 39
40 46
17 40
54 62
48 63
1 46
0 16
6 60
3 22
16 60
9 27
23 63
27 29
5 55
43 55
28 59
19 48
6 46
42 62
5 29
2 44
37 41
19 49
50 52
24 50
30 46
12 18
12 21
24 51
47 51
6 47
9 61
6 26
5 24
9 43
30 47
2 21
39 43
55 56
14 49
45 56
7 41
52 57
9 17
23 45
14 31
5 13
3 41
1 8
17 31
12 28
28 37
21 56
15 61
3 31
6 59
19 46
2 63
12 46
16 34
21 33
18 31
15 34
33 36
3 29
3 18
0 8
17 56
38 58
33 54
47 55
10 21
17 43
27 31
1 27
10 22
4 56
5 39
20 43
43 45
26 39
21 32
52 55
0 63
8 41
19 58
9 56
37 51
1 19
32 41
20 59
1 31
8 37
33 39
25 56
22 25
38 64
30 42
31 63
9 34
3 27
12 62
33 56
26 36
16 17
39 48
22 58
33 44
4 9
35 38
12 13
3 40
3 16
6 33
33 40
3 61
24 47
36 52
22 46
11 50
9 39
1 9
15 55
27 50
46 63
50 54
6 49
10 64
17 20
10 25
22 36
12 54
35 48
15 64
22 40
6 58
12 48
18 64
29 63
19 41
27 47
25 57
28 52
9 46
7 18
27 52
33 43
43 47
26 44
2 17
44 51
3 24
41 49
13 53
2 4
22 24
22 43
38 62
6 17
15 32
13 62
2 31
34 45
41 56
14 57
21 59
26 59
5 26
15 53
10 57
57 63
36 57
12 14
32 44
21 47
1 45
19 62
39 52
9 35
28 35
13 38
22 60
2 55
40 48
22 27
23 37
13 44
7 34
17 22
14 55
27 44
10 32
29 43
10 45
18 56
42 44
35 50
17 23
37 60
18 54
11 63
32 57
5 23
13 41
39 47
23 43
25 32
38 45
31 41
9 63
32 60
23 35
27 63
23 58
11 41
48 62
5 17
21 52
34 39
23 26
4 18
29 50
14 44
26 58
47 63
11 51
16 58
2 13
4 33
14 19
9 48
19 37
8 20
8 60
4 36
42 60
45 55
50 56
35 47
53 54
3 63
19 36
0 10
14 28
10 19
5 28
0 12
6 44
2 42
46 49
31 49
39 57
0 6
4 29
6 43
16 28
11 19
38 61
14 47
38 59
21 58
15 26
41 42
34 49
40 43
36 63
5 48
9 15
10 31
2 48
21 39
17 32
10 17
4 35
24 55
1 47
26 60
6 34
32 42
3 37
44 62
8 44
26 27
31 36
40 53
23 39
52 61
22 61
41 43
19 55
1 44
22 63
25 41
52 62
1 40
39 40
0 60
51 57
47 49
6 13
12 22
29 45
21 43
55 60
5 53
1 12
18 43
0 17
24 25
12 17
24 52
4 15
44 45
5 47
31 38
34 38
13 57
8 38
4 26
0 20
21 54
20 40
14 50
45 59
34 48
21 50
27 40
0 30
12 55
20 60
41 47
10 53
6 25
9 60
4 19
25 48
26 62
15 33
5 21
30 61
24 40
24 37
6 37
21 48
51 60
18 44
9 57
11 29
27 59
45 50
10 60
34 63
18 49
28 50
23 46
43 63
6 12
12 56
23 52
32 37
25 59
13 59
11 21
17 54
9 49
1 23
40 50
47 62
14 26
37 46
14 48
20 31
3 62
31 52
1 10
6 48
6 29
38 47
32 43
28 56
25 36
3 43
37 47
13 55
21 24
12 44
3 34
7 21
7 37
35 37
10 54
36 55
2 24
41 45
22 45
5 56
34 61
8 53
21 45
4 41
43 60
0 9
4 12
16 49
34 37
44 48
51 61
13 16
35 45
5 63
8 9
11 33
4 22
12 19
13 64
10 26
3 6
11 53
54 58
51 56
0 49
35 46
7 57
29 49
22 39
10 18
13 51
27 48
41 64
31 62
49 62
19 53
43 56
24 36
2 38
1 16
25 30
4 25
56 63
5 14
32 33
2 51
10 62
31 45
43 59
3 9
25 42
4 44
36 39
16 57
33 34
8 35
48 60
18 34
8 23
19 51
13 29
12 20
7 17
6 55
0 14
3 38
5 25
2 56
8 47
44 57
20 61
21 41
2 11
15 51
19 23
36 54
0 29
43 44
3 19
13 22
18 37
16 47
23 25
36 53
22 28
3 60
19 26
9 45
27 54
37 55
31 56
6 16
10 56
2 5
7 45
48 54
38 63
19 28
30 33
9 13
9 36
24 31
1 49
13 37
1 36
32 40
27 34
50 53
5 32
20 50
26 41
13 17
5 30
13 39
5 35
15 29
1 62
2 27
7 59
43 61
2 7
17 24
28 60
8 24
17 36
52 63
18 52
29 60
34 46
25 55
16 53
1 13
1 28
6 24
3 30
0 48
7 61
11 46
12 27
58 61
13 36
17 28
11 32
4 61
32 56
40 59
13 58
36 43
2 58
16 50
26 29
31 42
24 54
0 57
12 30
34 53
47 59
5 58
17 41
0 55
31 58
5 16
15 31
6 41
55 58
24 64
14 24
31 37
4 60
35 59
20 63
46 52
5 37
38 60
17 59
8 19
27 38
27 30
52 53
4 21
37 49
6 51
60 61
19 54
11 13
18 51
41 50
4 46
30 63
19 42
12 37
28 54
44 63
54 59
36 61
17 18
14 56
19 24
46 55
24 58
23 24
26 61
38 54
27 36
24 26
17 62
8 42
47 54
46 48
36 41
16 54
14 53
27 43
20 52
7 58
16 22
18 61
17 60
2 28
5 19
16 24
25 46
31 57
36 40
34 54
3 25
15 62
25 31
2 39
45 47
6 21
51 53
41 63
26 55
37 42
28 33
40 42
32 50
41 57
29 57
0 44
32 55
8 18
4 38
31 33
15 46
32 49
50 59
14 23
20 29
13 14
18 19
2 62
3 12
6 63
19 27
0 13
10 44
60 62
16 44
17 33
15 35
20 47
46 57
22 26
14 43
31 53
8 11
15 58
14 40
6 39
27 53
40 51
8 10
37 58
28 41
42 58
14 18
13 48
0 19
30 38
33 59
21 44
32 34
26 48
1 30
18 26
48 58
28 32
1 55
23 27
26 63
15 27
36 38
43 58
25 37
34 40
24 38
5 43
19 56
21 55
5 51
17 27
10 43
20 35
2 16
10 20
44 59
12 25
6 8
1 56
36 60
8 50
17 26
38 44
3 32
10 46
11 14
38 39
14 25
10 30
47 53
0 50
10 14
12 51
7 11
3 64
5 40
3 44
1 38
9 14
42 43
9 24
10 16
48 57
17 39
19 47
22 59
12 23
0 31
19 33
33 46
47 58
22 29
24 59
9 59
23 41
36 45
7 25
30 37
4 31
32 64
35 36
7 55
49 53
9 64
11 22
12 26
26 64
31 35
15 39
34 62
35 42
0 61
16 38
7 50
34 41
13 19
22 47
6 31
15 45
58 63
55 57
23 44
52 60
0 52
21 34
5 62
30 41
5 60
5 42
19 21
26 34
7 20
33 49
35 52
15 24
20 33
20 38
2 22
16 20
30 59
55 63
17 64
39 53
18 39
33 63
0 27
15 30
13 34
31 51
3 35
6 36
11 61
44 52
37 52
50 57
24 43
18 33
0 64
4 6
35 54
16 52
14 37
37 59
15 25
20 24
37 53
36 47
42 49
40 64
16 40
17 53
13 61
17 49
26 54
6 30
20 36
10 61
46 60
37 48
18 20
53 63
2 35
22 56
24 39
48 52
40 41
42 59
33 55
5 57
28 58
5 15
13 30
34 42
16 29
35 63
16 35
14 62
42 53
48 51
56 58
30 51
20 27
0 62
18 35
0 40
22 33
32 36
6 9
14 21
53 57
26 49
10 38
43 52
16 32
23 38
8 28
26 53
27 39
4 20
9 38
22 41
18 21
15 59
1 33
24 32
12 29
35 61
26 56
2 18
53 58
1 32
50 55
39 50
43 64
16 45
43 54
9 41
41 53
41 48
14 63
6 56
3 10
23 48
0 47
45 49
52 54
7 60
1 24
6 7
49 61
39 51
43 53
18 48
27 64
5 59
12 24
12 31
6 64
38 55
20 49
16 46
11 56
14 42
14 20
56 60
46 59
4 13
44 50
8 63
15 54
36 48
4 48
30 60
43 57
13 45
46 51
14 16
21 61
24 34
0 37
55 61
13 50
37 39
21 23
8 15
42 51
39 62
8 29
1 15
19 60
51 54
42 45
33 53
30 58
15 37
34 56
52 56
44 61
2 43
17 57
39 46
11 39
20 55
35 62
22 50
18 32
28 39
1 53
37 57
28 53
29 32
9 52
4 40
17 46
20 37
48 49
2 37
15 42
18 60
13 42
2 23
4 43
20 42
18 36
43 50
15 20
32 61
10 51
28 40
0 2
57 58
1 34
23 56
8 49
0 58
9 58
10 39
20 41
54 60
3 55
12 58
10 34
11 25
53 55
41 58
40 55
33 64
20 21
17 30
15 36
20 28
36 51
9 44
14 33
19 22
12 59
0 5
8 36
40 57
11 26
34 36
34 57
32 47
25 27
10 48
15 52
34 64
45 58
25 54
25 50
8 48
22 53
39 59
15 17
16 51
46 58
2 30
11 64
33 41
0 4
6 52
23 49
24 63
46 61
21 29
23 59
16 18
4 39
7 35
41 61
35 41
6 40
13 24
27 51
10 23
2 54
4 14
10 29
14 64
22 32
9 32
22 62
28 29
49 63
18 53
1 63
12 50
10 28
7 29
9 62
7 62
17 58
58 60
15 48
28 45
7 14
37 40
26 32
11 62
0 34
10 42
25 45
39 49
34 59
29 55
21 62
56 61
9 40
9 21
17 47
42 64
10 55
32 62
25 35
9 11
5 36
13 27
3 13
47 52
18 50
17 51
16 25
41 60
17 45
32 53
6 11
0 18
8 54
53 61
27 49
5 49
30 56
0 28
15 56
30 49
5 50
40 56
29 40
7 30
1 3
4 23
35 39
9 33
9 12
42 46
1 7
39 56
56 62
29 48
23 62
4 51
39 61
8 46
16 36
29 39
8 62
47 57
8 64
13 35
25 43
7 56
38 43
14 22
18 45
38 57
22 64
0 56
35 40
8 39
5 61
22 57
24 53
26 43
20 51
25 58
0 33
36 42
30 53
7 12
20 58
24 44
14 52
19 64
10 33
4 64
8 55
0 45
33 45
16 23
32 58
4 57
19 59
6 38
37 50
2 20
16 37
8 56
40 52
18 38
26 31
36 64
35 58
25 47
1 11
49 51
11 28
7 63
43 49
25 60
3 5
4 49
14 17
1 61
11 20
8 13
1 14
9 30
16 33
19 57
38 49
0 32
26 52
10 52
2 60
42 63
15 57
28 44
19 43
2 59
2 33
17 34
40 47
53 62
24 41
30 44
15 60
34 47
26 28
45 54
4 59
36 37
16 64
31 64
23 29
1 39
19 35
21 42
3 23
48 61
18 62
30 64
34 51
3 33
32 54
36 44
32 59
7 9
13 31
21 49
27 61
10 12
27 46
7 36
8 27
38 53
31 34
48 56
0 36
12 38
15 63
46 54
31 55
22 42
16 26
31 32
5 10
24 45
51 62
10 11
28 51
26 38
5 12
24 61
6 15
22 38
9 31
32 46
16 55
31 60
32 39
7 28
40 61
2 40
11 34
4 45
18 55
11 23
8 57
27 60
7 31
12 15
2 45
26 47
13 26
39 64
45 63
4 37
31 48
42 50
16 62
32 63
8 21
18 47
25 28
28 43
13 56
57 60
5 45
8 16
39 44
62 63
22 48
55 59
9 51
9 16
7 39
1 20
12 35
29 37
11 45
21 30
0 41
17 35
24 30
29 47
36 46
12 52
1 35
61 63
17 38
8 14
17 48
34 44
19 34
10 36
28 49
0 39
17 50
13 20
2 32
9 54
4 52
19 29
24 56
12 32
2 8
6 50
27 41
56 57
37 64
21 31
6 10
6 20
30 45
45 46
21 27
6 28
11 59
9 29
3 36
16 61
10 35
7 33
26 42
5 34
22 35
16 48
12 43
0 38
11 38
6 18
10 40
1 41
27 58
14 60
20 53
16 56
38 42
24 33
43 48
5 31
13 43
60 63
18 58
9 28
41 59
50 62
48 59
11 37
33 37
34 52
16 19
24 60
13 33
49 60
29 52
45 52
17 25
19 31
3 53
23 57
6 22
10 24
10 50
11 55
8 61
22 31
45 60
13 28
4 62
11 17
28 62
34 60
1 6
19 44
44 60
6 27
10 63
54 57
17 63
46 53
34 58
12 45
4 42
19 45
12 63
49 54
20 34
32 38
30 43
36 58
13 40
24 57
32 48
4 53
0 15
12 40
49 50
20 22
30 35
22 44
36 49
42 47
8 12
11 52
42 56
7 53
34 55
3 15
23 50
11 60
34 35
35 44
5 44
0 35
11 57
1 59
28 57
21 57
27 37
3 48
42 55
6 35
48 53
44 56
20 45
11 31
18 42
6 57
21 37
37 43
49 57
10 59
15 23
10 27
39 55
13 21
4 28
40 58
20 62
19 38
42 57
3 58
14 34
2 41
18 40
12 53
21 60
8 40
9 18
1 50
21 25
25 51
28 36
27 57
22 34
29 41
31 44
20 25
29 31
7 24
51 58
40 60
18 29
9 20
20 64
11 30
3 47
26 35
11 58
15 21
25 49
8 34
3 46
25 53
2 64
30 55
3 11
47 61
23 54
0 25
17 19
7 10
7 47
48 50
32 45
7 44
7 32
4 30
10 15
40 63
38 48
31 47
7 48
9 19
21 36
20 44
37 56
39 60
14 38
45 61
5 41
53 59
14 30
12 33
15 41
3 54
11 35
56 59
2 52
35 43
23 60
4 47
23 40
1 37
5 64
12 60
2 10
39 42
24 29
25 29
40 62
30 36
32 52
11 43
42 48
39 41
15 50
15 18
24 46
0 21
44 54
11 42
29 35
15 16
0 42
44 55
2 61
3 26
37 45
28 30
6 42
16 59
34 43
8 26
25 40
12 42
1 25
37 61
22 49
39 58
30 40
31 40
9 26
35 51
8 52
22 55
39 54
33 52
11 27
12 61
0 53
5 8
19 63
50 58
7 42
44 53
4 7
1 57
1 48
28 61
35 49
15 47
7 27
36 62
3 20
33 51
25 38
24 49
38 51
17 61
57 59
23 55
51 52
33 38
14 39
18 46
36 59
13 54
50 63
22 51
3 57
29 58
15 40
4 58
11 49
4 8
49 52
11 44
7 43
12 36
31 50
38 41
13 47
30 31
34 50
7 54
37 62
42 61
33 62
28 38
58 59
7 19
33 42
29 34
61 62
2 47
23 53
14 27
7 15
35 55
41 46
35 64
54 61
49 59
25 52
26 50
1 52
10 58
5 22
0 54
9 23
13 25
0 46
18 59
51 63
12 41
4 32
50 51
9 22
27 55
8 32
33 61
