100 2000
42 40
54 31
95 26
14 71
21 33
33 43
80 22
29 51
14 97
8 10
21 90
92 15
79 46
57 11
1 69
87 3
23 11
4 95
10 31
76 14
13 48
22 59
14 94
72 59
25 45
20 37
97 73
13 5
62 96
69 80
58 44
23 77
98 85
86 53
38 60
98 42
54 37
36 37
55 89
25 26
41 100
60 73
48 69
78 22
91 31
60 60
37 79
76 29
90 88
54 90
91 41
85 99
55 72
57 39
31 78
88 38
25 41
63 96
84 9
44 89
82 55
23 33
70 29
12 27
85 44
97 15
94 19
63 12
75 79
43 23
85 63
94 11
70 55
13 68
36 81
69 70
9 9
36 96
70 74
44 5
10 61
50 24
39 97
85 58
49 71
12 77
84 87
51 85
90 46
80 26
93 95
95 14
35 42
18 80
53 7
28 61
23 59
72 87
91 8
20 42
86 50
67 71
63 66
30 22
49 86
64 26
32 48
63 7
93 43
57 26
2 36
74 24
39 22
17 97
57 84
51 55
85 54
15 70
92 59
13 91
94 6
77 91
37 73
53 83
96 22
50 69
30 80
61 77
48 60
77 71
56 100
88 70
41 54
95 87
8 74
81 61
98 58
89 66
16 14
50 33
5 63
61 14
8 14
72 59
11 5
3 25
17 60
65 13
28 19
12 10
33 63
81 38
97 9
50 54
88 70
33 40
84 42
19 87
5 2
70 78
75 42
12 38
99 22
33 7
3 6
58 19
75 94
6 84
0 32
5 31
9 96
39 48
49 24
81 76
65 93
56 26
75 77
0 15
53 62
16 54
1 65
56 49
91 45
88 19
64 82
16 11
38 47
27 74
64 34
80 26
90 78
91 88
61 58
80 96
90 52
38 31
2 23
34 92
77 6
60 91
61 21
17 86
7 82
20 41
98 66
93 63
58 63
74 85
10 23
52 81
94 41
74 4
33 36
94 43
23 23
51 88
77 83
0 93
54 54
77 93
11 92
64 76
12 88
78 70
37 96
86 93
60 34
6 80
93 3
40 88
31 5
10 40
64 36
53 88
56 25
92 14
89 60
29 58
50 29
13 31
2 19
42 74
92 58
71 69
77 38
76 44
70 87
76 95
35 62
23 55
17 80
50 90
49 15
0 28
36 92
91 41
48 97
77 52
90 52
65 31
88 61
4 15
35 93
0 81
83 11
71 56
79 98
87 33
47 65
40 19
8 38
31 88
11 56
93 1
24 69
30 66
69 16
53 91
74 2
43 34
93 88
62 78
70 14
11 60
95 45
73 68
78 18
18 33
87 3
58 50
65 84
74 34
69 79
1 21
64 99
65 8
47 54
64 95
43 34
11 74
54 50
12 78
82 44
24 54
88 63
59 44
72 54
77 86
92 92
1 84
24 61
88 42
61 91
77 69
67 77
39 77
74 99
23 81
26 83
37 97
31 95
24 9
50 5
91 74
40 95
58 26
77 43
65 91
9 68
46 34
84 6
71 44
81 50
29 97
15 16
76 59
63 2
6 93
2 38
7 74
18 63
51 47
53 1
12 5
67 73
7 50
46 45
61 13
69 79
60 83
45 48
96 99
74 87
24 88
73 93
18 63
62 93
44 45
39 9
31 90
72 89
86 83
93 65
42 40
31 79
24 54
29 42
19 46
72 89
29 48
20 37
89 28
62 48
2 32
23 62
49 16
75 79
43 99
33 29
39 15
31 25
97 45
93 85
65 67
16 29
92 27
30 21
29 57
99 61
52 72
93 42
71 4
43 81
5 9
29 49
31 5
22 34
10 5
31 48
2 75
33 16
40 23
82 79
18 55
40 78
89 64
70 26
95 36
86 58
16 26
31 66
60 44
3 18
27 57
52 39
37 16
20 78
1 21
99 87
44 59
85 9
37 54
49 74
74 33
55 58
52 12
91 89
77 83
74 99
2 49
58 29
32 30
17 91
87 26
23 100
68 67
54 99
69 63
90 75
24 33
85 13
68 24
61 16
5 14
61 55
90 99
75 66
69 16
4 62
14 62
29 54
74 79
5 75
36 85
65 6
69 11
18 18
68 28
68 71
35 8
61 20
79 71
9 77
67 81
9 81
14 9
97 60
25 82
4 36
44 51
38 61
28 45
18 53
68 59
35 81
71 12
1 59
80 80
48 83
83 75
77 99
61 18
72 16
64 43
74 50
29 64
90 90
0 49
34 17
37 77
22 78
39 12
24 65
43 82
92 60
56 90
65 32
42 16
40 23
68 90
6 73
53 25
11 28
52 61
35 37
94 88
2 84
85 44
11 42
50 71
10 26
31 57
20 90
7 46
87 51
79 38
17 64
44 12
2 78
13 80
93 34
46 21
52 61
11 43
91 54
65 67
18 72
26 82
85 35
83 11
67 29
77 29
18 62
73 38
60 82
27 81
97 61
66 15
77 73
63 45
11 62
59 15
59 24
54 62
8 36
87 99
36 75
34 47
10 91
25 23
84 68
37 48
2 26
65 91
0 60
33 55
2 53
34 47
10 92
21 52
20 61
24 85
8 41
10 66
13 20
59 45
56 65
71 77
34 9
66 32
89 21
12 6
54 13
67 55
79 100
71 46
89 19
43 71
87 76
59 10
2 7
36 53
95 54
9 90
61 100
4 63
78 40
53 67
89 4
87 84
6 80
50 72
10 27
71 100
68 77
38 90
65 44
0 63
37 46
10 3
44 53
25 64
82 6
98 48
60 54
81 48
61 3
55 55
37 33
58 100
24 17
8 6
24 2
6 94
26 94
0 25
0 61
68 48
46 12
69 87
35 7
36 90
37 4
21 45
92 90
61 98
99 95
36 78
65 19
96 67
20 13
77 43
11 35
49 59
45 64
85 57
68 91
3 6
10 23
30 31
43 99
44 70
19 86
2 71
86 58
70 64
48 92
43 62
3 63
94 51
22 59
2 18
31 87
9 49
23 69
28 22
83 20
80 1
2 99
18 57
82 15
23 53
37 72
87 79
86 36
96 62
89 48
80 57
82 94
82 74
93 2
64 27
12 24
43 54
14 92
19 79
86 9
81 16
87 51
53 99
61 78
88 63
24 26
98 48
35 53
9 14
96 49
6 23
84 67
21 31
56 8
24 73
34 61
27 73
98 81
39 62
66 54
72 34
85 78
4 30
86 24
82 67
41 41
31 92
11 23
90 32
47 8
32 95
52 80
17 76
37 10
41 100
18 89
9 66
6 97
92 30
42 24
76 72
98 18
87 42
32 39
78 43
34 21
33 47
94 75
16 93
61 92
72 62
43 97
81 49
66 7
84 87
11 30
87 65
12 77
65 29
50 16
45 41
42 82
50 49
1 65
17 42
42 12
27 98
88 2
22 7
45 30
95 93
78 72
21 82
5 54
83 17
10 19
33 66
66 81
57 8
47 7
56 43
18 37
88 81
39 51
75 55
49 12
71 10
48 79
51 62
66 19
15 78
29 51
21 62
63 35
24 53
51 41
67 76
48 55
72 85
64 59
9 49
18 1
3 3
81 18
4 32
18 1
5 33
19 44
89 16
90 53
44 22
75 56
30 99
58 4
50 1
48 90
78 34
93 100
34 100
95 70
27 61
85 7
14 93
98 12
4 24
29 43
41 37
36 31
46 53
1 4
85 97
47 37
72 22
35 1
4 54
12 14
99 82
99 9
96 75
70 79
27 85
37 45
98 56
92 73
89 89
36 10
32 4
65 78
52 10
7 72
71 9
76 94
58 61
50 75
68 24
91 92
23 48
31 58
76 67
75 14
55 94
67 1
52 73
67 46
0 10
81 21
45 50
82 26
57 6
69 41
26 54
36 53
93 29
5 68
43 22
10 36
14 10
74 60
45 20
97 81
75 83
53 11
70 54
57 38
67 21
69 80
3 52
38 99
74 31
46 90
92 32
59 8
4 38
94 65
97 81
18 97
70 69
52 41
27 98
87 81
98 100
4 37
70 73
79 64
8 58
39 45
70 100
59 45
14 35
12 5
81 49
88 68
65 19
73 88
52 90
75 12
31 16
91 99
92 44
84 54
92 78
81 54
44 77
15 69
53 84
86 88
77 90
92 82
64 59
18 61
47 23
96 88
63 62
42 85
26 99
21 57
34 69
50 19
35 56
75 43
1 85
33 53
66 78
41 9
36 5
86 48
90 3
63 65
33 3
23 13
37 86
4 30
54 29
76 58
25 75
33 42
4 67
4 75
90 70
81 27
85 70
99 8
70 15
14 61
37 81
32 77
28 26
92 76
83 87
24 80
76 92
4 5
26 95
80 82
50 27
87 83
98 75
49 31
27 31
45 26
36 2
4 100
54 78
62 69
2 18
43 41
60 17
18 43
9 21
2 37
53 47
24 43
8 7
78 99
57 84
52 64
61 25
35 79
73 34
83 12
20 92
99 65
75 16
46 6
90 76
29 69
46 72
16 38
65 54
9 67
79 56
34 73
29 96
29 40
87 15
91 89
83 96
9 92
1 73
13 49
8 97
28 40
38 92
60 77
34 53
59 23
72 11
23 99
52 16
60 68
64 72
78 15
6 92
73 52
21 37
69 89
5 25
8 61
12 60
92 53
16 21
69 65
4 18
40 61
6 38
13 26
47 90
9 96
13 70
99 37
74 29
9 91
29 56
61 70
25 46
83 18
65 20
11 51
0 93
87 41
60 66
72 47
75 90
49 74
90 91
83 100
60 89
79 36
85 84
69 25
20 91
6 90
33 84
62 75
58 26
6 27
81 60
92 82
29 4
98 80
76 57
58 62
62 50
58 99
58 88
50 40
20 1
22 78
0 35
60 87
8 83
12 42
76 36
94 47
84 49
40 45
72 67
29 41
60 28
92 68
26 98
12 4
15 34
40 30
58 97
58 67
89 36
40 16
43 1
89 98
89 97
88 76
29 76
36 22
53 64
23 76
76 57
67 13
78 95
90 17
7 80
55 23
45 92
65 83
51 57
73 69
97 42
14 56
6 19
63 41
38 76
14 84
59 58
18 10
19 56
14 94
89 54
13 78
9 71
1 30
77 56
95 23
38 46
5 45
3 74
98 19
43 92
38 26
33 55
76 22
56 11
80 28
60 69
1 35
95 32
18 13
8 13
29 28
64 97
73 15
19 2
60 24
33 40
77 11
69 62
70 17
3 97
93 32
42 39
84 98
0 48
30 59
83 93
77 43
10 76
71 45
13 79
40 21
57 39
83 48
24 38
88 21
93 66
36 56
34 42
61 4
35 62
33 58
61 43
89 1
31 62
90 17
11 44
92 11
66 51
32 92
63 48
70 11
37 37
70 67
77 75
64 22
36 9
78 65
65 61
5 52
0 10
29 99
37 23
12 9
94 25
87 22
30 93
98 82
6 79
33 70
4 86
15 39
65 16
1 33
7 26
78 83
25 81
35 13
77 96
15 62
17 28
94 74
96 69
13 1
23 50
46 77
23 78
6 59
79 27
19 57
5 71
50 80
74 22
5 65
9 46
14 89
75 56
47 54
52 47
86 74
29 6
20 9
38 33
66 87
31 90
39 57
16 89
71 41
50 32
87 20
67 26
15 5
12 3
53 59
99 61
81 27
88 11
10 30
25 14
67 89
61 18
2 28
19 55
32 7
23 66
46 83
95 84
15 81
34 95
42 48
81 52
86 49
6 11
48 94
9 7
36 86
71 78
58 14
24 72
32 59
41 18
70 98
14 30
34 44
38 61
77 44
47 30
81 32
78 49
86 43
85 49
72 26
91 86
14 100
41 46
16 97
19 58
33 68
48 38
50 41
2 15
93 97
33 26
10 8
91 73
60 100
28 54
75 63
92 93
40 84
70 54
33 61
6 39
79 67
54 10
9 83
22 54
17 76
48 93
81 15
47 97
6 91
87 90
47 72
13 18
40 54
72 73
68 17
78 71
58 61
21 1
43 4
48 62
91 2
53 83
25 26
73 83
6 65
37 65
37 86
95 94
5 39
5 97
15 56
54 24
40 49
70 42
3 26
52 58
13 39
85 17
82 8
19 88
67 57
91 82
36 58
72 84
66 54
69 16
40 100
38 70
46 98
1 2
82 39
72 93
55 8
75 56
78 21
10 36
80 95
37 77
59 14
98 44
4 32
18 13
89 2
17 48
70 35
30 62
77 27
29 80
43 88
65 21
77 38
32 56
33 97
87 48
27 100
51 87
98 79
86 40
95 20
73 59
75 58
6 57
9 40
73 51
93 21
15 35
35 28
3 52
7 100
47 93
9 80
33 87
53 33
8 12
14 40
31 26
41 62
23 31
14 53
49 4
30 70
98 23
99 42
77 82
98 81
3 84
82 84
34 10
73 95
55 50
95 54
45 55
22 80
86 23
9 29
93 24
19 75
92 8
81 22
52 46
91 36
16 60
41 17
28 52
16 57
78 30
29 99
7 98
79 44
20 56
19 54
98 99
98 26
10 63
30 77
17 44
29 25
56 45
31 73
82 3
11 59
59 85
69 68
16 37
30 61
53 30
61 68
48 97
29 22
76 9
46 67
96 27
1 56
91 61
84 56
29 99
95 85
44 100
86 37
96 94
15 88
43 70
15 27
62 30
48 94
31 81
38 71
73 89
38 75
54 38
80 35
95 88
67 14
39 2
18 96
78 15
50 1
95 50
24 95
1 77
85 14
94 38
68 70
12 30
44 21
88 63
59 67
16 74
85 42
73 9
24 14
94 66
97 78
91 91
30 73
12 32
61 2
33 67
22 72
56 26
32 8
4 54
10 99
55 36
4 81
55 39
91 74
43 99
42 93
49 66
22 89
7 83
57 38
27 35
96 62
63 35
51 68
20 74
41 18
39 2
34 96
29 26
69 43
96 19
16 67
12 58
38 5
70 50
69 89
58 58
26 73
58 32
40 83
40 10
41 53
4 54
54 61
67 87
97 74
63 42
11 35
86 90
85 32
39 94
51 62
35 51
10 19
32 95
4 54
10 65
97 45
75 69
16 41
40 10
78 18
1 42
80 75
47 34
14 5
98 10
61 20
19 47
39 15
46 96
35 55
98 97
44 86
79 73
72 21
26 98
29 5
35 17
12 42
82 30
12 70
14 74
34 56
12 14
32 84
38 71
78 99
64 82
76 97
63 71
76 13
56 97
93 70
84 72
76 64
45 32
91 22
19 10
31 45
17 43
58 50
95 51
59 63
94 83
64 40
41 75
83 18
62 28
15 27
77 16
94 1
6 78
74 40
9 25
25 99
60 90
0 70
24 49
95 1
11 9
62 22
17 47
63 56
34 90
18 64
34 85
66 4
64 70
62 11
9 22
4 99
22 18
30 90
86 62
46 66
63 47
32 38
68 59
90 13
92 23
20 49
60 49
63 34
20 15
94 28
99 94
64 22
74 78
93 76
61 14
24 70
84 59
62 93
37 16
64 37
13 61
61 85
82 95
41 62
22 4
94 62
22 26
8 62
66 36
65 65
55 81
79 93
70 63
58 87
32 80
19 38
28 26
66 77
51 13
39 73
98 21
37 85
91 62
65 11
42 64
19 96
21 64
81 9
35 89
14 25
52 23
28 70
71 97
16 12
77 21
3 82
68 77
72 40
78 50
75 34
80 37
59 75
58 96
92 25
11 43
52 55
1 98
28 26
65 65
16 92
45 88
21 62
78 33
4 13
87 62
87 67
40 35
20 78
34 65
78 6
0 3
94 60
23 78
29 37
33 8
2 43
77 64
3 25
23 59
21 84
32 88
41 65
16 44
85 73
24 86
61 42
79 9
99 80
59 19
80 25
64 97
47 92
47 71
60 58
28 70
76 83
36 81
29 26
83 33
22 83
20 90
97 89
19 8
94 37
84 44
15 54
90 82
38 99
41 5
44 92
50 18
15 53
40 67
29 3
44 29
21 28
37 53
96 23
21 94
3 1
56 63
23 74
38 20
78 47
86 13
31 99
38 95
70 25
28 77
28 43
79 40
98 93
80 94
14 74
5 53
57 6
96 14
72 26
75 39
71 34
49 9
34 2
73 6
85 43
25 24
5 50
85 44
11 77
43 89
33 8
45 58
78 24
89 52
26 10
17 1
90 8
20 61
92 40
44 34
49 92
13 49
29 92
2 82
53 68
29 55
12 6
55 95
42 89
91 85
28 33
67 14
92 2
77 75
67 55
31 38
7 74
2 14
43 26
76 13
2 94
5 100
4 65
85 50
48 21
85 81
77 57
92 71
90 25
31 64
69 90
73 28
73 85
40 41
61 74
74 26
87 82
28 13
99 59
64 89
55 78
32 23
20 71
44 26
27 16
64 51
51 89
27 71
2 85
88 9
49 16
60 91
82 90
5 81
61 32
67 18
64 58
31 41
96 61
57 88
27 15
22 51
31 73
67 35
89 10
28 4
81 28
68 31
38 58
8 29
3 4
54 49
0 98
24 62
82 52
86 37
81 89
14 66
82 19
56 28
16 3
61 69
5 1
96 26
4 11
13 35
94 39
73 27
65 47
81 98
14 45
76 45
5 31
4 38
44 81
2 55
23 48
4 8
39 59
61 48
8 38
10 81
38 28
52 39
65 43
28 1
98 98
46 55
47 44
52 70
32 36
15 17
82 21
83 72
58 78
62 13
48 52
68 96
9 45
51 47
27 66
90 81
90 76
14 33
37 19
57 46
38 81
58 59
92 6
28 83
65 30
43 60
1 67
91 70
63 3
50 3
35 24
12 13
94 96
91 23
53 60
43 67
73 90
61 56
7 8
67 4
30 95
85 53
59 88
31 36
66 48
81 30
1 9
52 20
1 40
91 45
0 54
30 31
97 29
29 1
15 27
34 27
89 73
97 42
0 52
59 11
67 50
45 8
37 41
54 23
43 69
39 59
51 11
63 46
10 8
54 90
56 21
42 62
30 46
7 30
65 99
10 91
53 32
57 67
87 52
90 52
65 99
74 62
31 14
46 28
51 79
7 81
46 99
45 4
92 34
96 83
38 89
19 10
24 79
73 98
80 85
31 42
60 37
34 29
10 96
85 39
