1090 4734
190 1213
816 932
831 619
737 237
557 1407
824 1447
17 397
994 1601
520 1820
685 851
496 1827
447 1108
21 13
69 513
180 979
840 1240
314 589
336 409
377 815
1054 1452
850 1388
379 1995
1047 1953
742 420
658 1760
25 898
822 391
626 167
178 698
454 354
288 307
386 798
533 1523
377 790
102 330
936 1865
916 1990
947 1862
1017 1429
569 383
145 306
344 1140
1085 85
881 222
401 1481
21 639
351 278
977 1993
596 46
826 1656
878 1755
563 1239
295 577
53 520
640 704
83 1589
626 1106
46 764
306 1482
917 1335
566 333
1054 289
662 503
82 738
729 1267
753 623
990 1820
211 836
554 355
762 434
419 1087
987 1495
423 603
351 1780
225 132
488 689
305 428
43 1394
710 1029
626 1812
880 888
198 1637
96 826
623 659
407 524
915 624
937 338
463 652
59 605
499 228
897 1305
952 1203
796 1267
320 342
525 728
519 596
784 1998
926 762
101 1138
450 1492
778 552
1034 221
36 1646
182 1791
655 568
382 1968
318 1509
341 1625
811 1856
417 831
440 169
244 1266
826 1137
750 1476
842 1069
210 1578
86 1502
172 1311
736 622
1077 1929
998 1571
707 1330
121 1572
993 852
808 1893
801 316
1083 903
93 895
412 641
961 315
387 1232
4 63
738 1147
557 1481
13 1605
1004 689
738 1802
982 1378
587 552
864 309
377 850
766 820
429 329
336 1400
932 426
387 244
1077 1841
307 995
97 1682
900 1237
704 741
203 644
733 270
598 223
957 896
598 996
37 1847
1089 1956
685 996
874 972
721 1546
594 405
712 566
594 1230
162 231
953 1237
301 1819
714 1415
889 1734
180 469
400 1317
293 240
479 1884
778 1241
358 41
14 1699
12 1281
524 1395
917 516
136 1241
135 566
391 1254
376 1543
904 323
572 1775
440 909
789 1903
484 1983
736 41
181 321
950 314
1029 1365
756 1766
906 1466
591 85
656 19
25 997
563 999
974 1357
1005 1216
593 1970
288 1055
541 1082
655 1799
597 863
902 1627
699 1002
657 183
288 1790
542 1993
168 319
173 760
96 22
932 829
1088 897
5 364
626 851
343 1688
496 1475
321 584
656 610
533 814
249 1790
619 692
541 953
62 1163
302 1179
20 480
2 120
1007 1715
600 452
382 1845
704 1172
953 1157
385 1649
329 1976
26 1837
916 1591
442 1702
168 622
614 1816
685 636
32 1278
403 1510
303 370
46 262
686 646
587 272
24 1310
455 71
968 1017
24 746
725 355
736 682
40 203
184 1155
441 1603
113 1106
758 1224
957 608
1043 1410
996 1453
63 1634
52 1832
1036 1138
29 1322
1077 892
310 721
132 152
982 844
880 1184
754 94
9 352
440 272
364 483
88 1344
303 1655
777 1477
395 952
676 110
154 281
723 644
335 1413
284 343
971 1972
728 246
893 510
1029 399
816 1379
329 1902
20 670
1028 393
182 773
423 555
854 1777
217 926
1009 374
882 944
532 697
112 1970
905 961
404 919
1061 493
576 1330
231 743
542 1806
806 477
420 1550
904 502
268 573
1075 647
955 702
481 179
110 1584
729 117
667 850
519 333
200 770
1052 654
561 1199
564 696
3 1058
47 1585
861 107
342 866
851 242
461 213
30 1848
410 1048
629 424
59 572
67 1189
605 1571
369 791
819 1598
27 539
235 444
377 1867
976 50
4 1574
826 1574
162 944
609 1355
887 433
725 1421
1067 1623
217 1604
921 1163
925 1512
381 1693
517 1402
0 1184
122 1831
782 210
414 763
514 48
172 534
829 1699
209 1244
176 1149
983 935
16 637
998 876
809 1086
790 424
949 768
403 1123
617 850
393 584
1038 1695
34 110
503 174
509 1187
507 469
651 1804
144 564
984 547
1009 1833
1019 1684
913 1665
63 1420
554 124
320 224
822 857
586 1041
414 737
888 1684
865 1718
60 1444
1035 572
460 728
881 282
453 973
624 47
410 10
1022 1120
275 436
489 1613
3 1675
760 1545
25 1514
310 331
148 166
583 985
956 830
876 96
305 1319
209 558
869 1040
349 685
33 1848
91 420
159 1896
1029 1255
95 935
507 1772
739 1530
1053 1739
975 1406
68 1265
454 1020
1028 1094
370 1480
604 90
911 1547
1075 1593
733 1282
1063 1865
109 1634
303 914
67 1421
836 970
75 1568
17 1533
469 1146
232 1618
10 809
632 100
540 1518
461 1827
125 133
814 856
861 1280
1049 1984
227 423
1070 1339
514 1193
1025 1478
59 1159
124 839
453 111
66 1206
973 1238
458 1331
895 1826
709 1094
153 1825
416 394
194 89
842 1280
464 239
189 1305
280 287
827 477
876 20
36 1244
300 510
616 186
401 1342
517 735
730 653
90 808
292 19
671 644
799 528
592 1096
913 369
729 689
26 1990
593 234
904 564
714 1555
83 1835
278 958
634 1207
343 1641
890 501
254 1609
656 836
347 267
1073 271
177 1827
920 1473
588 5
186 1440
954 302
205 1691
287 1421
341 1826
430 494
274 1562
707 195
990 947
91 644
177 42
546 343
523 1401
4 167
763 1950
711 810
1082 1165
869 220
1 738
877 1491
359 1683
258 51
364 1263
318 370
699 305
358 751
233 1011
527 636
712 198
755 1083
394 978
979 1296
52 203
274 961
523 1611
753 1474
769 159
298 797
204 886
691 1286
771 500
979 843
113 1722
885 709
101 397
685 784
517 421
602 1281
16 1249
903 616
1070 678
1045 918
181 1154
905 318
467 626
175 1338
222 1997
853 1006
492 1532
1050 1978
895 1410
166 891
328 371
593 448
1011 378
1011 1784
1042 460
846 1649
929 645
548 1302
309 1066
510 1157
317 1031
919 1058
115 1316
704 648
259 61
69 1842
721 1035
522 570
352 1376
15 1989
272 1616
793 184
243 1253
62 889
651 1797
881 1306
611 1432
819 1371
934 1900
944 598
636 1204
257 66
988 1246
772 1208
838 1128
30 762
908 921
113 1231
311 817
1031 1098
634 1962
577 1923
138 940
300 77
672 88
226 162
917 1935
361 767
698 1786
820 1056
972 274
907 693
133 1714
932 1737
651 267
502 642
40 1341
1067 1885
380 577
48 1621
222 715
1006 731
15 1987
1038 1950
40 1395
180 689
42 1507
569 1651
702 1793
532 797
625 1465
28 922
362 145
1083 1279
370 890
877 768
540 830
974 1292
759 1020
113 886
645 1003
866 1858
493 1248
114 982
36 1165
812 426
545 232
486 31
992 752
622 896
639 917
866 882
869 223
958 1211
1074 480
852 1147
495 605
10 415
417 959
937 956
283 1095
325 550
668 539
811 164
134 171
973 1041
85 1141
264 1305
579 582
1082 524
573 929
921 1294
741 1826
1034 1514
483 1052
757 900
762 1249
838 1073
713 1594
586 1435
250 548
219 74
454 696
444 1896
107 628
528 1120
1069 561
106 1450
171 1422
967 1622
240 972
203 1791
58 366
226 756
843 557
605 371
691 1109
621 750
531 698
363 812
82 1766
1084 1298
29 1776
124 1862
1029 1544
914 1638
285 269
108 659
804 413
791 735
628 253
62 1811
1052 1305
331 647
418 1081
363 883
499 1002
981 622
8 784
751 1644
508 1205
967 1748
348 1434
643 1358
80 92
134 661
364 1646
463 1556
521 929
1068 897
290 1442
537 1328
56 130
1039 1156
968 1179
456 388
761 1629
407 684
998 343
407 1225
124 1210
879 514
738 784
203 964
517 1649
615 941
308 377
411 1068
404 1583
552 436
928 997
394 1807
396 1998
983 948
412 55
34 1828
515 1218
425 793
948 1288
846 432
363 253
818 358
670 1052
951 1739
759 1966
847 1961
122 1980
749 991
1005 1745
383 1356
871 631
99 1872
323 1870
860 254
752 1937
804 381
523 323
24 1442
343 1987
944 1662
79 985
697 330
369 1485
911 1766
309 1907
417 1459
647 645
458 137
948 1257
888 669
31 123
1058 663
488 508
736 1372
811 217
95 1338
44 1232
320 309
772 640
170 236
572 1646
36 501
732 1759
563 589
448 1573
143 347
875 1800
329 1052
109 1654
246 1442
929 703
994 1229
428 1725
806 1291
62 1629
574 390
849 1765
453 1870
510 1117
510 271
460 280
1082 801
995 1288
89 1219
4 1236
860 1910
0 424
295 908
535 1214
393 1984
236 207
28 1619
951 1426
916 1379
953 1728
32 503
97 575
757 503
707 1171
274 1517
423 832
236 280
370 1112
844 169
675 1671
120 233
706 1092
65 420
704 447
223 641
956 916
274 1065
52 68
815 661
931 350
63 1326
1070 892
237 213
481 1970
802 894
990 1577
277 439
172 1151
944 29
14 926
345 692
215 231
184 400
923 799
452 1036
260 1178
144 695
421 488
343 673
1083 1267
65 103
245 252
196 1798
639 711
1022 1521
921 935
579 1075
62 673
130 1324
125 566
853 420
1018 1306
508 1033
356 1362
118 1047
529 1638
499 310
379 1012
528 352
528 1265
1036 1449
149 1334
477 1994
343 810
433 1572
202 1322
284 971
199 1509
38 706
58 1678
676 472
983 1989
686 1837
504 612
451 556
627 1556
6 1487
1045 302
1017 1338
665 158
263 654
278 1027
528 369
700 1427
723 760
117 251
1 88
681 24
741 947
166 1770
978 1979
904 316
510 1762
630 413
416 1623
638 1381
1012 1767
605 504
955 783
709 795
1069 1938
640 1371
442 421
42 1824
525 36
844 1882
874 1219
39 753
976 261
136 1225
962 1068
101 160
833 1169
907 1771
585 760
467 1135
477 1332
933 226
863 1743
871 555
849 784
648 1500
305 401
160 1975
381 321
184 1079
163 1635
679 1183
22 1683
709 1482
265 1457
330 1774
474 1109
971 239
237 782
585 629
693 488
187 979
864 362
382 494
528 532
370 1869
722 861
614 1941
449 363
253 236
188 1334
1026 1379
330 259
579 87
837 335
702 464
853 536
166 1452
121 1346
410 1151
838 1917
765 1431
904 557
172 951
191 317
672 1743
371 1448
1003 359
64 951
820 525
616 1270
850 1219
1066 1475
654 1121
740 1475
632 1384
947 323
881 552
749 1447
174 1294
850 1937
305 1217
743 1528
482 428
393 1405
327 1469
691 413
714 286
960 280
505 1156
540 639
955 820
204 969
458 1733
480 1206
504 298
91 1817
227 819
528 180
500 1968
20 1779
286 474
222 900
193 1338
560 727
681 316
863 647
290 217
974 143
570 1213
201 708
44 1583
571 589
317 1295
615 298
777 1491
665 1562
86 55
908 67
854 1771
507 1071
518 1369
528 174
989 1618
709 22
822 1665
932 1209
1070 248
139 51
452 1340
311 1415
820 1095
284 316
264 1153
280 1004
374 1973
1051 848
657 113
527 962
429 1701
925 1871
468 457
232 942
16 1999
1085 487
1039 1993
170 411
769 632
1056 1490
609 1943
817 791
177 561
331 1864
367 1664
846 833
473 1428
956 534
1077 1700
30 541
963 310
502 315
233 1380
519 702
207 1830
476 286
197 1966
669 155
1011 618
510 996
714 1883
894 1233
351 456
672 1345
938 1379
899 112
70 1374
154 1116
656 703
446 19
1057 911
602 285
703 664
861 657
446 131
46 1285
693 662
378 1288
461 889
726 1466
939 578
927 472
341 390
84 748
636 493
291 1167
1063 492
316 1248
706 1612
526 1428
120 846
15 54
672 1909
904 1660
660 494
477 1096
474 1290
301 1129
783 81
1017 405
430 1445
252 188
729 1434
684 31
627 1688
1046 839
216 726
530 1219
835 1401
1026 1625
506 747
1040 1506
899 604
679 1973
810 1819
937 1465
560 878
564 1862
618 508
75 710
881 1351
30 19
611 1308
237 653
103 654
715 363
917 154
295 230
654 244
1072 1835
496 992
636 1904
474 573
872 393
221 847
683 82
111 1106
862 602
997 336
1084 35
666 1751
574 6
713 1892
857 362
787 1155
578 1125
1049 392
744 628
962 480
288 1872
506 1165
962 984
511 1092
665 1041
1053 502
201 1791
493 1197
884 918
164 1477
442 759
920 1002
336 330
1054 1440
139 489
191 125
444 1774
808 1164
222 211
765 817
903 615
586 1719
509 1121
534 864
454 511
443 286
874 842
800 545
620 445
211 97
986 964
472 15
581 507
924 127
528 759
649 1216
314 71
340 1543
1005 1399
353 1173
424 1041
77 299
1061 1466
83 899
975 541
688 991
511 1751
145 65
661 632
532 790
225 1376
232 886
207 55
340 1062
595 1632
773 969
618 706
101 163
825 1073
451 85
610 1911
121 111
845 996
894 286
14 550
16 837
640 1303
561 905
222 1380
202 255
348 80
957 1053
641 700
349 1536
569 1688
309 1425
45 39
760 1993
207 384
1022 1226
1085 381
999 592
355 1401
794 1449
1017 538
808 365
975 1547
122 1960
888 81
1011 1045
450 523
1005 877
613 1378
827 280
917 1606
776 588
635 698
198 83
491 1422
726 1826
910 1738
228 326
580 132
231 1426
611 508
229 916
249 1834
652 217
0 1625
628 1675
13 505
792 1581
478 515
98 1595
976 1271
759 1982
973 518
718 1801
72 126
188 343
452 266
399 94
414 828
798 1651
579 167
966 143
114 239
752 255
1029 369
713 453
367 1568
971 1857
884 81
1000 156
791 335
899 655
405 308
208 748
817 1343
294 441
1067 1998
13 1578
1045 1244
555 1247
1042 1843
300 1454
33 30
753 1265
473 907
202 1945
1023 74
235 770
957 1652
956 1837
531 1710
978 799
453 259
758 469
527 121
343 1508
987 102
481 939
960 496
241 369
730 1497
306 842
517 601
200 989
32 1129
846 1269
461 1403
562 184
533 117
982 101
660 41
101 367
718 1580
27 1236
965 871
971 240
776 1033
624 481
417 1511
779 1762
478 958
557 1034
40 266
339 1061
879 4
973 154
652 190
759 953
167 76
830 1995
144 1874
205 1281
460 1735
978 1014
863 1505
599 542
151 1520
700 1534
841 1621
722 551
110 1283
189 293
230 659
434 685
189 1054
676 1375
644 847
947 1039
1006 505
1054 1775
614 1509
108 1785
1016 1180
582 142
1076 283
744 1455
155 167
1054 774
598 690
471 1435
472 564
614 1482
879 178
820 364
869 99
527 1598
323 1807
308 248
567 1428
55 74
269 1260
456 427
960 1880
962 893
1077 1537
810 112
660 1923
784 1399
948 1837
517 1161
112 677
129 497
456 341
319 292
997 493
940 819
1003 559
85 779
168 495
338 1514
968 240
405 1498
386 845
324 1289
824 1651
843 822
71 1896
548 1629
942 1462
973 841
947 1232
227 1671
81 1652
1074 1373
659 483
1014 181
358 1275
569 569
901 1412
1065 776
527 1524
456 178
976 715
272 1583
410 256
11 745
432 577
302 1006
292 300
766 1105
149 683
680 850
783 1652
680 1849
564 1723
973 1125
435 217
1014 497
544 1356
622 272
401 617
551 865
505 1274
517 807
461 2
921 1203
870 744
868 1240
152 1437
822 115
721 918
232 512
430 1494
652 118
1055 722
367 109
321 1674
134 731
174 72
299 786
293 549
394 651
966 1883
323 1443
492 117
948 680
860 1629
1008 1298
764 1442
464 1320
477 1876
221 781
51 930
276 1504
655 390
915 1546
672 672
178 252
1015 915
398 349
690 263
1030 1228
142 1675
505 1870
596 1175
826 786
1083 1180
545 688
429 273
360 1398
856 346
81 1803
568 614
76 986
1075 395
654 1815
1064 1574
841 1589
92 1861
431 388
961 772
911 1504
450 1198
875 1946
622 12
1017 1081
917 1042
736 786
25 377
642 1059
1050 40
954 228
297 1247
319 1641
842 334
696 557
1079 329
104 1612
537 1975
1012 559
214 331
499 1158
829 186
349 86
910 1914
383 814
596 1952
996 430
11 1243
858 1197
614 126
187 433
442 1948
983 409
995 39
904 309
606 663
576 1414
945 827
61 527
692 1508
1049 195
482 1904
260 125
508 621
669 1418
637 977
462 1813
634 192
7 518
1050 1291
545 1394
865 269
693 1107
732 814
668 1817
609 98
979 1972
56 1334
821 1698
529 61
330 755
608 1849
267 440
1060 1882
321 1598
617 178
726 460
937 615
232 580
526 763
783 827
994 1047
20 53
452 1006
388 1244
227 267
575 1479
284 638
63 1485
70 633
73 1104
455 145
34 274
490 1466
433 1768
39 148
798 525
867 1589
255 447
958 996
778 936
611 1733
767 786
364 683
737 1252
403 1301
663 1762
557 1314
678 1316
731 706
706 1746
1025 552
133 349
633 1560
943 1392
866 1475
176 311
302 798
321 604
412 934
72 1102
244 1009
758 1532
770 1888
973 1986
199 1803
58 460
798 1925
606 803
780 88
38 1552
222 677
38 660
30 742
1083 1071
1078 619
581 1631
96 448
205 206
182 1811
858 1557
521 1113
0 802
529 101
965 1220
283 1773
357 357
1086 1468
433 1520
496 1114
288 1459
571 1419
78 1759
123 1803
712 1256
74 1751
834 1441
900 1798
489 730
407 1250
430 1748
674 842
1017 273
450 967
565 931
620 138
118 879
691 851
430 1017
894 1946
264 1962
593 697
51 968
518 1531
923 1133
1066 624
786 1486
507 1138
621 84
711 1650
24 964
582 632
641 640
229 325
650 141
594 333
88 1283
256 1642
806 865
699 348
264 482
28 589
729 78
943 1336
112 878
258 1192
1016 344
955 1425
1083 1445
687 1367
1016 1208
1012 594
914 1525
465 34
323 1791
630 24
414 1460
789 938
808 1522
146 1800
864 471
707 627
20 694
713 1697
420 672
557 204
289 1885
25 360
736 1195
872 1926
633 946
720 1929
884 400
465 179
55 835
1009 83
384 888
612 207
279 803
143 83
555 58
151 866
184 1568
633 1462
995 882
613 1121
255 207
534 1046
380 762
90 1660
701 1933
600 293
49 1595
154 602
411 946
1080 1355
176 1442
735 899
703 729
589 1206
344 1431
893 375
1023 593
431 202
14 558
897 69
396 1154
499 1697
1079 27
675 1061
43 871
342 1663
66 99
1063 1129
924 485
278 734
73 100
681 596
990 502
768 1356
958 475
911 1218
10 1236
187 571
871 1839
606 816
269 1576
780 1507
750 634
590 1701
275 1407
389 1768
935 396
1023 370
94 1060
625 1841
561 1548
266 1082
713 1643
425 1725
953 1299
96 1442
172 1684
576 396
542 1666
177 888
322 970
131 1218
525 1624
538 1945
410 1315
952 880
472 1680
739 815
420 200
881 232
719 1371
334 1251
879 427
455 1599
290 14
701 1770
82 889
1060 1048
304 1768
956 1985
626 1271
768 1713
918 504
979 908
23 1607
781 1743
209 1396
437 437
922 1715
955 1399
41 439
390 795
859 177
578 504
77 1688
485 52
335 1155
554 435
986 436
65 1242
766 610
814 340
849 1426
147 159
123 487
151 1194
851 1974
795 981
243 1190
485 1796
961 1756
14 122
284 1313
854 853
760 1372
1045 116
636 173
332 1304
1030 736
773 1641
200 1246
396 1546
302 1937
743 1369
591 1641
259 987
904 1418
1068 878
859 1839
399 27
61 663
406 701
669 693
846 1220
319 334
1058 1137
107 1705
799 1274
240 571
302 1309
647 314
977 154
856 661
499 1101
679 996
709 1182
983 1663
166 186
784 1262
544 1050
469 1072
651 1510
992 711
690 719
308 1105
860 1933
368 455
638 15
48 855
686 1434
107 830
330 456
351 149
148 1383
718 1338
530 1364
42 520
108 1597
937 1585
786 1215
49 1168
795 1433
871 485
565 138
232 1280
1066 1372
456 1733
569 1683
119 481
255 371
861 584
178 559
674 1332
91 254
1009 1633
638 1543
81 70
676 1324
204 89
860 58
572 825
565 1947
193 1463
441 1825
370 908
384 329
1059 207
701 1993
918 134
454 1464
302 1245
858 627
750 55
577 925
589 1150
608 1470
224 1104
228 211
426 615
591 1416
273 910
374 136
592 1916
531 975
281 89
243 1539
282 1301
625 32
251 629
1011 128
46 1800
238 1817
370 289
814 1491
662 1454
814 23
142 528
663 845
837 913
304 856
873 692
15 1633
79 565
1040 1632
227 729
521 1840
297 1823
646 1843
1027 221
720 1194
348 1721
895 1257
802 1734
523 147
4 779
263 432
125 1836
479 188
1041 1484
876 318
388 334
343 1807
33 111
656 1226
1062 384
235 882
105 712
33 1081
259 467
371 179
730 1436
204 1169
660 1882
1042 563
348 1343
618 1132
504 1147
841 1867
345 1482
703 1491
52 362
931 1802
202 376
1042 887
63 1788
146 51
283 1719
483 1691
778 1889
546 1887
497 171
674 1652
442 126
272 293
287 207
904 802
406 1156
548 2000
423 1084
1004 1598
62 637
150 1729
38 1156
769 798
667 134
740 140
315 1076
494 69
58 1439
508 787
140 549
536 1456
682 987
750 1034
583 554
464 963
158 1222
600 373
403 1768
800 1706
265 1787
384 110
28 98
40 1503
65 119
484 190
75 1240
235 1547
457 1363
74 1541
797 330
928 1288
748 1948
467 1896
171 63
989 1358
957 1912
161 295
566 984
604 1484
712 1418
654 1259
638 1595
307 622
679 1701
1024 1707
484 1114
707 235
1042 933
265 806
185 183
670 442
510 916
1057 1051
119 437
638 1875
936 1639
400 623
599 1112
604 466
127 646
13 184
757 923
52 365
162 597
1069 797
252 678
206 1994
1063 1587
585 442
821 527
888 1934
217 1864
652 67
101 1512
769 1009
598 1258
128 412
9 1630
564 199
683 1312
101 694
501 1905
720 1692
802 1312
906 487
69 854
388 1372
733 116
741 1007
448 95
129 736
743 1227
572 1642
466 823
209 980
958 1556
871 621
404 1598
825 1842
190 1702
603 597
703 1781
568 248
47 673
772 628
417 845
996 615
191 1905
228 1016
972 1744
251 56
389 1760
385 1457
666 1548
386 800
738 107
254 847
764 1829
762 1798
409 991
934 1077
517 340
228 363
529 1251
351 811
917 360
1034 1300
936 749
800 187
178 1768
27 1318
283 1783
214 668
145 730
458 1672
1076 506
1001 1781
114 909
30 319
241 1984
711 1071
493 383
599 31
724 1624
239 1237
431 1837
366 1102
869 1246
549 1117
911 1327
875 1475
1065 445
963 1469
528 793
705 319
466 319
628 40
943 1732
1015 1999
830 751
1071 836
854 615
974 1389
427 1971
146 15
540 1389
739 727
849 665
1067 1425
571 1407
897 1150
81 253
644 771
296 1370
582 824
16 1845
787 1367
711 1229
989 1971
570 210
563 1550
135 1700
76 378
885 559
383 1906
919 134
960 1557
69 1375
98 402
203 898
187 1099
840 1968
1046 666
1088 1716
426 402
629 667
661 886
806 34
912 288
351 96
309 868
982 428
925 229
565 212
324 1539
665 465
84 570
545 1403
351 1559
418 369
856 1908
31 887
452 56
584 696
1082 653
699 353
28 515
556 103
1002 1469
806 1564
619 813
126 153
695 885
618 1234
99 1527
650 1432
998 635
632 1214
174 1921
564 863
652 1328
897 737
543 818
593 1777
335 1551
338 1602
594 1653
122 1764
80 165
972 144
63 1985
457 419
314 1229
110 721
192 751
26 1840
1046 824
707 1351
612 599
573 668
179 830
239 243
797 398
620 580
278 1028
42 355
707 210
513 110
441 190
172 1041
973 1413
39 1863
711 1751
564 81
312 1744
851 581
521 573
1013 985
191 1023
548 464
647 819
691 292
512 1134
1021 1506
163 748
329 190
228 185
418 71
1016 811
476 391
586 1674
45 1641
370 920
752 180
929 874
959 1829
803 1824
227 91
352 1087
356 1455
162 1957
686 777
264 1126
36 832
282 1366
676 79
529 1484
549 1385
540 1023
467 317
928 1413
685 688
893 1632
107 1618
889 387
501 1698
495 266
638 1326
856 1852
623 1253
623 1125
12 1165
65 928
443 1160
378 835
81 434
214 806
411 1906
986 1301
597 720
638 1518
596 546
893 1809
595 1043
858 683
264 583
108 465
953 122
1033 770
432 291
1046 359
699 1498
375 1939
69 1317
570 148
578 950
250 1795
75 1419
892 1054
546 1058
903 647
764 1901
410 1426
541 1768
622 1070
901 162
883 669
78 1090
338 714
75 1711
303 909
535 734
219 90
289 7
103 643
396 378
862 751
1015 320
210 1768
294 1608
929 489
75 230
207 1853
134 1249
851 298
346 1396
853 1765
427 485
502 851
806 1893
13 1449
11 1508
562 762
1058 597
885 97
257 284
20 902
134 361
979 1608
123 1416
951 1204
540 9
1046 387
564 499
97 773
735 1903
701 354
1019 1854
438 1834
363 232
867 676
543 1719
974 81
371 1339
300 1020
988 1742
255 649
871 81
507 226
1034 803
656 902
244 529
976 1623
568 657
974 1519
537 1568
62 934
358 63
806 267
284 859
579 1666
473 876
409 396
778 488
556 833
219 1372
477 1203
483 43
785 1722
955 775
401 947
151 1756
842 542
660 726
608 1670
905 1989
897 817
198 638
1083 91
867 1003
186 1645
507 185
802 1391
954 661
693 649
436 1035
353 841
851 813
166 796
830 1829
1043 1739
508 126
801 1907
63 45
472 1699
546 1510
392 873
20 1885
1074 1530
214 452
846 254
727 1047
1008 1017
834 497
722 1070
278 1723
976 751
921 94
1025 492
261 297
736 1313
440 518
634 600
169 1498
288 659
358 792
894 267
541 405
656 813
261 65
476 1374
621 1420
184 283
618 563
934 1433
809 1447
1057 1666
807 1173
346 1085
744 1246
880 1599
307 1881
1025 102
215 1642
1072 1783
916 9
968 1164
1029 128
759 1810
349 387
406 239
309 111
272 1944
478 373
613 285
744 423
190 1475
861 1448
565 1473
1004 890
423 166
27 894
603 808
953 634
507 576
1040 753
46 1599
821 661
647 1989
762 1511
17 1174
206 1098
244 1517
237 739
501 1778
766 183
118 984
778 290
537 723
281 1461
342 664
303 595
550 1441
329 1725
353 1220
477 543
524 1415
779 1112
186 1756
881 1604
828 958
689 1807
81 1132
291 1832
671 1344
936 206
463 1203
592 509
209 1204
140 546
628 53
920 1828
87 1082
305 865
838 731
938 813
22 468
63 417
717 1741
788 565
247 1567
319 1636
477 1010
60 1800
902 1344
442 1622
455 1424
413 336
679 1706
993 1537
889 641
363 1136
320 993
344 1056
63 1327
754 1447
450 1848
689 432
936 633
113 279
516 1573
163 64
909 1076
231 503
110 79
414 1516
633 1748
846 1517
753 348
889 500
447 127
786 6
649 535
567 188
293 1612
398 93
694 579
353 1083
380 447
292 812
915 1210
849 886
412 117
1064 402
970 559
773 1893
712 1818
282 1277
263 92
574 1772
201 146
908 1072
282 314
813 469
1041 1951
1014 1507
519 693
1016 997
887 483
764 998
530 1765
999 292
927 680
18 1431
852 1141
223 1732
839 1508
563 28
641 1132
888 1069
166 668
1044 1406
633 1706
900 1582
14 1721
380 1059
196 947
981 824
835 28
526 1114
219 423
84 1363
814 1865
725 558
218 323
871 1842
1079 121
1077 618
721 926
907 1142
579 777
146 898
387 891
377 1076
88 328
566 1608
214 265
149 117
566 886
674 1681
746 220
412 1657
312 1792
112 1469
1087 165
828 1323
12 1704
346 709
137 277
944 400
397 1030
746 1694
527 1274
544 704
367 1046
564 1596
974 1286
660 899
246 1134
868 1820
638 1645
982 1154
842 1004
683 1012
886 1591
38 1163
469 261
1008 1182
870 2000
653 863
196 949
1036 1922
296 1714
206 205
748 790
1016 1984
613 1183
189 55
258 118
640 715
812 1494
1055 1495
874 701
38 942
413 1158
613 460
311 1809
402 1465
237 1156
1071 1677
1050 669
97 927
14 579
1081 1994
121 431
750 339
314 1735
587 293
713 1959
1032 897
423 1213
502 1894
195 931
1018 768
1075 836
830 716
1054 503
534 781
264 289
955 1352
928 878
1009 1696
775 1045
473 1359
192 322
147 1305
90 387
882 1799
251 1403
384 1226
367 1168
975 494
969 1412
258 1289
339 1387
138 1396
160 1923
950 231
718 1499
691 1309
169 1346
522 1544
173 347
107 1374
167 1360
220 1987
401 1624
651 1878
204 1691
524 1527
1070 293
167 60
759 235
1071 491
267 1838
946 714
667 146
245 1170
482 729
168 1075
355 1575
108 1945
718 132
692 561
82 1379
1069 377
854 1154
205 1371
21 996
123 869
712 1204
242 1105
624 1931
952 1397
285 1251
237 1144
853 1240
440 536
817 1178
281 268
752 747
340 941
445 405
421 647
291 1365
466 1548
591 1178
110 231
696 1582
1050 592
826 273
957 1955
220 32
840 828
1 1804
327 700
365 739
99 1760
1019 867
532 193
960 245
471 570
875 1078
870 210
244 1030
51 1215
369 1224
767 739
662 1342
127 446
150 1847
926 306
394 1480
153 1385
54 618
204 637
606 60
132 356
137 1753
124 1020
741 431
789 1296
842 503
881 638
807 717
357 123
207 421
21 500
156 408
752 481
51 1044
192 1498
862 119
777 239
977 1508
1054 1383
810 665
361 365
201 622
679 494
76 567
922 116
248 1492
821 1196
137 1799
526 1848
895 1442
1 1521
296 1245
1069 702
746 637
124 1645
58 963
213 853
955 1907
850 413
99 204
554 969
483 1568
1023 453
449 224
921 149
355 257
210 44
953 1347
420 1555
193 1020
847 733
976 1043
705 1458
309 1719
184 1937
334 796
280 622
397 1489
856 488
473 906
76 1248
596 1228
870 275
1030 1630
1072 156
463 655
742 1089
398 1749
292 1758
829 613
651 1091
420 239
544 106
39 282
364 1982
396 848
205 1043
127 1125
197 490
786 1010
322 1444
271 1723
0 16
384 546
16 1272
57 1531
496 365
174 694
302 1425
129 1696
427 1917
803 1388
168 1805
437 1734
758 184
149 492
129 1783
812 929
924 708
213 54
280 426
480 1718
255 1215
845 652
42 73
629 1740
865 431
411 81
811 787
892 1957
178 463
612 575
653 1697
361 545
830 1385
258 290
949 493
270 1104
43 181
285 1279
704 1
9 1220
279 851
680 1306
20 1235
629 761
704 326
678 1704
1016 1108
630 181
981 350
1007 1806
621 1414
70 6
933 857
114 1001
939 961
295 411
869 381
924 359
387 803
482 1054
912 1163
400 476
232 1265
290 250
371 191
11 894
683 1897
213 1248
144 572
194 26
815 1102
994 1626
62 1273
461 1534
415 1754
982 191
839 1081
927 249
652 1044
126 150
801 986
643 346
356 1119
439 350
460 1381
986 350
543 494
357 34
764 314
1017 764
559 1673
366 1103
814 1117
145 650
533 1300
604 257
699 966
1055 1574
310 387
965 681
551 597
999 724
1084 734
721 1212
509 1428
658 257
405 1751
615 921
1024 1638
559 764
276 1788
1051 265
604 1840
832 1221
182 1663
19 490
472 492
625 593
571 283
346 1360
334 106
191 800
283 318
866 78
24 1377
135 966
184 1931
41 755
210 606
717 484
736 319
457 1521
761 1060
189 441
505 780
111 1118
10 1539
915 355
512 1977
673 643
881 73
748 1973
830 1125
470 1295
106 1131
136 1167
254 1953
134 424
12 476
624 1680
421 1344
152 1944
217 272
257 1829
650 1602
966 31
401 944
272 1874
156 1015
816 673
788 250
538 1828
491 1244
544 1229
669 526
777 1405
173 45
44 1854
161 1303
205 1770
441 1285
590 477
438 1671
435 963
143 1855
62 1742
568 729
405 288
971 1576
869 1821
243 108
293 1716
863 930
586 838
250 1578
308 1177
890 1982
181 1438
193 376
415 646
172 1791
1061 425
729 1937
194 1338
886 1571
564 917
705 1265
145 124
17 1338
129 1128
247 942
185 1167
327 1093
1072 1586
131 792
150 319
1081 690
744 1511
115 948
499 792
900 1605
540 1029
582 394
758 1141
288 817
984 675
702 1946
216 529
650 1404
864 314
612 1798
21 438
160 601
111 294
1037 595
476 1230
652 1137
156 396
482 1794
826 1568
541 521
413 1018
327 1461
508 1407
503 269
495 1730
399 1189
860 600
556 1377
1029 1078
571 485
48 909
25 1239
98 1493
411 1355
658 1887
559 1206
325 1194
254 437
1077 997
1010 282
279 775
684 178
623 868
601 985
55 1604
275 1408
202 1957
319 1160
257 1772
65 1462
423 1807
432 1893
839 172
307 142
64 169
643 214
79 1373
355 1187
190 1173
84 405
21 1768
179 519
284 1857
222 995
836 91
71 339
396 1661
524 1129
803 821
527 131
308 317
459 1639
283 452
913 1948
731 217
347 901
845 79
647 1081
235 328
511 1308
42 623
356 1597
569 1107
833 1622
857 1112
1058 1743
1037 1368
998 664
311 959
942 1337
704 704
205 840
700 1029
989 226
155 525
1037 217
1031 170
81 1232
833 1691
354 1848
304 609
559 552
36 1767
412 950
380 1375
871 738
531 1910
388 1902
959 392
1055 1943
491 1383
926 1419
71 1377
911 656
814 1315
663 1767
1029 268
748 1943
1039 101
846 106
314 911
1027 636
141 1021
433 113
908 1945
968 1000
1006 1171
234 947
886 81
474 1728
512 1396
191 1677
783 945
28 1476
283 1159
987 1704
1023 152
702 1868
167 878
816 1267
394 159
764 1496
1021 570
1073 692
802 745
230 887
542 165
950 84
1025 285
586 835
215 1257
503 420
140 256
524 455
15 852
43 1875
1035 137
636 259
199 658
481 414
182 1075
332 550
1044 1074
1069 1637
500 1489
763 120
797 341
982 637
303 671
322 603
511 1633
822 1475
416 519
4 548
939 1213
205 1672
104 131
758 1305
165 1322
917 1764
500 1055
454 961
221 125
875 663
612 231
659 996
133 849
738 1828
715 644
887 162
1035 979
177 1666
1016 672
678 716
1069 151
5 484
123 1490
362 1728
812 1674
923 1550
861 1537
989 224
928 1853
795 1584
647 1654
588 303
894 1564
48 358
355 1779
396 20
1053 59
288 636
534 677
482 1113
249 873
997 1199
946 605
591 925
1087 80
6 1885
568 1896
685 1091
593 803
911 412
250 26
500 1248
439 1663
142 1133
990 670
945 1485
664 1515
456 1256
861 1115
464 1557
942 773
329 521
418 13
383 376
726 1684
63 1283
346 591
320 1073
781 1616
1069 1869
823 1184
910 1414
986 1836
703 1315
915 741
1087 1814
483 45
812 1403
919 442
43 1747
653 1531
772 1184
510 1587
675 1197
204 1239
60 1843
893 1317
62 768
688 1734
736 1266
1001 116
263 1863
272 871
77 1885
170 1539
167 103
116 313
278 1099
789 475
238 678
419 108
282 1871
387 695
252 252
15 1015
6 1421
902 823
848 850
169 1932
513 1147
769 819
537 1348
93 1849
1029 1663
87 1993
740 1198
5 382
897 336
621 1742
9 268
973 1663
89 1852
830 1350
1048 1548
968 1758
868 1857
438 608
498 1437
59 611
315 400
445 78
174 1900
318 1630
575 1895
321 1654
627 885
294 1609
13 41
630 1673
280 1044
948 796
525 456
674 652
503 1580
912 1293
980 1107
701 1324
529 169
596 544
472 568
297 624
262 594
182 1008
650 695
67 1218
115 1400
410 5
881 1853
563 1244
644 1423
491 132
801 1559
85 630
910 678
283 190
295 1992
587 1732
1037 212
998 216
904 1620
1041 1575
1012 1546
324 57
189 612
1086 1408
592 662
683 663
777 614
604 895
74 524
346 1194
636 1857
836 1082
611 529
957 1543
686 1578
319 37
424 646
338 548
8 738
340 521
197 1173
814 542
1068 1941
177 595
544 6
303 944
989 782
591 1954
615 755
639 482
68 152
994 1690
674 1782
746 1845
973 30
269 436
383 1301
137 1060
367 1656
460 1365
327 1705
672 1149
1034 371
692 1382
826 783
17 882
434 1432
605 865
588 1212
1004 408
142 599
1008 1782
813 883
352 497
966 905
802 41
241 1144
357 52
169 1788
838 452
776 357
1016 18
560 1439
786 128
573 1701
419 875
427 527
630 1148
887 1339
980 1903
155 1834
266 1830
681 1907
223 1596
368 1484
934 1273
757 415
165 1803
747 1589
370 445
34 675
1065 195
74 172
103 416
931 1713
685 1279
1073 734
588 885
401 725
980 1037
379 1171
851 575
270 464
1042 1824
1044 1290
449 1508
725 1388
368 96
423 1497
88 1666
74 79
871 1057
730 1443
839 1559
460 1368
782 844
1046 850
300 1192
1062 455
684 1686
1004 1340
705 1273
495 960
568 752
962 467
608 1560
556 281
439 1490
164 232
653 1368
257 81
749 524
365 213
629 1923
444 448
699 1062
1050 1392
60 150
517 1468
195 1756
47 103
771 1787
1066 560
864 1864
133 649
282 371
874 1744
217 855
681 480
126 1318
630 500
576 995
781 1545
42 461
739 1974
983 316
748 1372
166 1079
580 1261
1089 1218
342 1784
486 268
727 874
740 936
406 1018
713 1447
65 826
490 1357
847 59
562 1362
1066 620
764 916
818 1750
74 1081
276 759
912 1814
956 802
371 656
392 433
354 1520
133 830
221 251
1000 1784
342 368
824 1538
970 189
126 1261
167 576
281 1399
406 754
724 107
326 1395
892 369
316 149
391 1525
111 1825
1019 465
861 1499
105 162
213 760
539 1869
574 1075
960 1924
383 703
418 1230
1063 1440
863 1698
953 365
846 615
380 967
121 1913
1006 644
939 1454
258 1724
659 1366
964 576
934 114
170 967
804 431
800 314
980 705
621 1385
409 387
131 1914
931 703
1006 566
296 1998
457 722
320 1883
66 410
1001 1921
701 808
287 1940
410 1424
768 405
1073 559
309 328
1038 1672
285 769
276 1041
199 96
584 739
965 1337
52 1795
571 1088
663 1369
889 402
968 1894
97 870
276 1121
287 1661
401 893
984 1606
633 425
104 145
1061 214
1010 1516
771 1253
10 237
154 1939
655 573
699 937
705 527
969 112
768 813
913 1586
193 1338
252 1244
1012 1345
1068 1195
371 796
842 945
11 1752
1081 1817
1032 1128
940 313
889 500
697 1739
44 1996
330 499
306 1335
1013 237
704 785
901 1582
330 968
200 237
719 305
85 205
452 1353
97 452
1066 923
765 709
675 269
298 1487
439 1380
588 361
72 1864
376 899
936 1465
750 1455
667 1599
95 199
185 894
1037 1596
985 935
566 931
31 1842
329 1854
227 1906
964 842
361 576
1026 881
510 1826
73 1662
66 841
419 1225
357 446
382 114
50 1189
472 1402
815 1307
490 1591
839 1629
881 1126
797 724
687 646
823 530
768 1921
972 520
804 791
920 1034
538 1033
525 211
153 710
866 96
718 1587
384 623
66 682
762 1967
681 942
423 455
958 59
923 1575
872 839
52 1036
153 444
86 1130
28 995
247 389
299 510
991 1837
78 1948
974 74
961 1653
660 1375
22 66
1058 1971
778 872
314 545
300 20
907 253
440 798
101 290
826 1288
108 1914
247 790
1033 679
583 924
1037 1031
769 1196
367 711
1032 1894
132 742
858 1060
925 1280
810 1843
311 59
1028 1323
57 546
794 521
268 1236
465 1440
12 659
605 309
22 1199
315 766
616 205
923 637
884 977
756 1853
505 1691
687 907
783 1788
637 1974
273 1388
563 1317
639 375
589 1114
852 1676
864 1079
636 841
513 1365
591 297
552 1111
972 1888
604 1114
993 1768
738 545
1080 1222
242 1862
688 1746
447 991
12 197
833 899
436 520
918 1475
310 643
50 1312
542 320
959 1534
843 507
859 479
624 1957
646 1561
971 1991
706 1442
385 1633
608 1602
996 1535
55 1987
221 1499
855 1218
737 1751
981 1795
938 524
889 1991
605 691
329 1
792 853
850 1757
509 477
1029 914
431 1496
1050 1545
770 686
939 1457
348 1691
207 69
960 83
261 117
1081 971
570 971
781 230
949 234
383 990
209 1189
533 223
422 900
578 1810
847 531
487 828
1029 250
540 1372
63 1578
749 592
850 860
792 1325
137 724
305 85
766 217
833 720
972 308
1056 1457
78 1924
441 1685
559 1713
212 1778
865 1533
706 1984
211 1021
980 407
757 1203
286 335
408 1192
379 1145
1057 830
37 493
830 783
752 1106
756 299
325 851
463 1705
465 1628
859 998
741 1649
133 634
1025 26
801 687
1068 259
728 1183
759 861
610 1153
171 753
988 839
123 1055
574 1022
399 792
366 833
293 487
560 474
44 716
640 1411
854 1555
375 472
500 919
893 1680
606 843
859 69
458 1733
140 1959
288 1289
799 457
79 257
158 820
883 1461
359 1183
303 69
380 1041
920 1639
726 1788
32 1984
451 1880
1014 1041
124 322
154 543
468 1853
646 88
752 151
607 987
720 848
159 351
169 807
651 726
450 1020
46 1680
265 1144
943 344
809 1362
683 370
402 609
725 1862
448 10
446 1771
652 49
319 1975
560 1901
962 922
655 529
685 142
978 309
7 1918
121 1630
758 420
59 794
808 1666
806 1140
397 740
735 1611
805 1368
968 1447
232 1037
646 1047
508 1504
306 1775
921 1084
293 590
661 1308
897 1317
532 1738
56 1431
58 335
613 102
1054 5
303 1513
307 790
977 1790
478 1371
965 556
318 1595
202 1182
953 363
554 1870
156 529
6 258
607 672
458 197
954 841
941 1365
65 482
508 1877
524 466
501 367
303 716
424 1470
242 115
648 284
1059 1279
916 142
863 307
323 1207
177 1649
669 1078
599 1348
867 626
43 695
418 330
6 1142
47 1399
238 1144
509 1415
1074 268
826 1306
163 1487
865 384
432 315
486 1726
559 1482
1060 1913
1065 1183
187 1960
96 581
161 1302
1078 124
822 95
707 1649
761 1379
290 38
1076 804
1040 108
1004 604
609 1890
790 1302
161 1735
345 1634
434 1208
1088 1740
445 648
84 629
710 1801
32 1625
597 1372
50 415
15 1019
587 1350
233 659
1005 1987
459 377
812 1473
538 671
99 340
1055 35
384 244
463 1116
375 1992
71 459
453 1668
875 1931
419 827
944 652
859 1794
809 609
928 1812
61 1362
60 1201
456 1744
393 1896
464 1665
418 706
310 961
588 1503
855 942
506 1289
65 1856
982 1548
385 1557
902 721
704 944
7 1563
620 1843
656 1565
212 1682
362 1806
741 212
486 758
437 1844
471 718
922 465
306 1308
302 1893
1086 636
193 1173
358 340
1042 244
756 965
109 1342
11 926
402 1454
115 190
953 1038
77 248
487 1956
729 1172
55 478
897 1402
610 218
73 537
1028 944
268 1013
24 1444
997 1445
142 55
93 395
146 1033
66 342
835 1019
109 1613
460 1093
1020 1383
916 877
13 1489
387 273
902 935
634 1905
186 328
34 1291
876 1774
760 527
782 1742
304 1547
877 1990
936 1034
257 159
119 357
166 773
795 1343
169 167
577 1683
539 1856
976 1932
183 933
807 1128
715 1059
984 271
649 1117
871 1759
447 1311
644 1445
1029 714
767 990
633 1352
336 171
517 1834
541 1424
321 1221
640 798
808 407
596 1926
172 1853
435 1410
383 592
978 1049
420 547
161 371
916 1802
966 1250
480 150
228 1946
1064 205
540 695
876 858
943 732
337 815
225 1946
1089 1001
1024 1213
563 704
423 1849
380 1692
710 173
122 11
943 558
758 1464
937 1190
268 1127
256 873
131 93
123 81
203 1733
503 1196
225 893
99 1124
770 1824
664 1317
311 1566
107 890
121 118
518 514
69 84
99 939
513 654
500 365
280 481
818 1547
891 729
90 199
1072 641
212 139
135 1803
377 348
531 1059
375 78
859 1039
635 1459
579 1363
434 171
636 335
330 1158
1051 837
172 62
1028 1029
236 559
621 224
1002 667
457 1239
436 1219
298 1148
767 1452
537 1897
329 1844
73 1247
932 1453
844 1950
73 1562
310 1781
1033 1277
310 326
275 997
563 116
320 1559
779 103
466 1049
745 1645
680 1603
153 1254
7 1537
393 1218
881 321
872 813
457 617
407 1175
886 1073
27 1861
836 1583
692 1570
430 713
202 1589
103 500
65 1152
301 1208
551 1399
430 1109
460 759
271 1560
901 865
1069 1146
585 1710
882 1363
802 139
1004 1866
597 1790
1034 1087
124 1334
395 1299
826 1220
497 1170
589 211
39 998
698 30
310 1740
98 898
375 167
665 184
894 1289
427 1974
519 1557
944 983
617 233
110 1824
110 1829
847 483
1078 1524
846 1877
513 909
56 19
393 1513
753 1111
248 1591
234 888
118 1314
847 730
116 1342
104 1444
432 1440
399 306
1048 1547
960 1595
1026 804
298 759
87 909
951 1160
377 1381
536 805
51 412
473 1989
34 1890
994 1887
31 1701
323 73
1078 42
127 242
79 1884
552 195
429 1688
614 1502
289 1230
43 539
906 1604
964 1783
96 617
337 959
1087 1805
533 949
656 8
1028 1340
21 1875
140 665
179 1684
253 1313
715 657
45 533
60 491
855 900
644 768
103 311
220 590
0 946
584 1630
172 955
407 1225
786 1803
604 1924
972 1706
784 625
312 912
663 1056
110 1977
955 499
503 773
261 841
1032 925
854 930
1003 55
876 1358
496 1859
717 1430
803 881
892 715
82 289
320 976
520 833
329 1008
471 1440
749 765
589 1166
789 1985
940 1758
216 1289
823 1857
188 300
270 158
449 1355
414 1525
517 21
889 246
218 459
1035 1133
466 613
1075 284
410 216
701 910
873 456
927 1091
748 238
1087 1072
798 1975
649 751
587 752
387 756
441 633
633 887
734 1915
333 28
519 924
611 146
865 1472
693 1807
788 1889
87 819
852 788
483 182
115 931
279 1252
998 1176
568 1576
801 1588
782 1220
63 40
920 813
622 1804
773 1081
568 1682
1046 1261
227 1455
409 919
461 252
389 914
150 1007
607 1063
554 1365
188 1245
301 1497
11 1436
392 676
600 187
35 32
897 1333
93 354
412 1942
55 1173
712 1675
531 245
95 1528
258 1266
552 1094
45 976
819 467
727 1583
63 620
708 1158
1072 125
977 301
604 1866
143 207
1000 1393
478 614
700 264
304 1810
659 1715
280 2
687 1413
438 16
204 1539
919 976
118 1421
875 1435
1064 1038
285 1882
5 1351
504 1940
426 958
352 1000
32 507
152 544
789 1806
506 41
362 524
180 1267
265 1399
1070 1345
955 524
1006 836
235 44
113 1772
233 770
590 1
470 1303
1068 1060
963 461
522 1556
976 757
627 1922
136 1100
849 1699
202 1470
955 1981
12 684
549 1056
542 1430
346 764
528 1482
583 222
935 23
901 864
244 587
407 1954
311 348
72 520
66 1238
1056 1441
98 1032
1010 1146
469 1254
446 1538
969 1607
828 1035
178 178
128 615
183 30
76 1248
85 1748
599 789
816 950
722 306
129 169
929 1853
493 477
860 498
222 1878
863 1777
591 1317
86 286
319 70
84 1249
765 296
372 686
859 1069
361 1931
698 1841
485 1347
649 1128
915 924
732 270
741 1943
329 1608
540 193
607 629
286 148
148 1310
933 1768
474 1710
43 1116
212 1985
924 215
55 782
774 673
1045 157
452 1720
525 1417
1059 1581
560 1916
872 1276
161 785
165 127
713 518
578 732
260 197
50 1829
819 1595
971 1623
536 932
20 1911
209 57
287 1629
755 725
824 1736
620 1731
70 1846
1072 1337
1074 1476
1042 1501
524 187
383 455
867 1786
231 967
62 1918
593 1576
220 1341
365 402
601 629
495 1362
1014 1319
626 1959
485 283
473 781
328 89
170 42
631 1742
190 69
1043 349
30 605
848 18
911 1310
720 1228
248 770
432 136
972 1731
482 666
318 1510
669 1550
988 1726
950 1984
387 442
446 489
785 1894
261 100
122 1819
732 586
630 785
779 1853
250 1609
244 1609
265 676
