1599 963
464 557
402 1310
708 746
684 1159
1123 322
365 25
516 960
892 1939
765 284
692 223
1585 526
1217 712
441 1669
708 1301
1267 263
1389 717
772 704
619 152
1004 1153
1406 1580
413 943
497 726
902 538
1198 595
1412 1514
1304 1366
126 157
1345 605
1163 1328
859 1198
800 65
181 1553
8 1248
1544 664
1376 759
1058 1782
171 1462
89 1638
1420 1256
1506 787
1561 1316
1340 1578
800 763
76 1082
1443 841
576 555
506 886
1458 1263
930 1950
1077 303
570 1093
684 1063
1208 447
1135 1455
91 856
712 1886
1403 123
245 807
359 683
1344 171
1449 1355
273 897
1338 1658
1128 1048
1485 731
243 1874
995 913
1278 1653
1550 1066
184 1440
1578 962
1560 1994
25 1719
386 1429
39 366
1564 1975
471 614
1154 627
1471 1300
1150 1924
1400 1297
362 1549
758 1184
1013 960
190 1041
504 1353
1352 105
689 12
1331 1626
390 237
351 71
742 962
224 703
764 555
1040 1076
89 398
1402 254
910 287
841 1009
198 1932
460 953
884 1202
55 1721
1245 1181
1587 615
1422 77
1256 738
565 408
1006 673
904 48
734 1542
759 1635
718 1850
1527 1789
1306 746
58 305
119 188
173 638
343 758
468 1758
1336 1577
759 1157
1054 1467
1510 1822
1580 462
705 1586
818 1651
318 1233
1483 147
900 1116
302 1348
1242 733
87 1506
997 2000
284 727
371 863
1535 135
152 854
684 111
380 592
1536 1144
827 647
130 486
959 1662
922 126
632 1801
948 1328
1054 561
1376 995
560 1296
234 1066
426 1530
499 1323
677 1668
1030 1518
888 1974
606 1271
1418 38
965 1213
683 1466
726 1607
343 824
1436 1749
1475 655
337 843
1505 818
26 1117
186 960
724 188
945 11
288 677
239 1941
1238 1697
262 428
464 1773
858 494
682 1155
738 1564
1215 1091
174 287
994 1691
715 571
878 1514
1027 995
157 176
980 1724
314 1664
185 731
660 402
962 1720
248 1705
1545 171
220 1512
1167 1365
186 550
277 1777
397 908
671 47
587 787
703 1728
968 1968
293 1206
1426 1173
1262 1299
530 787
1515 1910
818 1153
869 1454
538 1508
1484 87
171 1192
617 504
463 1753
177 8
1266 1324
1498 486
1278 381
595 472
5 120
251 322
1378 521
1393 1184
1010 445
382 1926
581 859
1459 819
1595 384
426 66
593 1683
184 985
1365 1860
86 1156
474 1924
812 654
1227 1332
607 721
1008 1722
26 1752
850 1861
678 1306
1528 272
837 229
702 1898
572 47
1056 646
326 1668
1006 401
27 2
8 58
124 1438
1176 1264
1253 1222
99 468
1104 1177
1572 740
1189 999
325 995
1139 1841
203 541
1206 164
1372 82
1148 1445
1194 1683
710 615
89 769
513 1070
1240 1067
741 1414
1225 395
1382 552
399 421
874 1661
841 977
61 1418
155 1714
47 1461
1077 199
1591 1866
977 1065
855 268
833 719
108 1345
1518 914
276 413
1577 1313
1300 56
518 213
788 710
536 1992
691 483
581 880
518 1235
923 654
167 1004
1318 1301
786 817
376 416
975 1316
1383 1589
327 697
79 268
420 551
1136 369
1555 1550
1386 308
353 1616
451 1896
1281 592
1050 719
583 1499
1475 1062
892 200
393 1251
144 1938
55 1865
1172 1807
514 452
1006 299
1262 177
1430 974
1311 1869
935 330
1325 1224
1202 1516
253 1358
1054 1575
577 1151
414 784
195 1934
1283 1106
31 1700
134 1278
44 256
319 45
1208 1162
507 730
1423 1207
755 1423
697 543
1464 830
590 761
190 325
942 1180
1254 64
373 593
886 366
1417 640
479 455
868 687
999 1585
1419 1524
351 2000
1062 1674
1544 1201
704 1697
1001 340
267 60
1592 1921
670 374
857 1091
1339 1481
140 1514
1567 1558
1098 1744
742 1740
991 1829
1500 1107
1416 352
1402 648
1076 1065
662 1095
347 621
109 227
937 384
11 918
1581 794
1375 1956
1353 1071
979 427
177 119
1150 424
1388 18
595 1075
38 1534
406 1419
627 1794
1026 784
366 1040
964 573
476 990
678 1324
1346 694
779 594
194 1322
61 759
1344 769
354 969
420 1447
1581 1817
421 976
1398 1519
27 1593
1028 387
124 87
1321 1880
652 226
1271 717
308 1252
183 1914
166 1627
893 760
637 82
401 1843
838 1788
966 144
1091 1099
1024 190
713 482
508 1310
435 818
345 1957
904 1676
1411 240
967 1917
135 982
2 1153
1342 694
371 1549
1162 196
1252 1488
529 14
23 165
981 500
609 1909
378 630
833 882
66 1632
320 1903
189 1348
1460 355
327 101
889 702
1256 1211
539 1466
1179 763
599 1422
987 1151
998 638
1419 1959
1389 612
346 1077
186 861
170 1085
115 1332
593 220
747 506
834 129
188 935
727 893
549 1776
1058 779
574 1762
245 977
1263 31
653 1033
1433 998
1390 1833
736 1650
369 1029
1072 1568
352 147
984 300
1069 547
60 875
338 300
1594 1332
177 1399
779 1678
1040 967
44 1420
1571 1547
1443 135
1563 688
1075 996
906 1354
782 1364
72 778
820 1811
518 413
753 1580
1034 1734
1278 1216
801 130
946 1343
303 907
358 1666
232 163
123 205
847 1968
1278 276
630 1012
1136 1921
1547 730
1534 1436
942 410
431 1280
641 1116
733 1351
103 1074
399 405
179 73
0 620
1036 1533
1295 884
628 857
520 1520
222 570
445 836
831 825
438 979
594 1526
965 757
1090 8
383 502
1485 129
643 516
1255 475
119 1696
1536 112
1035 877
1432 1765
1526 1705
658 1859
11 1847
583 587
1347 1025
812 1948
1146 689
915 1893
1539 329
364 1655
59 1877
740 22
1143 1443
1153 1345
339 29
1541 1997
789 544
1033 1938
51 1719
425 1657
543 1849
1216 744
989 496
394 215
361 112
800 430
1158 1240
62 479
1553 1507
250 335
749 495
1003 1127
1031 675
306 1661
1443 819
235 1724
1248 766
1274 1075
1337 1572
1169 1760
1360 593
925 252
602 1506
850 1624
1533 295
1028 1723
836 1662
1380 1391
478 1893
542 657
861 1443
1399 565
1327 1129
445 1408
17 608
1530 527
776 677
1521 1731
1383 15
155 1728
11 452
1270 191
819 1997
68 1153
1026 125
50 633
984 280
626 1243
194 581
525 1159
1449 1828
1205 1671
109 931
859 396
913 1390
551 292
953 1476
1474 1677
79 1627
1186 1615
953 1843
420 763
1312 1160
927 372
578 1045
156 1570
22 1048
1493 930
102 1739
442 671
809 480
106 1420
902 407
1427 511
1284 1386
1378 1504
564 278
686 1887
1376 942
337 1912
597 912
254 1299
903 76
235 1858
163 161
1502 1907
828 1027
1272 1171
1238 19
1154 1777
1010 1674
134 1515
350 952
1295 181
1591 71
1214 888
157 1056
1018 1545
568 689
1424 439
151 962
1345 477
1048 309
442 441
468 1428
209 435
1121 213
1535 1692
1452 1015
1355 1021
595 1204
306 52
1511 123
105 1431
1527 613
1457 647
583 1023
164 1658
427 1180
1508 40
1255 1712
884 1515
366 1195
609 796
562 1339
248 1479
686 72
944 199
43 306
1522 339
1021 867
1334 1878
570 110
1031 786
1016 599
729 1475
407 795
938 544
828 522
1513 1237
223 977
776 269
95 1654
455 3
290 1319
860 1519
1155 1894
592 1442
494 303
1063 176
277 1950
603 125
819 1173
299 1155
684 565
1014 992
527 430
883 1540
1569 543
913 1814
718 235
502 941
241 943
1296 157
851 1893
502 1435
670 729
82 1718
1017 59
1185 1261
1127 71
502 582
1587 552
772 1366
792 1429
526 1166
1578 1680
1337 1789
251 529
391 1700
1166 1510
768 985
1038 1393
1159 555
1139 1466
10 99
735 1097
539 795
417 978
1135 28
919 1324
1412 70
849 78
124 1617
710 320
1020 1135
837 349
39 41
1578 422
33 804
285 112
1522 1626
1138 985
1587 145
1302 1612
1071 810
714 143
380 1792
1329 1178
734 105
1560 1430
1269 1501
531 1451
820 13
1238 701
1363 14
555 722
20 1591
400 828
721 629
160 750
347 378
627 1984
523 1735
752 1422
1274 92
1058 396
517 1388
1464 460
1526 223
769 1771
70 1647
100 1495
217 381
395 471
400 1368
1175 1457
706 246
1280 178
200 1070
1477 226
1444 1518
1296 645
1434 1360
1501 1953
1069 42
702 802
693 1055
963 1761
1233 1336
220 1132
151 217
47 968
581 424
513 1933
1560 1554
925 446
1472 262
803 1034
1324 1750
930 29
1297 1846
1177 996
1418 287
1074 1706
305 1444
668 1510
445 1398
1472 1909
1253 85
555 1299
292 1663
1555 562
1466 1556
1372 1810
890 886
1009 981
745 1276
1014 233
635 331
806 1090
522 163
1449 1637
16 781
967 401
1129 1371
620 1809
706 127
136 190
1021 1508
1158 29
138 1976
482 1036
1340 1519
700 1256
77 594
742 580
1166 1936
774 1154
798 1132
713 594
1317 544
1133 674
430 849
1170 1605
214 95
2 1838
638 1678
923 983
788 1188
782 1281
766 1547
810 461
12 553
867 1166
1357 1608
1587 606
835 974
1427 856
781 235
1517 1377
205 1947
995 1050
245 759
1407 1034
842 189
1315 1887
1505 1521
774 1423
295 1099
170 795
247 1925
1103 26
653 209
665 1118
522 498
427 1718
533 794
772 404
54 484
604 1860
1460 1625
342 1875
1086 625
1448 587
531 230
685 376
1204 1409
1048 252
1383 318
529 1878
1195 1100
1268 330
1242 589
1564 1629
634 1397
1585 1919
758 1251
203 476
546 227
901 101
805 1573
1260 352
81 209
1261 95
666 64
1025 302
1133 1166
261 862
1212 1616
229 548
659 330
302 995
218 1677
333 1133
1226 1991
95 407
1065 1068
606 315
331 743
1131 401
1297 223
246 1482
1167 1946
1398 1075
1063 468
399 883
1373 1629
1388 1178
452 1843
703 1223
170 237
851 411
1048 155
1557 856
1512 1398
1371 458
205 815
413 1401
123 520
1340 417
320 570
1147 1575
225 1990
118 294
1518 1651
1428 1184
1178 1732
518 140
491 575
1354 317
575 161
