100 2000
0 1
99 1
54 58
5 49
11 49
5 36
4 35
23 54
10 37
23 49
0 31
24 25
8 55
18 59
0 63
4 62
25 61
28 52
29 31
38 51
3 30
18 21
21 64
30 53
8 9
24 60
56 58
21 61
42 51
2 54
8 34
26 45
13 31
28 50
15 50
6 41
50 61
25 44
0 9
17 61
38 57
18 27
16 49
13 21
19 36
27 59
18 32
55 59
62 63
44 47
18 26
2 13
5 46
20 31
24 27
51 62
9 24
1 10
21 39
21 54
34 62
24 33
46 47
25 54
12 42
22 55
53 56
28 33
19 58
55 62
47 53
30 37
25 31
6 17
4 28
32 51
34 35
25 63
27 28
21 32
32 53
41 61
9 18
6 36
49 62
19 33
1 26
51 52
0 4
45 51
33 48
36 43
35 37
24 59
7 38
24 36
25 40
46 58
10 13
37 48
39 50
44 52
2 42
2 30
27 47
2 11
26 62
48 59
2 58
25 52
8 20
7 17
0 40
8 24
11 51
22 56
44 56
8 40
48 57
16 21
32 57
7 41
4 41
10 62
38 52
20 28
34 54
21 53
22 50
9 36
12 34
17 18
1 50
9 63
15 27
7 33
33 36
15 25
15 18
43 44
36 61
11 34
4 6
36 42
10 58
8 58
32 37
3 39
33 60
42 64
33 53
23 42
38 46
18 58
8 59
11 46
19 63
34 51
1 15
12 13
26 63
34 40
54 57
42 43
34 36
19 56
0 17
8 31
15 58
9 15
39 40
27 35
35 53
30 42
14 29
43 45
24 51
24 32
31 32
2 43
5 33
0 33
18 42
43 64
1 39
21 27
40 62
11 57
9 56
14 58
44 45
14 27
1 33
3 61
17 31
10 35
12 55
20 34
19 42
9 30
14 54
2 46
7 40
13 35
21 60
8 48
10 52
28 63
18 36
43 46
16 23
1 31
40 54
22 60
17 38
28 58
43 61
48 63
54 56
4 9
41 53
22 39
0 15
6 56
15 54
11 63
4 38
21 33
40 64
10 25
7 28
43 60
6 32
4 37
13 60
18 30
1 42
23 47
12 62
48 58
32 45
11 41
20 44
27 43
11 64
35 64
22 26
34 43
31 61
23 64
58 61
10 14
7 59
48 52
13 26
4 7
44 64
13 49
12 17
21 58
58 62
18 24
0 20
4 20
48 56
19 46
47 51
23 63
13 55
36 63
1 56
19 31
43 47
19 55
36 60
30 58
16 63
3 26
51 57
14 21
10 57
29 40
17 49
44 59
22 24
10 61
52 63
3 47
31 39
40 49
36 62
19 27
39 54
58 63
2 34
1 11
17 63
14 48
0 50
0 44
37 41
52 57
8 13
41 63
25 60
20 29
26 34
12 60
39 47
29 60
37 62
34 41
39 41
16 62
16 55
7 61
16 59
61 62
25 26
30 31
25 46
31 50
15 36
41 42
17 41
8 21
25 48
29 58
31 48
30 40
12 38
12 25
18 34
8 16
5 14
7 44
19 41
3 20
60 62
4 59
7 55
7 45
36 52
28 34
32 50
11 53
24 44
20 26
11 26
2 50
6 8
16 58
25 58
23 45
8 37
36 58
32 35
45 48
51 63
10 20
15 40
8 15
5 22
27 38
6 38
19 44
15 19
7 54
22 57
28 47
5 40
37 47
41 47
14 23
7 24
16 42
8 50
35 63
9 33
18 56
8 47
6 57
7 22
21 45
12 63
33 39
38 41
24 34
3 10
21 48
5 47
12 20
15 41
4 18
30 60
0 30
1 63
6 44
18 54
20 46
51 56
2 26
10 21
28 29
16 40
4 61
49 59
3 6
33 34
5 56
40 61
55 58
41 59
34 64
29 46
42 52
28 30
39 46
48 51
3 51
52 54
13 56
9 58
22 43
12 28
38 60
22 51
8 28
2 36
7 19
39 42
5 13
40 58
31 33
44 54
37 55
56 60
9 43
0 58
13 28
33 40
17 51
9 52
36 51
31 41
16 41
33 45
39 61
21 34
22 52
3 25
1 16
5 34
0 21
6 47
25 53
7 48
36 57
31 45
13 63
25 28
27 48
23 61
35 58
15 56
50 53
32 58
18 63
2 31
29 43
28 62
28 49
12 45
5 29
23 62
5 57
13 32
9 62
3 21
3 45
23 51
41 60
3 16
29 51
1 22
13 43
32 48
11 14
4 52
15 52
35 43
1 6
16 32
19 57
26 27
3 13
18 62
17 24
12 24
13 37
35 42
9 47
7 21
10 43
9 41
36 37
2 38
20 55
4 13
3 11
40 60
0 34
5 42
13 47
55 61
5 50
18 57
19 37
37 58
4 17
26 28
38 58
28 55
16 51
1 45
7 25
9 49
25 41
12 50
36 44
36 55
11 58
7 20
24 53
11 15
12 14
34 59
4 25
2 51
2 24
26 54
21 50
35 55
28 51
0 61
29 52
28 61
14 49
8 33
33 62
33 59
6 29
10 53
6 37
12 52
43 59
50 63
5 15
45 61
27 44
19 38
26 40
31 34
17 33
17 25
9 16
7 12
8 46
23 53
41 48
6 10
16 20
11 18
22 42
32 63
18 25
13 44
45 62
9 48
12 23
6 35
10 40
17 37
32 52
8 60
12 49
8 54
35 52
18 20
35 39
13 53
19 54
9 23
17 60
28 57
12 33
31 37
2 10
5 39
11 20
21 26
21 49
26 55
16 28
44 49
0 11
2 6
18 52
5 37
6 33
8 57
14 16
12 16
26 37
35 40
30 57
20 37
12 39
15 47
18 43
26 60
33 57
11 29
37 42
7 29
20 33
25 57
11 23
21 56
12 26
7 53
9 21
15 60
14 36
31 58
9 14
16 52
3 17
0 24
8 61
5 21
39 57
20 52
2 37
2 12
43 56
40 48
14 59
11 54
13 33
0 27
3 42
24 41
38 44
23 50
4 29
4 23
28 53
14 37
16 54
9 35
4 53
35 48
31 53
55 63
22 29
25 51
8 30
3 15
21 22
15 63
1 44
0 8
27 56
11 43
35 47
44 63
3 64
45 46
31 62
41 56
46 54
46 60
32 60
1 5
49 57
3 35
6 50
16 22
32 47
9 39
40 42
9 53
6 25
9 34
0 53
33 38
49 54
12 48
23 35
33 47
27 33
40 55
41 57
56 63
2 52
38 40
15 49
10 63
11 17
22 48
16 44
4 51
24 52
52 58
0 52
16 25
10 15
2 22
26 56
36 47
35 45
2 18
10 39
36 48
55 56
12 59
16 30
11 45
2 35
13 51
14 34
2 47
30 62
31 52
13 15
18 47
1 47
11 44
27 42
48 55
18 19
25 38
2 14
5 8
41 51
5 45
7 43
8 18
43 58
23 25
45 56
1 43
9 38
29 45
56 59
1 17
22 30
31 35
7 10
10 27
25 42
38 59
20 32
16 35
34 46
11 35
41 64
26 44
17 46
44 58
14 60
39 51
41 52
35 59
18 29
11 61
2 59
26 36
55 60
20 61
56 62
27 52
3 19
11 39
13 16
4 40
36 59
5 17
44 55
0 57
49 58
42 56
1 64
15 46
4 12
47 56
7 27
16 57
14 44
17 27
16 38
4 43
30 41
6 16
21 51
44 48
5 28
30 51
28 54
27 58
23 60
28 64
27 29
49 61
31 60
5 48
6 22
17 35
16 24
22 25
0 12
9 12
42 60
38 54
29 35
5 44
0 22
48 62
19 48
23 31
0 64
40 45
19 35
25 64
32 41
20 48
15 30
23 34
3 60
19 50
7 51
19 30
17 32
11 25
3 57
34 44
7 47
13 14
6 31
16 64
0 46
37 57
2 5
0 16
15 34
1 7
15 64
4 36
33 44
19 61
20 30
6 20
1 59
5 61
13 29
6 42
20 57
0 19
28 35
17 48
19 64
31 54
15 51
1 51
27 53
41 45
22 49
32 44
25 49
12 58
0 41
34 57
34 37
37 60
3 46
39 52
3 41
26 52
29 61
37 61
10 33
11 36
37 54
35 60
9 40
0 51
34 38
16 61
23 32
29 56
1 9
25 39
10 47
14 25
46 57
14 19
13 50
42 50
30 32
34 50
19 34
21 25
25 30
20 38
4 50
20 62
2 29
2 15
19 23
7 23
41 55
17 23
31 47
13 48
49 51
27 51
27 54
5 38
27 49
30 46
6 43
18 22
33 35
53 62
25 50
54 62
16 36
28 59
19 22
21 55
47 50
43 51
9 64
2 49
4 46
1 35
42 48
22 44
26 41
19 26
56 57
14 39
42 53
6 21
2 7
47 61
1 52
51 54
14 35
53 59
42 57
28 60
31 49
57 58
2 8
45 54
16 47
15 29
14 28
42 63
5 7
20 60
44 50
20 25
20 24
22 33
11 60
5 35
18 48
25 43
8 41
17 55
12 21
35 44
15 32
18 35
6 12
12 32
34 53
7 31
14 40
51 60
3 18
31 46
3 33
6 27
12 54
1 23
32 61
22 64
40 63
22 35
39 58
8 42
53 54
24 26
12 64
5 20
52 59
23 55
42 45
8 63
10 12
8 26
13 54
3 53
22 62
15 55
8 22
1 4
29 32
17 43
7 60
26 64
26 29
53 63
53 60
22 38
1 55
30 52
6 14
20 41
6 11
22 27
47 63
18 33
4 56
23 40
33 50
17 64
46 63
2 28
3 31
3 38
33 54
15 28
16 33
3 50
31 38
9 46
32 42
8 38
14 61
6 63
41 44
10 46
12 15
7 15
33 49
7 16
33 46
11 38
53 55
14 38
32 62
13 38
39 62
36 64
8 45
2 20
20 35
6 61
24 45
19 32
41 62
45 52
16 50
16 18
0 13
58 60
33 61
3 27
27 34
1 24
30 61
2 17
14 30
20 49
35 36
9 55
7 14
45 49
15 45
14 62
32 54
6 34
5 58
42 49
4 19
17 50
5 11
6 7
25 36
2 55
38 47
46 52
61 63
10 23
48 49
30 33
6 19
24 61
27 31
38 64
24 39
50 58
37 64
11 55
18 53
7 62
0 42
1 54
22 40
2 62
18 31
29 33
21 46
38 45
7 49
11 40
58 59
10 16
14 51
13 41
40 41
17 58
14 55
7 56
13 61
17 26
6 9
10 24
14 33
8 44
5 51
0 48
36 46
26 48
38 61
21 29
43 53
3 63
17 29
27 41
11 28
20 53
14 42
13 17
22 31
7 11
22 45
43 50
9 44
18 51
38 56
6 48
2 60
37 52
33 43
12 44
39 63
17 39
13 18
42 62
29 41
12 56
4 39
31 43
5 31
37 53
33 37
39 60
14 50
23 59
49 55
38 63
34 63
23 27
0 29
46 50
4 58
46 49
18 55
6 59
37 46
49 56
13 22
10 48
5 26
50 52
16 26
14 22
43 62
9 45
43 48
7 37
17 20
14 56
10 51
0 7
23 29
15 59
47 55
27 39
31 36
5 60
29 57
11 30
29 36
45 59
39 49
43 49
15 31
24 38
8 32
13 36
45 58
0 3
12 57
4 64
0 55
36 49
28 42
21 63
27 36
4 26
9 13
33 55
40 43
39 43
41 49
24 30
23 57
12 31
46 62
17 53
56 61
9 27
8 43
13 64
47 57
1 48
7 64
17 34
47 60
3 62
47 62
45 60
26 30
54 55
8 11
44 60
29 44
43 63
25 56
32 36
24 28
35 62
12 36
39 44
53 58
53 57
5 19
26 46
23 46
47 58
3 34
23 41
34 56
28 45
36 45
35 54
49 50
30 64
18 40
34 49
1 13
19 52
0 45
16 34
3 32
8 52
17 52
7 35
46 56
11 50
3 5
1 14
20 56
35 49
1 28
22 36
28 40
19 24
30 47
8 19
13 52
35 41
15 57
6 58
28 46
19 47
45 50
57 60
10 50
29 48
23 58
10 54
10 41
0 60
20 45
16 60
3 54
10 60
2 25
1 61
9 54
15 35
31 44
1 60
2 61
8 23
16 37
12 30
1 41
24 42
17 62
57 63
26 53
9 60
15 37
19 43
23 37
10 26
9 61
48 61
9 17
45 63
14 43
60 61
34 45
40 53
6 28
14 52
45 57
20 50
39 59
4 32
42 58
3 52
5 23
15 23
11 27
27 37
40 59
9 59
32 34
32 38
48 60
24 49
6 60
21 52
57 59
60 63
30 43
52 61
18 50
7 39
28 39
22 28
5 10
26 50
9 51
27 64
40 47
14 63
19 49
5 52
28 44
34 47
14 64
31 51
9 29
37 43
26 59
21 30
20 21
33 63
30 44
24 58
6 39
16 45
23 48
12 53
24 55
42 47
29 59
10 28
2 27
14 26
25 33
47 48
25 55
54 63
26 51
15 21
0 54
23 43
36 40
37 44
12 46
20 47
4 48
23 26
54 60
20 64
14 53
13 45
30 38
42 59
6 23
16 31
26 43
35 56
43 54
19 28
41 50
17 40
48 50
10 44
21 31
50 59
0 35
30 36
45 53
15 38
27 45
40 51
34 39
16 17
31 57
42 55
31 40
8 49
31 56
41 54
50 62
37 56
33 52
35 57
11 62
16 19
34 61
26 35
32 46
27 55
15 42
0 36
42 61
36 50
31 42
9 19
9 26
19 51
19 59
43 55
18 45
15 62
51 59
24 64
7 32
11 59
37 50
50 51
15 24
18 46
46 53
29 47
5 53
1 20
19 62
12 43
40 44
4 47
5 24
6 45
6 40
32 40
45 47
29 37
4 8
24 62
4 44
40 57
15 53
2 32
14 24
22 47
20 51
14 32
4 45
17 44
29 50
5 63
50 55
1 19
28 43
35 46
50 57
10 18
22 59
17 22
37 39
37 49
11 21
14 31
32 56
18 39
3 43
16 27
28 38
8 53
55 57
10 36
0 28
49 60
15 43
46 61
7 46
1 18
21 24
7 18
6 62
33 51
8 36
12 35
22 46
29 63
37 45
34 52
9 20
7 57
30 48
15 17
4 16
43 57
38 48
20 59
11 52
38 53
47 54
11 13
3 22
31 59
10 45
5 25
46 55
33 64
8 14
16 53
0 38
7 9
14 17
4 21
8 25
1 49
10 34
13 30
26 61
24 57
8 64
33 41
20 27
2 21
17 59
18 37
6 55
32 43
27 60
35 38
19 29
4 31
6 30
11 42
39 56
15 26
1 37
26 49
21 36
41 43
22 41
2 4
25 62
23 33
28 48
26 32
49 52
33 56
6 15
38 62
10 56
27 30
16 48
0 5
19 53
38 55
17 45
21 42
9 37
4 27
6 24
27 63
10 30
38 49
9 22
16 46
33 42
37 38
27 57
5 64
3 24
3 29
52 53
15 48
39 64
23 39
29 42
15 39
35 50
9 32
12 22
21 28
13 20
21 47
11 19
2 56
18 28
17 30
15 33
26 38
9 57
23 30
13 24
19 60
1 46
10 55
0 25
20 63
42 46
36 41
4 30
1 3
22 34
23 44
17 47
8 39
14 46
44 53
30 35
29 54
23 52
4 63
47 52
46 59
4 54
38 43
26 47
13 58
16 39
14 18
25 32
4 57
21 41
3 59
35 51
1 38
54 59
15 16
2 44
11 32
14 20
30 54
9 11
10 59
18 38
10 11
4 60
26 57
14 57
21 43
21 57
0 23
25 59
34 48
36 54
2 39
17 36
1 30
27 40
7 50
13 42
34 55
46 48
18 60
16 56
2 41
11 22
25 37
30 56
12 18
9 31
28 56
30 34
7 30
3 49
30 49
5 59
29 34
9 42
11 33
7 8
20 40
20 54
25 35
54 61
31 63
39 53
30 63
41 58
37 51
39 48
42 44
45 55
19 39
10 19
29 53
1 21
0 6
24 40
2 63
48 54
22 23
28 37
0 18
1 53
38 39
0 56
19 21
4 24
17 54
6 13
0 43
21 62
12 51
48 53
10 38
8 56
31 55
2 40
30 59
1 40
3 55
24 29
24 37
0 14
6 46
7 63
17 57
8 10
28 32
24 31
24 56
32 33
1 27
11 37
4 10
36 53
51 55
24 43
0 26
7 42
5 12
36 38
2 9
39 45
52 56
41 46
19 25
25 45
44 57
20 58
42 54
17 19
0 62
13 19
53 61
6 18
29 55
15 61
32 55
5 43
21 23
10 29
10 42
26 42
44 62
30 45
25 27
52 60
47 49
21 35
2 64
38 42
2 33
0 39
29 39
16 29
2 23
3 36
3 44
3 40
21 40
31 64
10 64
40 52
2 53
34 60
11 56
8 62
29 49
1 36
30 55
57 62
34 42
26 39
0 2
1 34
44 46
29 64
4 33
2 48
3 23
39 55
20 43
13 62
5 41
4 42
40 46
1 8
23 38
10 22
46 51
12 19
8 12
26 58
52 55
24 47
3 37
20 22
49 63
9 28
22 61
52 62
47 59
4 34
4 49
33 58
40 50
24 46
22 53
7 36
0 49
8 27
6 49
32 49
11 31
22 58
25 29
10 31
27 50
2 45
13 34
13 25
35 61
1 25
24 54
17 28
18 64
20 42
8 35
20 36
10 32
50 56
27 61
50 60
12 37
5 32
5 30
12 29
2 16
0 37
13 40
21 44
0 32
49 53
19 45
23 28
18 23
4 14
27 62
22 32
27 46
6 51
22 63
44 61
37 59
1 62
5 16
21 59
0 47
10 17
37 63
36 39
50 54
34 58
51 61
13 39
1 32
29 62
17 56
51 53
12 27
40 56
3 48
32 64
21 37
6 26
51 58
4 15
15 20
18 44
0 10
36 56
12 41
4 22
18 49
13 27
29 38
1 57
8 29
6 54
7 34
12 40
28 41
25 47
13 57
57 61
12 61
14 41
13 59
23 56
6 52
22 54
5 62
7 58
30 39
24 48
6 64
44 51
30 50
32 59
3 58
24 50
38 50
1 12
14 47
26 31
11 47
24 63
3 9
18 61
23 24
20 23
3 12
37 40
28 36
43 52
5 55
32 39
