30000 2471
1 2
0 29997
21664 47
9165 11
20724 11
8888 7
7196 31
13981 47
13348 5
21745 59
21830 23
6210 5
22605 3
25278 17
16269 7
17731 3
9312 47
25568 7
22169 41
13038 23
5980 41
4469 29
23490 11
12331 41
2378 23
5244 7
27055 59
17877 37
20757 37
259 29
551 11
2849 41
12177 23
28198 31
18321 13
22308 19
25517 47
28529 3
16731 41
28536 31
12090 29
18821 11
13233 13
29419 37
13727 37
12210 31
496 37
4625 17
6307 47
26602 3
28845 19
7923 19
1368 41
2378 11
20680 47
21103 7
4830 29
17226 3
12315 29
22330 19
11989 47
12173 31
28334 59
12921 31
5518 59
12213 29
522 31
21514 29
23490 19
22838 47
28059 5
6420 47
1551 11
3784 19
13357 29
754 19
24016 31
6572 59
9971 17
29104 59
9558 47
18424 31
24552 37
22755 31
26319 37
9472 31
1333 59
29441 11
29458 13
12545 19
20843 47
19975 11
17589 17
6579 5
3750 7
26362 47
26367 17
19720 47
8930 29
15602 5
8210 11
16951 11
17490 19
18183 5
14805 41
24928 13
23738 11
21208 3
6216 29
21634 41
23083 59
15753 19
24054 59
3481 31
6448 29
11368 31
20274 11
24871 47
6298 41
17712 47
9541 7
10976 59
1357 59
4425 59
3540 17
22185 31
6293 23
11040 13
26936 11
6512 13
24895 19
19950 31
4619 19
513 29
18299 31
11067 59
25311 7
16044 7
19481 23
17963 47
23218 5
12200 19
25897 19
23617 19
18981 59
20414 31
21390 11
19844 17
13532 7
29428 31
1147 19
26942 3
22587 31
9424 47
9212 29
19662 47
19552 11
18084 29
7714 47
10481 59
25252 13
19344 3
19929 11
20702 23
17618 47
2491 37
1739 47
9964 59
17582 3
7236 5
10765 47
29281 17
28815 23
7222 7
5677 41
24682 23
29578 19
11609 11
14751 23
10810 23
23897 7
3864 17
22984 5
16940 19
29222 31
16275 47
19458 11
17963 17
11220 11
27808 29
12992 7
3381 23
22793 47
25427 13
20748 23
10074 5
7045 47
27213 17
23919 59
24249 37
11433 11
18502 7
8603 59
12862 29
6960 31
18631 19
19779 37
2738 17
13719 37
16465 59
1888 7
12040 5
8275 47
26085 5
12520 47
846 47
23030 41
10168 31
17515 47
1316 7
3822 17
3519 41
14719 11
14146 37
25937 5
12055 3
7326 31
28892 47
7755 47
27401 41
25215 29
12006 41
410 7
10360 47
1504 59
7375 29
29261 13
3068 47
25380 23
29601 37
5143 59
12980 23
1564 29
6206 5
2685 7
7833 31
8680 7
10276 13
1404 3
912 59
16166 41
492 13
3367 7
5054 17
1717 41
12628 37
7807 31
29171 5
26755 13
25779 37
13505 47
25333 37
27380 37
8177 31
6603 7
28868 37
1036 31
19437 17
14637 13
27326 13
8580 47
21244 59
15812 11
23111 7
12663 47
8272 31
1054 5
23090 5
29600 37
16983 31
8556 47
24252 47
18847 37
23384 47
21667 5
6280 17
16966 13
21879 3
19341 19
3534 17
1020 59
18585 19
23408 47
27589 7
3269 31
5673 31
20491 5
19315 23
22862 41
15580 47
15839 7
2793 31
19468 17
4675 3
14601 47
25568 59
14691 47
17484 3
6501 29
6931 37
14356 41
1558 19
10773 17
2584 29
6003 29
16646 17
26911 17
3009 11
583 23
24771 47
5264 5
15050 31
16089 59
8024 37
6068 23
1104 37
3478 37
23606 47
2256 19
11115 47
7943 37
4181 29
18966 37
7141 37
10286 23
9545 37
3700 3
19266 23
24472 19
18696 23
9108 31
18290 23
18055 17
24463 5
4735 19
7790 59
10089 19
8531 29
19981 47
17813 13
1287 41
18491 11
22066 23
17595 37
4810 31
24366 31
434 41
9717 59
13098 11
29909 3
8289 59
19411 31
23281 59
11328 47
22137 59
4956 3
7272 13
5486 13
12116 3
9147 47
15839 19
26239 59
10738 7
6860 11
12782 59
16874 5
1585 11
29414 47
15886 17
14722 11
1188 3
12792 17
19567 19
21166 5
28430 23
29348 11
25718 23
14237 59
649 23
18446 17
8041 37
12210 3
24879 7
25893 29
5220 31
23870 19
25992 37
18537 7
24815 29
15515 41
984 47
5593 47
26790 47
14241 13
9646 29
4698 47
13489 11
22517 59
10856 41
14801 19
5472 31
16833 11
28853 13
5018 23
6578 19
19285 17
17374 3
28968 31
22227 13
8099 17
7582 19
10811 17
19261 59
27494 47
21620 59
26963 19
7106 37
5328 19
5358 13
4173 41
27224 29
12180 29
13050 3
19935 13
9087 41
17220 13
2509 5
15465 19
13167 13
2886 3
28257 47
13865 29
348 5
26260 23
20447 59
8201 7
17829 37
18093 41
10127 11
21472 41
27060 23
16077 7
21490 31
2139 23
25369 23
25737 41
13079 31
16058 47
3901 19
21204 17
255 13
20384 3
525 13
611 23
22563 5
10485 5
22350 41
20377 59
20001 17
21454 7
6741 31
6944 3
21330 37
19758 59
17523 3
21945 11
11869 5
23235 11
4213 3
6393 23
17733 41
24928 5
25465 3
8814 31
19561 11
11913 47
15087 59
17700 17
1717 23
15916 13
28288 13
4355 59
10856 23
19251 17
7072 29
5597 17
16439 37
25937 23
28957 29
2059 41
20582 31
2728 37
13764 37
1776 29
19691 13
3744 23
7015 5
19295 11
24519 47
14335 5
21855 11
10692 19
29887 23
27278 31
8804 37
6401 13
20462 17
23868 37
2479 3
23610 23
27209 11
4609 11
18491 31
26877 23
10235 29
5162 29
6380 47
16826 23
3772 59
26491 19
20710 7
24234 11
28270 19
23066 59
24839 31
14136 59
59 7
1694 5
9675 7
7259 19
20387 37
12913 37
29415 3
11682 13
10023 37
29378 3
21429 47
24111 59
5841 47
24863 13
26130 29
1508 41
12300 11
9009 31
23467 23
3726 59
14160 17
2873 3
21168 41
7339 19
17252 41
6642 37
7992 47
15510 37
13024 19
24054 29
3335 47
21855 29
21518 29
9483 47
24111 47
22560 11
19074 59
24190 5
3570 7
10962 41
7298 47
14006 59
6490 11
7557 11
1958 3
14877 5
5915 37
6216 23
22126 11
27610 47
11139 19
20539 37
1184 5
3945 11
14498 7
1344 11
29920 37
16983 3
27621 13
16380 37
26196 31
15748 19
21964 23
23345 17
10710 59
17228 23
25714 19
8911 59
21417 37
14985 29
18009 11
15400 13
3523 37
8251 41
15088 47
5593 31
10726 37
20350 41
4592 59
13157 3
17088 19
798 41
23329 41
12874 13
29393 13
25480 37
6882 47
3478 31
1488 23
13524 59
19057 3
20931 5
13080 37
9287 7
29148 41
21894 59
17936 31
2387 31
19809 47
10669 23
17894 29
1044 5
9050 23
27002 3
18117 59
27848 11
12727 47
24393 7
28784 31
27125 31
8153 47
24017 13
8359 13
5226 13
19318 11
20658 23
22149 11
4059 17
21148 19
3629 29
10643 37
24975 7
12971 13
29224 47
8084 47
23782 23
17296 19
1748 29
435 41
14719 19
15219 31
2883 17
25840 19
17822 23
25783 7
11690 13
6513 7
14007 3
13596 11
11792 59
1239 47
3384 31
11346 5
10350 5
18785 37
9324 13
10894 11
3443 37
24272 47
17155 23
16537 3
5286 5
18815 13
3484 17
19414 3
21690 11
24299 29
26071 47
21197 41
25297 11
5786 31
7037 31
26970 23
3864 37
24383 13
3211 19
1843 11
4444 41
25256 7
13993 3
22092 5
16525 7
9772 41
15498 29
15805 11
22891 19
9405 19
27075 31
7316 41
12382 29
19024 5
5760 3
19116 41
12792 17
9282 31
14942 13
3211 19
20064 59
22361 59
4307 5
2660 41
25092 47
10293 13
25675 41
22017 17
14586 11
15983 19
4617 47
7379 59
9971 29
11049 29
17777 17
26877 31
11780 17
29087 3
27339 47
14523 19
228 5
27615 23
19044 17
918 19
25517 41
21197 59
8673 47
7990 7
13811 59
15576 59
15635 59
27789 29
19575 19
19380 3
2196 11
3388 5
16385 5
21660 41
28864 7
10003 17
19822 3
2046 19
20729 7
7665 5
9165 41
18163 59
24662 47
27871 59
17287 59
13806 23
17457 11
3608 7
17682 17
28730 5
5975 59
17169 23
16008 23
18354 3
7062 23
24587 11
14014 19
8113 47
12643 47
6298 17
13413 7
22008 41
20992 5
3240 47
27871 5
25140 37
24161 47
16215 59
21063 13
17563 41
19844 31
24707 13
19422 17
21743 59
19883 3
10206 5
28175 29
10527 31
2573 19
20330 37
7215 3
22071 29
21112 47
9118 37
3034 13
21073 47
19458 41
3280 13
9386 17
13821 31
18507 37
7511 41
9594 41
123 11
20218 7
29407 7
2590 5
26010 19
5966 19
16929 3
12789 59
18998 11
12826 37
12654 31
12152 37
5291 3
10761 47
9635 29
26854 37
5476 59
24603 59
15222 47
10528 17
14739 37
17945 17
25721 59
22597 7
9485 5
9020 59
3127 11
16830 31
6758 17
8466 19
12635 59
2655 19
24624 29
19749 3
3750 29
17806 19
12749 7
23961 7
1022 7
29659 37
2701 13
13104 3
5439 17
15589 31
29109 19
29317 41
28577 5
28080 17
16405 5
9135 31
3720 19
25878 17
2567 3
17292 37
10027 17
10965 3
3429 29
27376 29
28478 17
5100 59
29736 47
6063 41
27757 17
4947 29
12325 5
14700 7
20839 13
429 17
2601 29
29899 7
21252 5
7225 59
6018 59
11505 11
682 29
261 5
3710 7
24458 41
5453 11
18898 41
21566 19
19114 3
29994 47
10857 3
5073 17
1666 47
15698 37
1517 41
23739 29
16182 59
28202 23
14605 11
1628 29
17458 59
27671 23
21068 29
26332 59
767 31
2821 29
12499 47
13254 47
15980 59
21181 37
29045 41
23944 29
27985 19
2603 23
11753 23
27945 19
10184 37
28490 11
22594 7
27454 17
5967 41
246 5
24060 59
21889 29
12180 13
19552 11
9933 19
17328 59
22361 23
46 19
1596 19
26125 19
18772 31
17794 5
1440 17
13056 5
7005 19
12407 29
28942 59
25842 17
5355 47
17155 47
3948 41
3157 29
14181 11
3223 19
20045 59
6431 5
25110 19
22933 11
12199 29
17197 7
9884 11
22418 31
15779 7
10164 29
22098 3
28380 3
23163 47
8460 13
15301 19
18601 47
17766 5
16980 23
15824 47
10857 13
23387 7
7693 11
29975 23
20447 7
21518 19
23142 23
17319 13
8827 5
28075 37
4403 47
7943 31
22537 7
11186 7
24136 59
19647 37
26381 19
3002 37
27639 47
10669 17
21556 31
6944 11
23463 41
27511 31
18383 3
9546 41
10127 11
4477 37
9546 17
29376 41
21566 41
11357 31
19685 11
10274 3
11532 59
944 3
7002 7
9457 37
22977 37
18685 47
14006 23
20539 3
19689 3
14865 5
28500 31
3565 17
1394 41
20910 23
690 37
19351 23
23713 47
18001 11
8536 13
9100 47
23735 3
8469 47
18753 29
1682 23
22034 47
10575 29
22794 47
10857 3
20445 37
19647 11
9196 59
29677 3
22206 7
29708 19
16093 17
29138 29
19053 41
11808 41
22673 19
25118 5
25670 17
21454 11
22429 11
1837 13
14274 31
5394 5
7550 7
26551 37
9065 5
16275 11
20240 11
13002 41
24477 37
24716 11
24959 59
11210 13
1131 17
24497 11
3091 3
7452 11
23980 13
11583 47
21620 47
13207 23
3266 7
10073 41
25461 47
18236 17
26095 13
21866 11
14509 41
26445 7
2100 13
24544 47
10434 37
2738 37
25826 3
13392 37
962 31
28830 11
2024 13
26624 13
3640 41
15375 29
23809 5
15230 11
1617 19
22819 19
4484 59
23482 59
15163 41
11029 37
20498 37
16465 11
8316 23
25369 47
29704 29
18125 3
2787 59
6785 59
13688 13
3263 7
16989 5
235 23
19113 5
19700 11
21516 17
7055 23
14168 11
27181 47
8930 31
10261 13
26884 17
17221 17
27608 47
14006 3
18717 41
7216 23
12466 59
20945 47
15698 19
29222 17
9894 11
3025 59
4897 59
708 5
7435 19
21299 17
14467 47
28952 59
354 13
17576 11
19613 3
18624 7
13524 41
24436 7
24948 23
25093 3
1542 5
2370 7
18389 59
2301 29
725 23
8027 19
29640 11
15994 41
17097 3
10800 29
24940 59
6549 47
7614 11
16654 37
6734 7
4249 37
23680 47
28012 7
23947 3
21579 7
28847 59
23364 29
2900 3
23673 59
8850 23
19274 13
23894 37
13764 13
23829 3
15435 23
20263 31
22723 29
21692 5
15510 31
713 59
17641 41
2870 29
13079 23
22563 19
22268 13
13611 5
15110 41
11644 41
17671 23
17871 19
21280 7
13048 13
1690 13
11011 7
5642 11
10571 41
1271 59
6549 7
23030 31
29295 41
14063 17
19992 13
17576 37
2812 5
4215 5
10400 59
20591 17
28577 31
26722 5
14815 13
21021 11
924 29
8555 17
476 13
19565 29
22156 11
7238 5
15445 23
29164 29
464 3
27879 31
5363 41
17056 23
3358 17
8517 17
18615 17
26809 5
4685 47
2303 37
12469 11
6743 59
26491 59
24072 13
11453 37
29674 19
4028 31
24955 17
7242 11
253 3
11853 5
8440 47
27636 37
11988 47
10199 23
3243 7
29512 47
11139 59
5841 19
361 13
28626 31
2635 41
2091 19
5225 37
4033 7
2709 59
22184 11
23463 19
6688 37
21904 7
20692 41
3690 13
5447 11
20339 23
14605 41
12669 19
17157 47
3431 5
21060 5
23535 31
28830 3
16293 37
28490 19
15143 23
7751 3
26544 41
13612 5
3020 5
29315 29
15312 29
26274 3
18768 47
16920 37
925 19
13110 13
7644 31
8432 23
2047 41
12874 59
5251 31
24707 29
16037 3
25785 41
16892 11
12089 13
1326 41
20992 47
29986 31
15190 41
23411 59
27317 41
20705 47
25051 7
27342 23
26197 13
22594 11
10802 7
15771 5
6560 17
19159 37
18278 41
21566 47
14241 31
28520 29
29899 17
24803 59
12272 47
16967 23
1012 11
13992 29
24853 23
26910 13
13754 3
20055 11
20306 3
14673 31
24924 19
29089 3
26457 31
12431 47
7003 13
2015 37
14726 41
14924 47
20069 31
13113 11
29348 11
13717 29
15196 3
9477 37
25678 7
18186 23
8303 23
20148 3
5349 37
23569 37
28786 19
8075 11
23980 7
3906 11
14784 23
11615 37
4699 47
22090 17
11152 3
16041 31
15810 19
17746 11
19756 47
19223 5
11460 37
1221 41
12669 17
23766 37
25086 13
9256 37
26973 29
18125 23
943 59
3835 19
16112 37
21460 11
2299 11
2222 19
11571 59
25429 17
13583 17
15215 47
27354 7
12999 59
5605 41
13202 29
2639 41
5863 5
2575 5
7890 31
4309 59
18998 11
5643 17
9299 11
5478 31
9734 3
10020 29
24505 29
8323 31
11005 3
18033 19
23921 7
11788 31
6665 31
10323 31
2108 19
17423 17
19295 37
28453 23
4117 59
2301 29
29928 5
15915 47
16074 3
16428 47
11280 29
4292 17
15419 37
7548 47
658 23
15157 41
9717 59
24485 7
11788 31
19468 7
9093 37
26233 7
22246 7
21525 5
18950 37
23828 3
27450 17
12359 23
20907 5
5490 59
13629 47
2397 7
18718 37
24605 7
4795 17
1819 17
3961 23
28060 17
11237 3
27180 31
19003 41
23657 7
21784 7
26103 41
21238 23
29233 59
16107 13
8333 3
17805 13
14755 3
10188 17
28594 31
27280 3
20031 23
19550 23
4784 31
3100 47
3337 31
21049 13
21164 23
14766 47
19599 13
14612 17
5950 31
15903 5
28705 11
15015 13
18941 11
473 7
16513 11
16962 7
7770 29
1450 7
29813 17
29512 11
28743 41
13407 7
3157 31
29977 3
14355 3
15567 3
29934 37
21904 3
16458 17
22117 7
13776 11
4609 37
14541 23
5129 13
26832 31
16244 7
19138 19
26714 19
6669 47
25662 19
21242 5
19515 17
9333 31
899 13
26221 29
23055 41
16031 47
20821 19
17518 37
3996 31
9393 19
4902 13
22893 11
6039 31
15810 7
2044 23
2668 7
21287 37
6586 59
14101 31
11253 31
2325 17
2227 29
13050 13
7072 31
28334 7
6818 23
23805 59
1534 29
20967 47
25756 7
17073 11
17413 13
6253 23
12995 5
16630 47
5969 5
23745 17
2618 37
370 3
14655 19
1843 23
22839 11
20251 7
1547 17
24463 19
18069 23
27853 11
20548 41
8282 7
5775 11
2453 11
20328 5
6760 47
18753 11
12012 19
14497 59
18172 7
9821 17
25228 59
16874 29
26477 3
25794 19
2755 31
25823 17
9078 17
21029 41
16523 31
13454 31
26908 13
1079 19
26144 41
25379 31
11501 29
8236 13
20917 47
15134 13
598 19
18639 29
28304 31
11811 13
28314 31
1705 19
24187 17
8296 3
28029 41
23780 31
20398 23
15847 17
8687 3
27402 5
28720 47
22231 11
19778 7
10472 29
15718 23
15709 37
20868 19
15922 3
17022 7
462 3
4596 37
6734 13
16159 59
15635 47
16497 19
4826 7
483 47
5969 11
19536 17
22236 7
12887 11
5533 59
118 31
4092 37
29896 59
2714 37
21275 37
21571 41
27675 31
13268 59
9853 19
12559 19
15751 13
6565 23
12144 13
12428 19
8056 41
9225 31
8990 47
6204 29
8555 13
28704 13
20150 17
8432 7
29001 31
16244 19
17024 23
17480 3
29409 59
17818 5
8080 11
9856 5
2395 29
9512 13
17706 19
22686 47
7943 5
8005 5
16545 47
15792 31
16647 17
8126 11
14432 19
1805 3
16026 17
18020 5
16110 19
9614 13
10075 47
22231 31
22816 17
3638 13
28782 31
18817 41
28290 13
21320 3
2070 23
4853 31
2759 7
14413 47
29892 13
22230 41
15867 7
17962 41
3936 23
27393 41
8200 37
28897 41
6068 3
26514 5
1835 29
16907 47
26226 3
23157 41
15908 23
15433 37
5476 5
21485 5
13365 17
18581 11
12001 5
7575 19
14079 3
19776 31
28117 19
1577 23
28267 13
16172 5
9595 29
14761 47
18800 23
26473 13
25337 23
10925 17
12444 37
27158 19
5377 31
7440 7
7245 31
6417 41
15990 29
15196 23
2760 41
738 5
23420 47
4747 31
27032 29
24679 11
9537 37
16021 41
26691 13
5824 29
6496 47
20351 37
28046 23
22839 19
20710 59
2242 23
22678 3
4389 47
4700 11
23276 29
19778 59
3717 23
28635 13
16835 7
9786 31
5332 29
25027 19
15162 3
10089 3
936 13
4589 31
23188 37
29452 37
23458 7
29309 23
10534 19
7790 17
15572 7
27139 19
9709 13
15457 59
14219 29
21170 3
22779 5
3420 31
1612 31
12803 7
27307 3
11055 31
14291 11
22880 29
1740 13
10010 59
12272 11
10758 31
14539 29
9164 7
1708 23
25047 17
23290 37
29563 17
21573 41
16277 17
18122 31
20460 17
8347 3
12786 29
14906 47
28341 23
18538 31
29605 37
23051 31
8029 59
12980 7
16499 19
12882 23
14605 59
7080 29
7540 37
4144 29
10092 23
15916 41
11111 5
14770 29
21721 37
8991 5
8060 41
20541 5
27255 31
17794 17
17102 47
22983 13
23894 31
15748 17
18292 59
236 59
20709 13
28054 41
24026 7
15358 23
13363 59
4897 7
12663 29
11397 59
23128 11
21637 13
27859 13
21892 17
12223 7
24437 17
20842 5
12425 19
23180 13
6890 31
26505 31
13423 29
26390 31
3720 11
20944 31
1054 47
22278 37
23532 29
5568 41
10004 47
7849 7
23100 17
20162 5
9905 19
7011 17
28951 7
13265 37
2960 7
13209 7
6314 37
21719 5
20235 13
4602 47
16074 3
23235 29
8729 31
9176 11
14311 5
2545 47
25192 17
17442 11
25982 19
13813 41
24559 37
10138 13
16536 41
7790 37
23421 3
15171 37
12839 59
18113 23
19159 47
6486 31
16554 19
21622 59
27966 17
26146 47
23876 41
29233 47
10716 17
25211 41
1558 17
10506 17
22695 5
8025 5
10560 3
15597 13
23088 7
21700 17
9656 3
5916 19
25384 3
5835 11
17270 7
11445 17
19227 23
23207 3
29028 23
15640 59
3481 7
8743 11
25168 59
14514 13
26806 19
24206 11
13684 19
171 41
9922 31
2697 3
2580 47
1692 17
25296 41
29930 17
13702 17
6375 5
13455 19
20121 7
26537 5
2820 19
2888 3
19020 17
20672 19
10564 5
27875 37
27861 37
13764 19
19912 37
20461 17
14739 37
22903 7
25480 47
7191 41
11521 31
20677 47
11233 3
24936 23
2024 29
23316 59
3776 3
11112 31
4650 37
25197 59
13334 47
19928 13
20852 37
10804 23
8970 13
9984 19
24111 7
19019 29
2175 41
24026 31
3534 5
26205 17
18530 23
10994 5
16345 29
15979 41
1640 13
26429 41
11193 31
25575 29
10991 37
6845 41
8282 59
11682 5
14325 19
18411 59
7257 41
19598 3
27057 13
27742 17
14960 29
10585 37
8880 23
28888 19
18715 13
26806 59
5251 29
3944 13
28015 5
29255 11
3091 23
17089 3
16071 19
6270 29
899 41
17015 23
16997 7
28420 47
11092 41
28413 5
21340 37
6438 5
7730 11
28743 37
8177 23
5267 11
27445 37
4181 59
14101 11
21824 31
21886 31
22227 41
17015 29
87 11
9427 47
9964 7
14959 59
13452 3
29676 13
9230 17
8976 23
22333 59
5192 13
27638 13
11622 5
11415 3
27312 13
6604 59
9381 31
26722 5
19945 5
10435 47
12925 41
3895 3
4314 59
27671 31
29078 19
27778 47
8601 13
13507 17
4250 3
3759 23
8763 37
19055 31
19437 23
29969 41
20090 17
20247 13
29172 13
29016 3
1281 29
9512 23
10005 13
15327 17
2023 7
29526 31
17484 5
9010 11
15510 31
6448 47
16262 47
24722 23
25944 19
29298 7
2709 59
8142 23
2852 29
28246 47
27213 13
741 11
29557 17
13889 59
23010 17
10336 41
26158 13
28314 59
22597 13
9815 29
19198 5
27180 31
2821 7
23954 13
25519 17
26741 13
3536 23
17020 7
29316 13
2015 31
12462 13
21996 3
15147 5
19000 37
9657 5
7870 59
12567 23
1104 7
4361 59
10679 29
21837 19
4959 17
4148 11
17358 29
28391 41
27060 3
25494 13
20293 19
14687 41
2542 41
10004 13
29471 7
112 23
23253 47
26226 3
4791 7
13062 19
11571 3
28581 17
16660 23
27738 37
4440 41
23370 11
18337 11
18491 47
11891 19
15865 23
9108 37
2220 31
7006 31
27869 3
519 29
24766 13
3159 17
23001 7
1568 47
10481 5
19365 41
23493 3
26958 37
10101 37
25567 11
21791 31
26133 47
20210 5
26180 17
7276 23
12857 41
24559 29
23983 41
21074 19
20140 5
4250 47
17437 19
11647 7
6594 17
12716 11
18029 11
2244 13
12246 5
18670 5
25705 11
10461 19
21299 37
22755 5
15570 31
5673 31
25792 31
22444 23
14306 47
19364 17
12189 19
1406 11
26356 17
13158 59
6136 3
28815 29
26999 47
11186 11
5577 41
28249 7
25606 23
21827 29
4031 47
19458 59
15281 37
1480 13
26962 7
3633 23
10304 17
18071 13
24453 37
20831 11
18326 31
9920 41
23903 37
27898 23
13179 11
24442 7
11984 11
20185 37
26825 19
17499 31
28272 5
27715 13
12610 19
15979 5
18520 19
23351 29
4930 11
7436 31
620 17
23579 31
1612 31
28365 5
6165 47
7473 41
23739 29
21576 7
21189 31
496 41
861 19
6080 29
4118 23
23805 41
20172 3
11610 31
9951 23
1495 3
12642 5
7235 11
11913 11
4730 37
24605 37
4921 3
12477 13
23673 11
18931 37
7104 7
12187 59
3068 37
481 5
29835 5
8280 47
17437 31
1364 11
6336 19
7524 37
22052 5
23540 17
10404 3
3771 11
7920 23
10787 41
16851 41
27388 13
2392 13
18954 13
17992 3
11346 3
26310 23
1219 3
12087 17
3162 19
29336 29
12267 47
29986 11
9438 59
15812 11
29909 59
16343 59
5782 41
28577 7
27874 5
6980 31
8525 11
28259 47
5405 29
16762 59
531 59
2773 47
29845 23
10994 13
18863 17
19720 11
22418 17
14501 11
24013 7
24682 13
11778 41
20910 17
13209 5
13460 11
6765 29
5075 47
1786 7
19754 31
17453 59
19765 29
19546 23
10258 17
23494 11
29788 19
4332 31
8308 29
28159 13
6903 11
8921 7
28532 59
20001 13
6591 37
5328 41
27060 59
295 17
14433 5
24820 5
28625 13
24583 19
12331 17
21675 59
2006 37
18278 41
17712 17
20842 31
16399 29
15080 11
25817 3
24462 59
18349 3
10056 31
23994 47
15933 31
8060 37
8843 41
25625 41
12218 29
10034 19
23598 19
20254 5
17275 37
13616 19
21907 31
29512 11
9119 19
17689 23
15617 7
9436 23
22172 7
14385 7
7777 11
2519 13
24063 37
26751 59
24957 11
4224 13
12181 13
3029 29
27608 23
26174 13
7774 5
16520 17
14569 5
6925 3
3513 59
27081 37
21349 7
4725 41
15088 29
15399 17
15980 59
19824 7
4494 29
1015 19
7942 13
29653 37
16169 13
2769 29
21518 23
8188 47
20962 29
23548 59
14278 7
19530 37
17945 37
6993 11
11770 59
26963 5
16830 31
310 31
28272 29
2784 59
7198 7
18907 29
18995 23
28313 11
4521 41
11767 11
8129 47
19223 29
2610 17
22304 3
8640 41
13243 17
15623 41
5740 3
6963 5
24515 7
16443 37
5069 23
10534 37
23791 31
4898 47
22231 13
29926 41
12423 5
16080 19
6517 17
13940 31
28706 59
2891 37
4514 29
26970 17
10761 47
8883 29
23258 19
8360 59
14809 5
20920 37
19129 23
15893 29
17023 41
12997 13
1508 7
13636 41
9143 11
26961 17
16575 31
26257 5
8305 17
8432 13
8723 47
9118 13
18967 37
16724 5
24725 23
14444 11
16874 5
16455 29
20880 37
23310 5
15985 7
8638 59
8260 7
5355 23
4462 3
14748 59
12213 37
21053 11
3069 59
17641 19
28386 59
3363 59
27199 13
15652 41
17384 11
18975 19
12616 59
4189 3
25245 31
10230 19
25878 3
24276 41
19475 47
10246 31
26350 47
13771 37
17131 23
13409 5
28040 23
20125 5
11265 11
19195 5
2165 19
23427 11
