64525
110169
52737
22519
90106
6017
22212
38165
51893
72873
38897
39845
62402
90540
31491
71670
34259
20285
33372
100990
92278
45380
54343
69113
133104
43530
100881
71581
76612
75143
55758
83489
52815
14991
20415
54187
61742
116913
89081
85160
66829
113271
96225
34551
59719
51471
14981
59589
15824
90020
40518
112869
28516
76521
108881
55261
62515
26199
71453
35501
42151
58178
62996
62450
45049
64228
73975
49648
75251
57163
66744
48781
61347
19114
64144
16496
89160
99126
38887
57054
72566
59224
23374
52067
47036
96635
99394
34832
48023
98238
102338
22381
50195
76282
66614
18904
102129
48163
104527
43334
56799
45585
70854
46044
26792
51733
23878
100972
16603
57606
67404
92325
87583
17660
97024
80538
43367
79601
58859
26701
68846
82293
48553
60163
65704
91549
40294
45347
102299
26745
69443
80563
34742
84983
100780
44973
58387
73104
42681
91256
55052
39395
49830
14102
51051
15792
101394
75990
129686
57065
100294
31751
33673
16613
81053
108192
97965
101337
71432
112181
9824
57285
54475
60904
78629
79552
83168
29906
29044
128644
54880
19519
35644
111924
70399
101931
97509
125367
100745
94679
40774
75117
65181
63017
94057
42771
20981
57380
90840
92430
66234
49162
22359
26390
38291
58416
119271
48608
55637
86346
20642
53028
15119
35120
30263
21918
105263
59784
38994
88939
54381
63906
103855
35568
44116
19872
43875
31995
100637
67007
35765
45144
34116
79494
14529
50323
72095
69394
33166
68865
93997
61057
76771
71778
53453
51281
69524
72014
33594
85662
61945
55967
72733
53556
21342
26163
47818
59445
41611
36422
61880
87598
81754
61767
39918
69086
70436
51777
45143
22250
67090
96531
44349
23211
74968
39730
107045
36588
46856
50081
74453
7671
89234
18645
58565
37320
64714
65915
102614
46167
88600
107542
100894
82911
105822
62887
53528
88394
51118
66398
57821
79692
24983
26764
64602
78763
22813
31595
68020
22240
44700
47607
50918
33957
65182
85976
54029
20108
64058
93547
77890
9157
50740
42436
60853
51096
42502
10224
79180
26037
52829
85074
16007
74906
43571
32051
86619
37080
44865
76827
106809
76709
36728
26524
57406
67681
47555
98174
101131
66331
35749
70173
65304
32812
12093
74346
40966
86379
88058
33907
68250
37224
52354
17432
88286
58145
61385
64033
59054
72879
37408
45675
83188
75952
31978
90856
59742
45585
98886
39915
30556
71459
29659
29659
33538
15233
102778
58316
36916
33736
59096
90931
70737
21885
56778
37880
21265
53025
28188
74573
83758
95238
42511
11159
76965
120340
112309
77994
65632
97248
68932
105723
51253
40097
47011
27899
89485
33671
110667
73493
33608
61628
41148
111096
79750
65608
12033
18978
49448
78858
12389
87514
54415
122130
57867
129946
81128
48821
115374
84319
22572
42061
52637
53538
78338
14476
36753
19098
95707
75969
79561
23703
72726
53100
91835
82461
68403
54403
22083
39477
51871
40293
91374
91366
24915
36482
86101
64013
53558
15059
55753
60862
33994
9273
28736
55484
61267
52791
57774
58855
59527
62280
77137
76880
60826
69328
31201
31647
59983
76078
94874
82882
68700
74128
49063
107653
33560
4854
18433
93438
20821
20597
72782
43494
35029
111995
53097
36430
54823
32991
75487
76338
14268
38944
110814
81976
90940
48093
13979
76120
88529
80149
27771
109498
89111
131683
22418
11229
93396
29956
57994
76241
50124
20909
16011
85047
40344
27540
12609
33068
68799
22623
95806
49559
37632
17040
34521
45987
46602
119771
99295
29666
30821
19917
108500
46197
1564
53972
65248
26396
30307
69856
69481
94614
14512
83949
86120
82525
46705
37612
45193
84669
30755
67490
108393
50829
42450
56172
52805
77917
110106
76681
41536
72087
94373
106114
63101
50173
69286
85989
79035
84882
40408
28958
59250
0
49378
40342
75785
66187
75556
28830
89911
47908
44867
58046
69545
49044
41791
81931
51662
57344
77699
14561
72561
92254
37467
57485
55018
113779
51640
51633
82658
79519
71501
60541
111954
48412
22102
35488
108194
45249
77815
73323
112867
17281
135875
57003
51013
46559
57732
8566
89111
45623
68705
117639
82351
59981
25266
83447
27684
75521
70261
68630
42279
54004
63669
62014
53568
27719
73362
17127
33660
72926
9669
39590
49965
42909
62078
9676
34656
51375
14639
13810
30617
43078
24027
80555
108876
90538
65305
84847
46923
86879
46397
35849
53863
53796
12878
70160
120418
32340
58474
52017
70362
105469
35159
71528
72521
64607
60709
34388
20160
79941
33130
58783
8355
12486
36174
39614
26525
19267
32134
16324
58128
110718
50194
47889
42610
47089
72419
65410
15819
23106
75197
57109
105282
80345
82235
62180
65463
41101
85265
83911
42861
45904
63411
18369
101371
39539
31505
8795
72298
41460
17722
30276
70047
82092
32831
69779
57738
24516
82394
65321
37002
78375
19886
96758
76393
62423
42207
100504
96627
88888
57248
31110
23161
16628
51705
91782
66597
61065
100732
56167
54695
82082
17111
84768
57394
48977
64991
49367
53593
44246
65206
119435
99173
36211
81613
93955
67862
104677
50894
68691
74428
73305
53557
50466
59278
86329
64281
25008
65828
41352
85024
53869
11210
34730
36934
75439
67972
67003
99351
88404
66453
42969
38071
31489
99257
67739
57956
41643
72728
87889
75067
97349
89368
32649
22299
39927
70661
80433
113424
87278
22140
76417
9993
8414
58795
80393
64054
64069
79615
78487
91284
98391
48774
11821
83617
71567
45825
51310
62314
61201
104174
35801
59919
44792
61467
103251
124846
25384
83310
63286
63160
43046
21665
41590
99889
32422
62644
44442
19946
67813
88218
64634
72485
22214
62345
16654
79180
61398
74069
60306
61914
66265
49210
93621
95772
75261
10304
51009
32907
130660
31816
86656
13892
37158
33327
98013
92117
35142
22588
82191
23277
112425
58809
112527
38675
101454
31747
53846
104479
89829
27386
100994
86145
73424
50117
56370
73021
29299
60136
26471
48950
108454
72306
98119
92444
96159
75917
53085
43856
58482
95075
12404
56565
66116
41143
51544
98608
62933
49451
70480
27105
82717
61014
93735
36835
41332
122442
47567
31586
20039
97918
72194
58788
38222
52700
77350
31594
27746
65742
45123
76068
47854
86972
44610
73272
101083
73480
71554
19598
46697
80059
96088
41074
120521
44499
103601
109511
76432
73028
24661
28092
36668
53960
82574
101877
53371
21181
56520
65296
100947
19952
73108
62474
77194
42009
38579
93551
37124
23907
55605
63606
62978
79668
15752
45738
75314
