30 30
4911 7880 4398 9977 2272 473 3505 1077 2310 3696 1715 7326 8976 9604 3320 2733 4454 9372 8601 4721 1840 9670 7466 320 3468 9383 275 8192 6317
9019 9936 2425 3362 8431 3521 9744 6544 3540 9295 8154 6194 8427 2275 4927 6268 124 9061 6520 1511 6696 699 7778 3266 2879 5750 8123 7299 663
9640 2223 7439 3621 5581 9750 8467 5740 9679 84 5032 4605 7921 7896 1358 6965 4956 3054 9638 1048 962 3548 5548 2437 2256 927 8806 9061 1302
7045 8526 6548 5294 2725 1036 3546 2570 9840 8750 9986 3509 8529 1038 2647 6854 36 3195 6621 3060 869 6092 369 201 5300 8451 4478 3053 6502
7321 9860 239 7374 8310 8939 2892 5070 596 9710 6989 9930 5930 5570 9304 5896 9232 5745 6595 4961 1514 3648 4972 4993 9915 2312 1579 5791 3593
4189 3970 6976 5238 5086 903 3976 3552 6712 661 1822 1242 67 5890 8949 9364 4185 3534 1633 5051 129 8830 9753 9642 8656 9584 5209 5833 2223
6606 6496 1736 5757 7822 9186 1313 5132 3423 1053 4452 6961 6782 1738 5525 6839 8398 55 4090 7423 6406 3298 3338 6517 4099 3942 9407 8404 2641
2469 9631 9290 2767 5654 3864 3381 2187 9595 3451 1036 5025 6676 1912 6618 5003 7188 6949 4450 4979 8522 6980 8183 7674 5569 6826 9221 9209 5079
6154 4209 6456 1372 4765 6499 5375 2550 8469 1637 9634 7391 6938 8812 9394 7040 8934 4677 4812 9308 4888 3449 2674 6609 4262 214 6859 3533 5542
6603 3326 9218 6821 2089 1629 2535 4794 7981 9425 6226 8310 1582 1951 1852 8563 5460 1582 6223 7902 914 2469 1410 321 3303 2792 4965 5652 771
4785 8924 3444 8588 5193 1543 1322 7935 4573 7755 3606 4026 2973 7870 3167 9821 4295 898 6661 6242 5478 3515 1282 5094 6108 2936 6256 5975 5307
3440 6750 4430 9988 6391 2672 6597 8295 9275 2386 7361 5165 7625 7474 588 3667 1564 5625 2451 253 2790 1766 6044 5822 8194 1251 4230 6996 5247
2330 5847 2889 8172 169 578 5563 8824 6977 2262 8301 5362 6130 9161 1549 5084 7789 6734 838 8786 2065 2606 9979 6912 9665 1640 9846 4496 7979
5739 3715 2265 9993 9351 7758 1516 8702 1690 8291 7518 2719 916 3435 2257 6502 8786 2535 4379 7477 6833 3697 4728 6953 5401 5125 4854 6498 2351
7481 8824 4981 6187 3885 4489 9104 1150 2111 9177 1861 3637 7164 4012 9148 6880 5929 7429 868 7456 1038 7409 4741 4449 4592 3385 851 7988 8602
9760 878 6120 662 4660 9038 8633 4927 6463 7395 2136 9033 8924 7184 8139 9413 3255 9221 7436 9554 911 488 2255 4684 6452 611 2589 8894 9753
3457 1276 7220 3908 8539 2337 1523 9984 7493 3105 9647 1268 2642 7055 6779 7469 4923 1089 8929 9717 6323 5893 6958 898 6469 9149 1950 1975 384
6858 9409 1613 3211 8804 5393 5813 3248 8696 1660 5872 9753 4182 3715 6668 5102 7151 4877 1359 9642 1397 7081 1794 2382 7341 1850 3958 101 7303
6518 8314 7686 9669 5888 1312 6835 4484 8159 3358 676 3319 3954 7630 9474 5580 6713 3515 453 8860 5213 3533 8642 3791 7359 1486 4280 4838 3990
6918 4954 1657 5907 5648 3084 9208 9356 9162 5015 1393 2723 4474 5342 5058 5427 8514 2903 6490 3497 2979 1076 419 1811 3716 7782 8357 9294 3613
6854 1110 3283 1312 9843 3368 6167 5244 7349 5363 6457 4400 8468 4117 2163 2233 2959 6974 2266 4097 1567 4870 7709 1258 1771 969 6519 7424 3658
8566 1908 690 6890 9193 2583 8537 6800 3146 150 2270 8046 9306 504 7869 7840 1535 9485 1205 3262 3543 6713 4617 7351 2879 9536 5585 1940 2671
5237 9813 9710 1761 3909 4539 2558 781 8621 4842 4669 9066 2041 9115 8712 9667 5966 8782 1322 5565 1968 4714 9655 1889 9813 8333 3929 2196 3130
6758 4523 8182 1423 5679 8905 5431 4922 9804 471 6124 7311 2284 4185 7067 572 8655 8259 8022 1622 1445 9702 2453 408 4360 6066 466 1305 5959
9928 2387 1040 4301 1299 2642 8315 8249 660 8682 362 5536 9413 3079 3069 5737 5433 9251 5897 2439 9431 3099 9929 5187 3341 2858 9113 7731 1682
8815 9818 9975 1623 2165 4916 2640 3488 2207 6922 8807 411 8720 7834 8933 3128 4126 739 6422 4705 2342 44 3246 3594 7760 2886 5632 9490 9993
932 6707 729 9369 9208 372 7559 8756 4792 8300 9662 437 6505 3322 653 5920 6397 6380 7512 3557 1136 5039 7268 6744 6797 4822 2533 1578 1827
3423 1141 968 9435 1294 7215 1501 7425 1613 3576 9548 8255 5953 6343 4257 1583 7862 5723 9513 42 1861 6878 9231 6830 7045 7633 3174 9241 4700
8516 7140 9289 1850 6394 607 8057 2233 2928 5986 1441 4070 7130 7170 8208 7883 8564 5146 5016 4052 9078 5064 5813 762 9588 8473 2901 9172 377
2942 4305 5387 8809 6182 9480 1038 9273 9709 6166 4381 3843 3330 3583 7453 6415 4383 7132 8685 9735 3335 1698 7716 8420 8576 8198 392 9288 3635
3112 5676 3961 2127 8277 3256 5681 4719 6431 7169 2335 8626 2425 3064 3479 263 8819 1798 1472 2670 1387 7826 187 7764 1272 6979 7920 8088 6744 2675
3483 1329 1113 4249 6017 2220 8861 8372 2996 88 3229 4883 7435 1442 1196 1310 2041 4757 5239 9630 8231 7981 2812 6242 9070 2068 3894 511 152 6902
9986 267 5628 7089 6358 5342 6093 2898 8963 5116 9845 5829 7911 1662 2838 8814 9788 257 6060 5767 6139 911 7812 7436 8667 7008 6099 8490 4670 5437
8477 3545 6918 5522 4025 3101 2741 1937 8203 2945 9237 8531 5711 6700 4167 4657 8806 7809 476 7758 8053 1547 936 6560 6357 9495 688 9398 6406 7388
2217 355 8561 6096 1609 7672 1629 887 8979 845 8901 5108 2725 6739 783 1098 2008 340 3249 1601 6075 4182 6527 3987 6936 8189 7430 7627 2197 6346
5238 3914 1089 4312 8012 4806 7578 234 950 952 6720 7137 7001 4747 1705 7351 2447 5791 4561 1445 2293 76 7258 2980 4344 283 6028 966 7898 7545
6225 9084 6392 1669 4476 738 2462 7830 6864 5421 6117 8550 8070 1911 4457 2977 8190 2156 6359 6624 3361 5947 5855 5288 963 1270 9518 7186 7845 5514
9907 1346 3506 1178 8054 1748 1372 9174 2865 2262 8340 4455 637 5279 351 4680 7321 7595 7224 2014 5577 4152 1728 4119 8654 3105 1169 1717 7587 8024
1008 768 4189 7999 8801 3781 7455 966 9923 327 6017 7634 4306 5074 1416 7564 1135 2604 8417 8425 5364 191 5917 3420 3711 7793 2609 136 8580 1562
5406 2104 1849 6144 1699 5142 9883 5785 3331 7428 8752 294 8718 8544 7895 6635 6151 8030 3546 1105 8374 7095 294 3230 9872 5471 747 810 7165 3396
8908 3486 333 1452 6676 3699 6471 9919 2630 243 984 9856 228 9417 2350 6344 5404 9191 9101 127 5420 915 9044 9795 3852 5392 2538 160 3821 7407
1474 9853 510 9022 6024 5603 9072 9660 6565 6347 7097 5327 8755 9785 685 6400 9097 6178 1386 4698 9054 5723 1415 8672 610 9517 6905 566 3770 4977
7041 9975 5899 3469 3102 5844 757 3688 7651 3486 7741 9365 6029 9265 1389 7624 6806 4759 9318 6092 3766 4359 7287 9669 5767 4611 8545 4548 3663 9209
3723 1113 4843 8903 4130 9271 3491 9592 962 6071 8660 5019 7974 756 4098 8049 2244 5585 4505 3972 1921 3721 6038 2712 6232 7703 3978 6769 2636 6855
9308 3819 1781 7471 9020 4986 4758 3802 6823 1596 1819 8137 9959 3314 767 2451 6493 9524 5819 457 5686 6257 6446 475 4704 4305 3684 3966 8441 9511
9318 6040 3664 5675 2799 4118 2810 7926 7074 1678 9505 434 1079 5461 9975 4118 7551 4943 6095 147 998 3543 6640 6737 1502 977 8094 7537 1312 3368
2887 5002 7986 7938 867 9294 2720 6185 6311 7283 7817 1938 2895 6265 6664 9099 8714 5942 1260 6908 7513 4160 9674 7930 1740 8033 2411 8264 9038 9590
8173 268 2388 8594 3219 1291 3688 8475 6333 6569 1295 661 1895 3701 5419 322 9524 914 1664 1010 4507 143 4680 217 7742 2759 5335 3444 3678 6446
8851 4696 7187 5030 7096 7254 4204 2313 7110 6741 6599 3830 2020 5760 4655 6086 8149 4848 6982 7594 3506 7648 1851 3431 8956 7641 1555 6888 1192 9759
6295 1157 5172 8675 1299 1216 4610 8360 1991 7829 2512 3992 6381 6529 440 575 2578 101 1966 8334 5189 4399 9607 3440 7984 3540 8544 7093 5670 2764
9639 5618 73 4720 2455 9397 1548 9600 1120 1055 4742 2194 7028 4661 9568 9370 6363 3833 6559 9208 5714 7873 1 542 3060 2906 3042 5103 8148 4661
5784 1744 4513 7206 1663 2538 3297 7461 2288 5768 849 1805 4541 4253 635 4 2745 7047 6765 8313 2887 1628 2293 1690 3274 5224 3000 7000 5999 2873
7205 1177 1271 1561 4442 8763 3264 7796 4978 3501 6625 349 3459 171 7569 3404 1903 7314 9815 3026 8829 7139 472 5511 3367 3516 2907 2940 2935 4194
5959 5628 7238 3609 1504 3432 5322 3892 9576 5727 2909 5241 4804 7160 9237 7524 8254 6868 2922 7291 3023 1773 7065 633 1134 8088 91 363 4512 3347
7739 1585 3586 2995 4651 6585 5595 1486 4113 4388 4616 9114 9918 1141 7103 1248 7256 5124 3116 2525 5274 9146 9279 2890 2373 2453 9687 8279 5753 3864
2737 3079 2633 997 7159 3297 780 6706 484 6479 1292 5704 3012 6780 7387 2845 4446 6319 1266 9489 6736 2602 9584 9876 5165 9626 5419 5868 8703 912
396 395 3168 1112 1745 1817 2272 7203 4319 2899 9719 9554 8176 5741 5053 8165 8992 1740 4416 990 6211 386 2260 920 9406 1840 1465 9373 5887 7276
4037 6452 4479 7539 8764 9871 9795 6358 5086 8705 9828 8860 3309 7542 477 6646 1396 7020 5861 7740 3562 109 7866 482 8561 5945 5729 9520 9193 5142
9341 8006 4245 6432 9527 1531 5981 7294 4548 8280 704 3562 8662 7323 4612 4444 5161 8553 4261 7800 4038 498 9924 4175 8176 5118 3127 8991 6184 9454
1000
29 9 19 20
20 1 6 25
18 4 21 15
20 17 16 20
20 28 21 4
2 5 3 5
28 19 26 14
17 19 18 29
18 20 6 13
23 25 10 12
1 28 11 28
24 8 30 14
28 1 7 4
15 27 30 10
6 21 15 22
10 29 22 12
21 16 27 11
21 5 17 1
2 17 3 26
6 29 2 3
18 29 8 7
4 12 10 4
20 10 25 23
20 27 30 13
30 25 5 3
18 26 30 24
6 27 13 2
26 28 17 11
21 1 29 17
17 22 11 8
9 12 8 24
12 14 26 30
10 5 18 15
30 6 30 4
10 21 4 24
7 25 19 30
10 15 27 13
30 19 7 3
3 2 29 7
2 15 27 14
29 28 12 23
3 25 28 12
21 3 8 28
28 21 26 12
24 1 30 14
20 20 16 9
19 7 21 8
16 25 2 24
11 15 6 15
7 6 19 25
20 3 16 9
2 6 26 21
15 8 10 7
9 16 21 30
30 20 15 2
11 21 2 13
25 7 9 9
25 25 16 23
18 30 4 17
22 13 18 6
29 13 27 21
8 23 24 16
15 10 30 6
9 4 22 9
15 19 20 10
18 23 3 28
19 6 26 23
24 9 29 16
24 22 25 3
18 2 15 13
7 18 17 9
1 3 17 3
8 8 3 24
21 12 26 13
9 1 4 18
28 12 27 14
3 12 27 9
14 7 29 28
17 11 23 17
18 7 2 8
29 27 20 10
18 26 29 15
14 21 17 26
14 9 26 2
22 12 14 18
6 2 10 29
4 3 18 23
12 8 4 6
20 27 6 27
10 5 17 27
30 5 4 16
27 16 29 19
9 20 14 9
6 7 10 30
27 3 13 14
23 28 20 22
25 1 1 15
15 18 23 13
1 20 28 14
3 6 12 16
5 10 9 27
20 15 29 24
30 8 23 20
14 23 6 30
5 4 11 2
14 10 7 19
28 24 26 18
29 5 15 27
9 4 11 7
24 17 8 23
26 2 12 17
25 25 17 3
6 10 28 14
16 30 20 29
24 15 2 4
8 12 28 2
14 23 24 17
25 21 5 19
28 28 14 20
17 14 9 15
15 10 4 25
14 22 13 2
21 27 26 14
19 8 24 23
9 21 29 22
24 25 4 8
6 17 9 28
22 3 26 13
29 29 27 7
6 3 5 9
25 21 21 5
28 10 9 22
25 16 21 23
11 24 11 1
29 30 4 25
9 26 4 15
3 19 19 18
18 9 15 28
14 16 3 12
1 1 16 17
4 12 13 4
3 22 14 24
27 2 12 4
5 12 5 8
18 22 4 22
7 12 8 9
6 28 3 3
4 9 25 4
1 4 27 23
18 11 26 21
26 28 1 17
17 5 11 5
6 7 7 17
23 21 24 19
29 5 8 15
11 2 25 29
26 22 9 9
28 8 15 29
12 1 24 14
21 1 30 28
14 3 15 4
8 17 20 15
2 26 17 27
25 14 18 28
21 1 2 8
24 18 4 23
10 12 26 26
7 16 9 9
23 5 15 6
30 1 13 30
5 22 17 17
2 26 2 21
17 28 23 21
2 26 28 9
18 27 23 7
6 4 22 22
27 30 6 14
25 29 3 2
3 13 25 1
8 27 19 4
27 15 21 25
17 17 29 6
2 20 11 6
19 10 15 26
28 27 30 6
7 19 6 29
29 16 28 13
4 25 18 23
11 6 26 22
5 16 28 3
2 23 4 4
11 16 4 25
26 10 23 4
6 16 4 22
24 18 18 14
25 28 9 30
30 29 1 19
14 25 9 15
11 28 20 16
26 17 9 3
28 26 26 23
13 12 25 7
7 12 5 15
20 24 24 15
23 15 20 21
20 12 23 6
6 5 24 19
28 19 17 11
20 26 29 29
15 4 21 27
16 17 12 28
5 4 6 22
9 4 24 26
27 9 19 2
19 11 6 12
24 25 28 28
15 2 4 3
14 18 20 24
17 2 22 28
19 10 5 1
24 30 16 30
26 29 23 18
14 25 6 24
10 27 14 4
13 18 11 22
10 16 19 8
15 6 29 13
30 10 15 15
10 5 7 15
21 26 3 25
24 16 1 27
22 25 7 30
8 22 26 13
22 6 3 10
22 30 10 30
15 21 4 29
8 7 16 21
24 10 18 29
11 15 18 20
17 1 28 18
6 9 23 11
22 20 12 14
29 7 19 20
27 19 14 21
4 2 2 7
13 21 16 26
4 16 6 27
11 25 16 9
13 10 6 16
8 14 2 21
6 30 19 20
8 30 10 8
23 22 1 25
19 11 22 30
14 17 4 13
22 23 5 18
7 26 27 23
20 5 28 13
13 15 6 28
30 13 28 10
6 5 24 1
24 3 27 26
17 17 17 9
20 23 16 20
1 28 2 9
15 2 27 3
30 11 1 3
13 11 3 8
28 29 28 19
17 6 16 16
20 27 29 12
25 21 23 20
1 17 26 25
28 16 27 13
13 26 23 18
1 8 11 6
14 9 25 25
30 30 26 16
15 2 8 29
1 10 10 18
23 20 10 2
9 2 29 24
3 21 28 6
7 28 23 9
4 1 29 11
30 18 16 12
14 28 27 26
7 8 20 27
11 5 2 18
11 29 26 29
16 25 13 12
14 18 5 1
12 3 14 10
27 24 26 28
9 11 15 24
19 27 1 19
12 16 19 11
24 19 20 20
15 29 27 16
29 18 26 20
1 13 5 3
16 18 8 11
24 16 28 26
11 8 3 3
17 24 4 15
10 15 30 17
25 21 20 10
3 8 9 5
19 19 3 26
29 8 8 24
10 10 16 27
8 21 7 23
27 20 20 13
17 19 13 26
10 19 24 29
13 15 22 24
17 12 9 20
7 9 3 8
25 25 1 21
1 20 8 22
5 2 19 6
7 7 22 21
23 10 22 13
10 14 24 3
6 12 14 6
5 1 5 8
2 21 24 18
13 16 15 24
20 12 25 25
27 6 9 16
7 23 30 10
9 4 15 22
15 24 8 25
17 24 26 26
11 13 5 26
28 7 9 1
8 13 14 6
6 9 22 30
4 2 19 21
28 28 11 24
25 16 19 11
24 11 1 14
12 17 29 15
13 3 9 10
10 7 12 5
1 24 16 12
9 16 18 14
27 1 3 9
12 27 25 5
16 9 19 15
11 29 2 13
16 13 8 13
4 12 14 20
25 8 21 7
29 14 6 15
12 19 25 9
19 16 8 25
14 13 21 28
3 18 12 4
26 15 12 5
18 15 22 22
11 19 21 21
5 30 23 18
27 17 14 5
6 3 6 14
7 22 20 5
16 3 7 13
4 9 16 9
2 16 28 19
7 16 2 7
9 4 1 6
12 1 5 19
22 20 14 20
16 24 20 30
11 4 19 1
12 4 11 6
8 20 30 4
18 14 30 21
22 25 13 23
7 11 6 2
16 1 29 7
26 9 3 5
29 14 18 3
25 12 22 7
19 18 4 24
27 13 25 4
27 4 28 10
21 17 21 2
19 9 19 4
19 21 2 28
7 30 29 20
19 26 11 5
15 7 8 13
5 5 7 4
21 19 2 30
7 11 30 29
13 3 30 28
23 7 5 20
20 9 29 24
25 21 9 6
3 17 21 10
26 24 2 8
1 28 12 21
18 16 12 21
9 6 19 12
20 7 28 5
4 24 25 10
10 13 7 6
30 10 10 30
7 26 27 28
10 30 18 25
30 27 29 15
18 10 28 7
19 1 27 29
19 14 4 29
6 15 17 26
19 20 18 17
4 20 2 24
11 26 3 15
5 4 27 6
14 29 17 29
22 8 28 29
28 3 26 17
30 20 3 9
14 11 17 23
1 9 30 26
7 7 24 16
21 11 15 4
5 1 18 27
26 13 4 7
29 3 27 8
25 16 23 29
9 25 20 28
15 12 25 18
25 24 5 15
21 14 20 19
22 9 14 7
6 19 3 16
3 13 25 18
25 29 7 30
30 8 23 24
7 15 8 8
29 6 19 20
23 3 25 15
26 28 5 17
16 4 13 24
5 4 26 2
8 22 19 29
22 26 24 22
12 26 21 25
18 17 8 13
26 6 15 4
25 4 1 10
15 8 1 30
12 7 6 8
2 17 6 26
3 14 28 5
28 6 23 19
15 13 4 5
10 23 7 25
11 12 23 6
20 7 2 2
8 8 15 9
30 8 30 9
8 25 15 28
23 1 7 1
28 20 11 29
16 28 1 26
27 18 15 16
6 16 14 29
23 17 8 18
8 19 16 8
17 8 14 25
8 18 25 9
24 25 6 22
25 27 14 11
21 8 27 5
11 17 7 10
4 18 18 24
7 27 25 16
30 5 21 27
23 14 5 26
7 30 15 12
16 12 4 29
16 25 8 17
4 24 28 3
12 19 22 18
14 27 14 28
20 4 18 1
26 25 24 1
2 25 1 20
20 9 23 14
2 29 5 12
22 11 11 17
11 18 11 29
28 24 1 11
16 15 9 5
29 12 23 11
20 6 5 8
26 16 21 9
19 5 3 13
26 5 22 24
23 15 21 13
14 5 7 11
24 3 5 28
9 30 27 17
26 12 5 24
23 15 24 27
13 2 8 2
13 15 28 25
30 30 11 21
5 7 23 17
25 26 20 18
3 7 21 29
24 29 25 2
30 3 1 26
20 4 28 2
7 10 7 15
5 1 23 17
24 6 21 13
20 14 7 12
17 1 3 16
22 27 28 16
5 3 3 7
23 17 24 13
13 24 28 11
22 24 19 14
12 30 15 26
6 16 4 17
20 12 22 20
5 28 26 23
8 3 1 2
4 14 30 13
24 5 23 17
13 14 18 9
23 23 25 29
13 1 18 7
7 23 18 22
16 11 29 13
13 1 28 29
28 20 9 9
11 17 9 27
30 25 25 27
23 14 20 13
25 17 4 3
9 26 16 16
12 18 12 17
17 30 14 17
2 5 3 20
13 16 4 14
3 27 8 24
27 14 19 30
8 14 22 25
29 3 3 10
12 16 8 14
28 9 14 24
3 10 26 8
14 26 27 11
12 1 11 11
8 11 13 19
28 12 30 3
27 25 9 14
16 23 11 27
17 9 17 24
29 29 2 28
13 19 26 17
12 23 8 12
19 16 8 21
10 5 20 10
26 9 25 30
6 25 29 5
1 25 18 17
28 5 18 13
8 28 8 7
10 8 25 20
5 6 29 15
19 11 10 30
12 23 27 25
10 14 21 3
14 8 25 29
22 6 1 10
1 7 25 5
26 8 27 17
21 23 30 25
2 23 18 24
19 4 19 4
16 15 21 25
6 14 14 20
16 23 1 12
16 10 3 22
26 14 7 11
1 20 7 18
23 21 8 9
3 5 12 13
11 14 21 10
3 14 5 30
2 17 21 10
21 27 29 15
30 6 19 5
14 27 24 7
14 30 3 18
17 12 1 11
19 7 28 23
10 22 7 24
3 28 15 16
6 11 26 27
14 7 22 12
17 16 18 4
19 12 30 5
28 16 1 27
19 9 19 21
2 11 17 14
9 13 26 19
7 20 29 24
9 25 24 9
5 18 18 17
18 30 12 4
3 30 16 26
25 3 20 1
28 30 23 22
6 3 29 17
10 6 21 2
30 3 18 20
7 12 20 4
22 30 9 5
3 26 6 29
28 29 5 1
12 1 14 15
8 28 6 16
14 23 22 16
28 4 14 14
22 1 22 2
5 11 18 29
16 15 15 5
6 20 12 3
29 26 9 7
12 24 13 1
20 19 27 5
5 12 7 17
10 15 27 23
9 17 7 11
20 20 2 13
12 11 27 15
28 24 23 7
11 8 10 17
2 2 4 16
6 10 15 25
16 25 18 9
19 21 7 19
15 1 14 7
8 18 14 3
10 4 8 1
27 27 21 19
29 17 13 13
19 5 19 4
13 9 13 17
2 20 13 16
8 9 16 11
13 15 26 3
13 4 14 7
29 18 22 23
1 22 6 8
18 2 15 2
12 22 14 20
30 14 30 8
28 23 16 26
7 25 12 25
16 5 28 18
5 22 30 6
1 12 26 10
9 6 24 11
20 2 13 22
21 17 24 6
26 13 1 11
29 29 20 21
23 18 30 19
28 19 17 13
10 20 23 14
15 9 17 8
20 7 20 26
30 26 7 7
5 18 1 13
15 10 26 19
11 10 9 23
29 9 11 17
16 29 30 8
25 10 25 1
7 16 17 29
6 24 13 9
18 27 28 14
29 12 14 14
25 14 18 19
15 14 12 20
16 25 12 8
18 7 9 2
18 5 29 13
26 22 25 25
26 14 24 15
4 9 2 18
16 9 21 3
26 12 19 12
22 6 21 12
15 15 3 15
22 13 24 11
8 26 23 26
4 25 28 1
17 15 3 10
15 17 25 12
12 21 15 8
8 13 9 2
6 26 25 16
26 19 23 3
21 15 19 19
24 17 27 12
26 17 10 29
19 5 5 9
1 19 24 2
9 20 30 17
5 19 17 5
8 1 10 17
24 8 8 10
23 15 28 6
26 1 19 24
30 14 12 11
24 14 23 3
18 7 4 7
22 3 19 19
11 29 7 26
22 28 30 5
19 22 16 15
16 22 26 26
9 30 11 28
26 29 8 22
7 12 14 7
16 7 21 6
21 25 23 17
8 5 12 24
2 29 6 6
9 27 16 30
4 4 23 4
25 29 8 28
7 4 5 10
7 20 28 14
7 27 21 15
25 29 17 29
17 23 2 11
6 17 3 22
28 15 1 17
20 8 1 1
28 11 12 14
24 18 16 13
30 29 14 10
5 17 29 17
10 2 15 23
2 4 19 5
19 22 14 28
19 14 24 11
19 15 22 16
26 30 14 27
25 27 29 3
4 27 16 12
7 14 27 11
6 28 5 2
8 30 6 17
11 19 24 11
25 26 1 24
4 14 5 9
6 14 24 27
12 2 2 12
18 9 8 5
13 18 28 26
10 1 22 5
29 18 28 8
13 5 1 4
27 6 9 1
27 30 11 1
8 12 28 23
1 16 13 17
30 21 7 19
4 24 30 25
21 12 5 22
3 28 25 13
16 9 19 20
25 10 11 24
3 25 22 18
15 10 5 28
16 11 18 1
22 26 19 11
9 14 4 27
3 2 5 25
1 9 9 21
21 3 16 1
5 24 23 25
19 26 7 26
22 23 11 4
20 28 30 30
24 3 26 2
6 14 12 21
17 17 11 19
25 19 8 24
25 23 15 8
7 8 5 26
26 25 7 6
14 5 30 22
11 30 5 14
21 14 12 14
13 11 13 20
2 15 14 16
1 8 25 16
5 25 23 25
19 30 11 18
11 22 1 17
28 10 30 25
4 30 14 9
14 1 30 10
11 3 27 21
6 11 26 26
1 13 7 17
20 14 15 13
8 21 13 30
29 20 17 11
4 21 23 10
13 7 30 30
10 2 23 19
20 14 18 9
15 7 4 21
14 5 14 4
18 19 16 20
23 4 6 2
23 13 7 27
13 22 9 6
12 20 1 5
14 8 25 27
29 2 14 17
9 22 18 2
16 30 9 8
13 14 1 11
23 12 19 12
8 29 9 8
22 17 9 9
8 13 9 25
7 10 3 25
13 9 27 2
9 14 22 8
29 8 11 29
23 18 18 11
29 20 14 19
29 29 20 28
23 30 11 21
4 5 29 11
30 29 5 8
2 10 11 10
26 5 5 13
8 14 19 5
12 20 20 7
9 27 17 18
19 20 13 21
15 15 5 18
27 14 2 12
9 18 1 23
22 17 4 19
17 20 4 20
7 14 8 7
7 15 25 7
14 5 26 27
15 4 7 16
22 19 5 30
9 3 6 8
10 4 24 12
9 24 8 28
11 24 6 2
8 10 22 8
21 29 5 20
11 1 3 16
27 7 12 10
4 23 6 4
24 12 24 23
11 30 27 12
15 5 29 20
4 29 1 11
9 22 6 21
7 16 16 21
3 7 9 13
26 1 4 30
26 30 24 22
5 14 27 4
27 20 27 18
3 8 4 1
29 22 24 15
30 1 3 6
16 20 30 1
12 15 16 23
7 12 5 6
27 9 6 17
21 14 17 18
1 9 29 14
29 20 15 29
24 21 3 2
16 21 14 14
27 30 5 14
8 29 11 20
12 14 23 17
28 4 11 29
30 5 15 19
26 22 27 30
26 1 9 27
14 1 23 18
11 3 15 20
11 22 16 8
16 24 27 14
27 17 12 28
10 5 17 6
18 14 29 25
24 13 18 14
9 17 4 27
17 1 30 25
27 20 6 27
3 24 26 12
27 8 7 19
6 28 16 5
2 21 8 2
16 15 18 5
21 19 22 8
23 22 25 10
22 1 14 22
17 5 17 2
17 1 2 1
20 5 9 13
26 6 15 2
6 15 23 12
25 26 6 7
13 20 20 7
29 19 15 25
13 4 10 22
20 13 20 20
26 10 4 8
20 19 16 4
1 13 28 9
12 25 15 14
11 26 10 16
26 30 7 1
15 15 6 5
6 10 10 19
6 24 6 18
7 29 24 7
23 30 15 14
4 1 10 14
13 6 16 15
19 18 27 10
1 20 21 27
7 23 6 15
4 20 7 14
28 16 22 3
3 13 6 3
24 14 6 6
28 4 13 6
3 5 13 29
15 21 7 15
25 23 5 30
29 16 2 14
8 3 27 10
29 12 14 4
21 8 25 7
12 27 8 14
14 8 28 21
24 9 4 28
17 20 21 11
1 9 30 16
17 28 16 18
19 2 4 24
9 30 28 1
17 13 1 26
15 3 3 17
12 6 10 10
12 11 12 5
12 23 21 18
23 21 28 12
3 6 20 20
20 1 12 27
17 19 4 20
10 7 13 4
11 27 26 23
20 13 13 26
18 1 13 25
20 11 26 11
30 7 13 11
24 17 22 1
3 17 22 21
13 9 4 11
8 22 17 26
23 12 3 28
15 23 26 23
22 3 20 8
28 8 14 13
27 4 7 3
24 4 8 7
6 21 27 11
14 2 18 2
16 29 27 27
20 24 15 5
