200
84 -80
63 13
66 -76
-4 3
86 96
-65 19
26 61
-86 -47
25 -43
62 -28
-77 -96
42 15
-10 -65
8 -54
29 1
-85 61
-12 17
-53 12
80 83
-73 -13
-57 95
98 49
40 47
-33 44
-40 -56
-40 73
-96 52
68 -47
-18 97
-93 76
-100 -63
66 -68
-34 -41
57 -88
-56 -42
74 48
-48 45
-96 90
38 63
40 64
43 -97
-8 69
-30 84
-24 -93
-31 24
39 76
-66 -92
-49 -27
-71 97
-52 18
90 9
20 -97
80 -20
17 -5
-54 67
78 -6
-22 -14
-49 45
-66 -96
-70 -2
-54 -89
-89 -6
77 -64
19 -59
34 18
29 46
-13 -63
-53 -48
-36 5
1 -74
0 90
13 -4
-14 19
58 99
-45 -80
-69 -67
-83 -5
-81 98
0 -15
-43 -1
-55 38
8 7
-64 0
22 -57
59 46
57 17
52 -2
-84 -24
74 -60
-59 24
47 29
12 -18
-33 -79
23 -44
-93 -17
-27 15
-39 -46
31 10
-13 16
36 -92
97 22
-64 -100
13 -45
93 -58
65 -73
-68 -34
81 3
-61 3
10 88
25 97
21 24
33 -16
33 67
60 61
92 -44
-25 -15
56 -98
-88 -81
3 -95
30 -24
-68 59
46 21
-22 -43
-23 -81
4 4
-47 -46
85 14
69 -61
3 -41
-75 72
100 -68
73 -46
-50 -73
-56 -88
40 -51
61 -59
-37 52
94 87
-66 40
-63 -50
71 -39
-43 -98
-84 72
-92 -48
12 -33
75 66
37 -30
-87 -75
-61 43
-75 -89
36 71
-44 79
15 83
6 -77
-27 -87
68 -93
-60 -68
92 51
47 93
-67 -44
94 40
-18 -14
96 -13
-78 -79
-70 6
54 100
-81 42
28 -78
58 27
92 -88
52 -57
-77 -62
10 -59
59 16
48 38
76 -67
-48 99
-64 73
-59 -27
-41 -100
79 96
93 -27
-46 -99
97 -4
-46 -69
28 75
-97 42
97 66
-89 -51
55 -34
95 54
-50 13
51 -94
-34 81
79 70
71 -95
-73 95
-96 50
75 -21
85 -60
-100 -11
