1000
54 -93
806 -732
166 688
-320 -689
754 994
-349 583
-14 -513
40 85
102 -700
506 -373
869 567
-279 503
277 -949
-913 573
832 463
-66 -237
-406 19
631 291
261 195
809 -840
-188 717
-926 430
310 544
-428 869
-277 -264
442 201
231 -653
-376 -934
-219 208
19 -342
393 -91
-798 112
185 -300
-460 -541
519 326
772 912
98 -188
452 64
-761 29
-19 517
817 -992
-684 232
-483 -877
-306 -272
-514 -412
379 -95
-885 -800
826 259
-580 -784
9 -398
-332 737
-927 -298
-192 65
530 353
-446 579
687 -314
-7 226
950 -489
-66 -942
-833 -914
669 858
65 862
-969 604
-760 -808
193 656
-932 523
99 -348
-816 557
979 -644
-818 380
-236 269
-773 502
-824 -465
-422 371
-114 -722
-451 -726
281 245
684 190
882 910
781 -206
683 -728
-834 -472
-791 236
421 -974
-943 205
-77 373
-367 493
39 -683
927 210
-803 -321
-128 766
616 263
-858 -75
844 -56
382 -573
495 -430
-760 140
742 156
960 -167
-821 524
704 -465
711 683
125 964
566 -676
-758 911
-229 -894
395 788
-662 924
-527 -175
886 -799
-287 -579
983 -765
552 595
471 662
-269 -327
351 545
-277 80
311 65
-595 919
-61 -503
246 695
-309 66
314 -23
513 -307
421 826
148 31
-679 896
269 502
-987 -438
577 -965
-631 107
45 542
908 -441
-391 608
797 434
-870 -251
989 747
961 -278
-747 -551
-462 -279
357 947
663 982
-110 23
-962 192
-87 -430
137 401
-922 -584
-84 226
-720 263
-336 329
-79 -432
68 -145
-227 -989
104 668
-465 -289
585 928
-307 -726
348 -153
-22 -148
979 -392
354 -337
-914 -367
-165 317
-703 199
959 -784
490 787
620 96
-685 -957
934 762
453 99
66 -691
-65 852
-669 -929
810 -415
343 -456
-927 -967
-546 -395
-89 -103
67 169
882 703
749 -78
725 111
344 -930
591 132
-346 -411
820 -235
794 461
89 -449
620 520
-967 793
-883 158
855 366
432 682
-872 591
163 -756
70 -333
-222 325
432 273
174 -382
-332 -14
-77 520
37 737
575 430
772 113
4 366
-781 870
-140 -458
988 751
-278 -608
971 658
-110 916
48 -205
-796 92
338 -517
-43 147
708 756
877 -977
87 -643
130 -240
-257 -894
-953 -316
-687 -83
-932 952
-233 -50
80 328
-915 -982
-375 -158
237 -724
582 170
-978 693
-223 676
-292 -293
-936 -269
-605 477
361 -432
-674 -561
307 -886
631 900
407 25
335 238
838 529
720 -505
78 64
850 -141
-167 936
682 281
-437 685
922 450
949 258
-675 785
901 -974
-757 -249
-482 -758
-71 785
978 -64
752 -196
-47 958
-670 -520
-999 580
384 907
-82 561
452 -15
947 912
369 796
-158 -383
787 -741
-436 -272
-366 253
355 -775
-78 -304
238 -295
-832 -398
674 -328
273 -380
370 91
-965 511
261 408
250 -778
-908 -203
-237 -500
531 268
661 121
-401 -730
318 -316
-617 -444
539 -19
-723 944
-303 -908
179 936
194 755
781 874
-57 566
125 -288
-226 -29
-151 911
-536 268
-155 -875
819 -482
762 -152
-954 -350
-67 -290
-370 -224
-989 -820
-359 -42
347 -728
-803 841
878 724
-273 368
-256 -916
184 -981
811 -428
417 106
73 755
-246 -20
-451 691
-879 786
666 -466
-524 497
892 -615
39 522
-997 656
980 -629
-9 193
697 258
711 -286
-922 -352
782 -659
864 -401
-555 -130
-450 -151
-949 -414
148 -538
-610 -848
-682 118
-478 31
-732 -65
-561 -692
-109 -129
-296 197
377 694
912 13
-67 357
604 -431
-445 -634
-175 -788
-996 -442
112 -648
407 106
-752 643
-590 754
-466 -729
-666 -889
78 402
-444 737
458 -697
-350 -233
-195 374
463 -687
575 981
122 682
578 136
-786 -980
-607 808
-738 -6
-644 60
-962 775
-334 877
-567 292
-550 697
217 365
319 631
898 -39
266 -868
237 -180
-137 15
-720 652
358 -180
312 -920
-381 91
507 -543
385 662
-671 972
583 713
949 -969
207 -527
-357 78
-307 43
-383 262
-354 853
-954 528
-439 848
-797 -542
-75 923
-82 -246
107 493
41 19
997 897
-461 896
77 -574
394 -188
965 862
610 32
-112 891
-560 826
-463 -819
680 584
184 -679
310 -431
861 851
-3 799
916 -446
-378 -494
35 239
-713 324
-979 921
-566 -493
-729 -320
692 -357
-986 949
498 -607
332 -291
-916 711
992 899
622 -622
-304 935
607 -54
573 -319
393 -782
-128 326
-212 188
74 -87
647 -707
491 -898
855 467
307 550
547 -349
862 754
156 319
-648 -31
-508 -478
540 533
-690 -7
-475 600
542 -84
-775 -813
965 25
-500 375
-920 73
457 -787
695 -934
416 476
-168 869
142 -257
-447 146
-601 -371
-916 154
-210 -404
2 -827
-580 700
-327 -656
403 -481
-352 823
604 179
896 195
-588 822
508 -904
160 476
-530 970
-842 410
422 -210
99 54
139 838
-373 431
-14 -263
942 630
-840 723
705 -676
-503 1000
-736 30
-228 -177
-927 932
229 -550
286 574
-952 -244
504 324
155 811
275 -624
-165 606
-655 -642
-742 977
67 -613
118 -798
478 657
713 -21
-660 437
-942 513
-798 134
612 -926
-656 769
991 -827
-401 -659
-530 -483
-824 -902
-497 -683
349 -127
289 -163
699 -491
525 380
-573 -72
775 -648
-428 664
-15 -741
563 239
496 701
281 -841
-368 1
831 -215
739 -888
667 619
-221 547
-242 233
115 -814
-814 42
-952 -550
-583 969
942 -471
591 75
855 -84
-991 -980
-303 399
416 581
-316 -152
-522 -120
582 -290
-540 871
-537 -480
-186 810
735 -62
-247 865
714 -721
-613 -261
-184 53
156 117
-991 546
378 -346
-221 45
892 -525
-206 335
763 125
848 -365
-296 -545
202 -155
-617 -131
-870 -498
461 -915
472 566
165 -170
-841 -135
-853 -805
319 -203
-131 177
935 -852
999 307
-420 733
426 817
-660 -674
134 513
-487 -519
983 261
631 129
-942 -635
352 -699
616 829
30 817
418 52
-66 858
50 613
-540 -603
-305 -923
159 985
493 -721
860 -1
-914 987
43 483
-294 -795
759 -74
798 49
-504 -32
-529 846
495 -680
474 37
785 777
295 -774
92 624
-669 -837
473 -946
-584 325
-992 903
641 94
541 956
699 -866
660 -10
821 400
243 -896
-804 641
740 -15
171 -929
-743 -176
180 254
-901 -779
919 756
482 -981
953 -698
-650 -842
357 474
849 -342
738 856
338 276
-269 -652
-728 -34
-478 -103
733 18
-116 108
982 832
-966 -280
-837 690
661 -149
82 973
-106 -979
594 -577
271 277
513 473
-267 -644
635 -746
532 916
743 -236
-596 -233
-487 -696
91 -775
-461 -154
45 -911
154 216
-708 692
413 -586
372 50
708 809
952 438
864 -158
345 -821
-771 521
-168 617
329 459
-901 -78
-460 -510
-561 741
155 -373
56 -565
31 57
595 962
823 83
-982 -875
657 -439
-876 -371
477 453
-507 678
-577 674
84 -939
-233 -816
413 -15
361 -494
-652 -254
959 567
-431 -422
-464 -680
-690 -881
6 -733
197 777
-32 -854
41 -725
266 -953
905 73
-984 -315
600 31
462 542
63 438
665 -808
-721 -748
506 -524
181 -451
868 -332
-462 338
706 -939
52 832
-431 -161
-327 -180
715 -163
873 -368
-175 496
991 630
-286 282
207 944
970 539
-971 -955
19 -717
-244 114
-16 -907
-898 -440
435 -932
151 146
107 976
717 -874
-584 969
789 583
-934 -63
510 -205
423 -723
231 -48
812 -628
-327 -734
-621 -785
496 510
918 -501
-298 -120
950 290
194 -896
-618 -592
-481 -506
-123 -135
-999 -487
385 256
-628 797
-160 -963
87 -739
-228 -985
-310 -924
572 -216
809 856
412 413
919 662
-917 -813
-775 508
-664 -670
-601 402
-186 626
663 426
2 -944
63 751
-663 766
-958 -468
-193 -531
-243 670
-934 -524
-781 411
915 -752
938 -282
541 -88
-347 228
3 961
-112 -885
567 -893
-120 372
-455 -995
-917 330
616 -638
213 555
-62 721
297 981
-420 14
272 332
-713 27
829 810
500 102
-867 -102
-904 79
-340 362
-736 213
-908 -490
497 726
-623 -953
-118 -22
-504 -422
-177 -988
373 -935
-776 -852
28 180
775 -411
-534 264
13 623
-595 916
518 732
889 -509
-171 -525
626 929
556 -490
680 839
740 -255
427 -671
295 656
770 994
-751 -757
994 804
-351 873
-87 874
-650 -971
54 801
990 672
-924 -259
512 -89
-885 848
-650 48
-906 -634
-159 259
22 -369
-578 -843
805 -6
579 444
629 479
48 70
643 -588
-127 -573
729 694
-686 774
-571 -918
-658 947
403 -260
-512 -957
-73 8
-963 692
-34 -532
-653 470
93 -847
309 -531
791 -184
-2 -622
994 806
-376 159
814 631
-710 -818
460 319
120 990
-918 -552
936 13
-396 280
-369 -172
672 545
762 -512
-179 -892
957 208
-496 882
806 587
-532 103
-345 -413
853 959
687 490
423 -90
826 -536
-925 821
-825 975
573 -715
406 -390
597 245
-818 102
-796 -298
93 132
509 913
-344 189
153 272
-918 789
415 490
839 760
-519 -343
-75 -447
-432 -778
-902 -531
-183 607
924 729
522 -478
-98 931
260 -438
-336 -491
-417 669
-907 842
811 -823
482 134
-315 -837
281 491
-872 -931
406 139
-77 -461
-801 -198
10 780
815 -591
678 -942
725 -999
-638 -725
-324 -885
626 841
853 731
102 952
414 570
35 -306
-888 698
-685 -794
-558 709
294 688
744 -614
589 746
819 -393
-844 248
912 340
-248 3
-661 684
952 -898
732 547
996 -127
783 -730
-769 -246
-215 211
249 -676
437 -864
-510 -630
-162 -297
517 876
268 -783
-841 -167
916 -675
936 -169
-941 -601
333 84
-820 -204
-649 627
-452 862
-374 329
-172 239
566 -383
-843 20
297 -33
-372 331
85 854
203 357
-114 310
-271 44
910 -936
435 683
333 -407
524 920
723 -297
-737 -939
276 -890
579 279
872 965
-380 281
-604 954
-844 362
962 655
298 847
-898 -389
682 705
-868 -733
-185 -882
-560 -332
-266 621
-929 664
448 -870
-192 -348
151 -64
-634 -888
895 465
241 536
509 -744
84 -335
-847 174
-575 25
721 -101
410 529
-776 -432
897 802
-563 -307
208 897
-547 363
-304 -835
-941 148
464 661
636 -766
-422 901
-894 -40
-78 388
-979 -873
537 -937
-756 -974
471 -717
323 10
-618 -487
584 426
896 -864
838 762
668 265
-310 491
-829 -471
-166 948
-324 -427
