1000
-42 -31
-2262 -2852
5510 -9154
3335 -4370
-4988 -5589
-6090 4163
8903 -1840
-1102 10258
-7656 10281
-4466 -7130
-5220 -2369
-4408 -11086
-8961 8947
-14297 4899
-13456 1104
1885 -11408
-5829 -575
-13427 10074
3335 -11109
841 -7498
-11832 3588
-1943 5129
10585 -5106
13195 -6555
9193 -1725
6989 -10051
-8410 -9315
8033 10649
-8758 9637
-12267 9200
-11600 -1288
-6061 -483
9512 5198
8555 -1748
-6496 5796
-8236 -10672
2117 4991
8439 -2806
-3683 -299
-4756 -2530
-10904 483
-11745 6601
-319 -6325
-14065 5474
-6148 -1127
-9222 -621
-7743 -10833
-1044 -1794
12470 -8464
10034 506
-7221 9913
-5249 10120
13137 5865
8091 7866
-7279 -11477
-957 1012
-8729 -3657
-10237 9982
-4495 -6118
14239 -506
5191 -1817
7105 3519
8729 11408
13224 -2967
-6902 -1817
-6786 -10166
1450 -7268
-319 -7199
-9425 9476
-5655 -368
-7801 7498
6206 3289
-5771 2668
-13717 -10971
-6583 -5796
-10498 2806
-6728 -9982
-783 -7268
8236 -8533
4408 -2139
-9773 10465
-12644 7843
4582 -4715
-10904 5681
-145 -10879
2784 -9315
-7047 -4554
-7975 -9545
-4408 -4393
-11426 -7751
-3277 1150
841 -11500
10411 -4784
1856 -11431
9425 1817
9628 1633
3741 11431
2001 -7130
-6728 7429
10469 6923
-5684 0
-9193 2231
9599 4853
8265 5681
4988 4623
-3567 7291
-1856 -1541
4582 -5589
-13485 4646
4176 -3243
8178 10120
5220 -5313
13224 -7613
928 5428
-6003 8533
4205 4968
-13340 6808
-232 2323
6786 3749
5597 -6992
-4002 -9798
-2262 7774
-13746 575
1972 6578
5945 -943
12934 -10994
-9135 -3519
-9483 7636
3509 -10304
-14239 -2898
1102 2691
-13775 9177
9483 -8993
11368 7751
1363 11017
1972 -3312
1827 4922
-13195 -4646
-1218 -460
928 6716
4205 7429
6177 5106
-4495 -5543
-14007 -6003
290 1840
-1247 10212
4669 10166
-12122 -6003
13224 6256
3973 690
1943 8786
8062 7084
-9425 -805
-667 -4692
-3828 1242
4930 -7383
11861 7935
-14065 4094
-3857 6440
9512 9913
-11803 6762
348 -4646
-928 -8993
13543 6118
-5945 10925
9106 -5106
-14036 -10327
-5046 1219
12644 5037
-2204 -1610
-13775 5083
7366 -7705
9802 -5405
-1856 7889
-4031 -9614
-9483 10350
-9019 -9660
5510 6486
-11165 -7199
12383 -6923
-5336 -8993
11455 -6877
-841 4577
14442 -1541
10179 -6601
-13514 -10787
-6612 11017
11658 -6808
-9077 4991
-14355 6279
5046 10373
14007 9223
522 -4094
-1421 -2346
10324 115
-11165 0
10063 -8073
-2784 -2254
-6844 -3082
-5713 -8901
12499 -9430
203 3611
-7337 8993
11194 -7820
12731 -7682
-12238 -7015
5916 10511
4379 736
13195 5589
-11948 10764
12238 10856
-11890 -7498
7424 -9614
-2726 -10902
-12528 -4094
-6235 10212
5974 -9614
-7134 9913
-13166 1955
-5800 5934
-2204 -6095
13456 11408
13108 -8763
-11629 7337
-5249 3772
-522 -2162
-14471 -7015
12528 -4807
13775 -5083
3915 9683
6119 -1265
-10846 3634
6960 -2944
10382 -8947
-9222 9039
2030 10327
-13369 -4186
-580 -276
261 -2921
-1508 6348
-8816 -5566
-12905 -11247
-3944 -9959
10643 -10189
8671 10672
-13311 10281
11687 -276
-2059 -805
899 -7383
-13427 -7498
-10875 -5750
-10556 -805
-1276 -230
4611 -7314
-2349 6003
13775 -10166
-2233 -10212
9686 -5566
8758 8142
-4611 -11270
-8468 10626
13427 -6187
145 9177
8729 1334
-2871 -5451
6525 0
-10411 874
10759 -10304
-2726 9706
11774 3220
-6612 -10189
-7714 1748
-2726 552
11136 -2622
12209 10672
-3770 1794
-9077 1081
13630 11224
12876 -3197
-3799 -3956
551 -8257
-2117 1104
-87 -6969
-638 3450
-12760 6118
1479 -4485
-2233 8303
4147 -10143
6641 8280
-2494 -10166
-1566 -322
-5162 -4692
11455 4347
-5075 -6187
-6264 6394
6206 -9959
-5278 -8671
13630 -9913
-11368 2185
5307 -11017
-11803 9568
10614 9131
-2755 391
14036 6785
10817 -10764
-10759 -11155
-348 -8809
-4901 6854
2871 -4232
-7975 -4669
-1624 4554
8381 7015
-319 -1035
-12180 -9430
-7395 -4922
-1421 2668
7598 5083
-5017 92
1044 -943
-5046 -1173
-8033 -6325
14442 -69
5017 -10603
7366 11362
-1508 -8832
-9802 1173
-12180 3795
11049 7935
-4234 -8418
4002 5612
-870 1932
-12905 5313
-13398 -1288
-1160 -6417
12470 -4531
-4147 -3381
-1450 1794
14239 -10626
11020 -8625
5046 1932
551 4439
-5394 -2668
-2059 4140
14007 -3289
-10759 -7061
5626 6992
-10904 -4025
-12644 -713
435 391
-8439 9292
-8352 10189
-13398 -3841
5162 5842
-9367 -11339
-13891 3381
-9483 5819
-5858 -10879
2610 460
9860 -8533
-10614 -6532
-2581 -345
5481 -851
-9338 -2622
-464 -2875
2929 -3611
-14355 -11408
9309 -7866
-6235 -7521
13688 -3427
-14210 -7199
-11194 1265
-4669 -8763
-6206 4163
13630 8418
-2465 5888
4350 1748
-4698 -6233
1102 -5060
-783 -4600
-14268 1219
6728 -8004
5046 -10143
-12499 3013
11948 -1311
-319 -6118
9048 -9890
2233 -7452
12093 2047
986 11270
-2726 -10258
7076 -207
-6786 4301
725 -6808
6293 8648
-12383 -10419
-2117 -10304
14152 2530
-9425 -6831
-11165 2898
4002 -11339
5829 11477
812 -2369
11426 -3979
12035 -713
13050 -7406
5568 -414
12818 -10603
-9077 -5773
-6641 2507
6322 8625
-13804 -1725
-6873 7452
-232 -10258
6264 -4531
8903 -6831
-9396 7590
-841 7958
-14384 -2898
-1972 6371
-7482 -7406
-5568 -9269
-6496 -368
-4785 -2967
-13224 598
1102 -11339
986 -1610
-3190 -11385
-7917 8993
3509 11086
7714 10028
-1711 -8740
-12528 -437
-8816 -5405
-5945 -6969
-13920 8924
-12731 -10925
-8497 -9269
-12122 -7084
12383 -4301
-11861 -4140
-10411 6762
11426 -2990
-10527 4071
5452 -2530
-4495 7222
4408 8004
5887 6555
-1740 6969
13978 -6716
8729 -3381
9048 -6302
9367 -11431
1044 -6394
9918 10396
-13891 6026
11397 -1564
10962 -6440
4727 2530
-435 -10902
-4727 -3887
87 897
7482 11316
12818 -11408
-58 -3266
12238 -6555
899 -1633
7917 -1426
8932 6348
-6728 9016
12006 805
-1566 -1725
-7221 5244
6438 10396
1044 8763
-5104 10603
58 10994
-14297 3611
-6322 9752
-3857 7590
1711 4416
-10353 -7820
-7598 -10649
-2233 5819
-10005 -10971
1044 8096
8990 8395
406 6923
14036 7958
9512 -1449
-11977 -6785
-5945 -1449
-9483 8027
-1711 -5060
667 -4991
9947 7337
667 5175
-12035 4140
-2668 -5796
-12905 -1610
2233 2875
5365 2323
12992 667
-6351 9085
5336 -3703
1595 1932
8265 -9062
-7569 10879
8091 2714
-4640 -9200
-3422 -2277
-5626 -10396
-12122 460
11339 4163
493 -5336
13688 4232
-8584 11408
-7511 3289
-11484 -9177
14413 5014
3538 -10465
-10440 -5451
-5162 690
-4930 414
-319 9637
-2958 -6716
-10846 -8349
-7308 -7774
-8149 3703
2407 -6118
-12615 -828
14094 5589
-725 3772
-1943 -8073
-7395 -6762
8207 6992
9396 10787
10092 5175
13311 6394
-11658 9315
14094 -1012
2755 -10350
3074 -5405
1305 8487
-10759 4439
1566 -736
13427 -9798
-6351 -552
4727 3473
13659 -5612
6931 6601
-1885 -5681
-4437 10626
-11948 -6233
-14326 -9522
-13195 9591
8787 -5129
-13050 5635
-4959 4899
-12673 1495
-7105 9683
4727 690
7192 -8349
-986 -8740
2233 8349
8613 6417
-9396 -8280
6264 6256
-12586 -1564
10092 10833
1160 -1242
-4205 3749
13195 5658
5626 -9246
783 -2300
4553 10603
14036 -2392
-1073 7061
-1044 2484
13398 11017
-11223 7038
5916 -9085
3161 5865
-13253 -5796
-6786 8740
-6351 -7475
-4524 8809
-1421 6693
12064 5727
14152 2093
3103 2599
1073 552
12470 2553
-9106 -9476
-8729 -2875
10469 4968
-7772 -1173
9570 2829
3103 4577
-8294 -5497
-10933 -10396
-9019 10626
1421 8372
-6612 4002
6699 -9108
11426 11339
7975 1265
-7685 -10994
-10266 -2208
8091 -7981
9686 7935
-5394 -5773
4002 138
-7482 11132
-2581 -6509
6815 -713
3857 -7475
-174 8487
-8932 -2967
-13543 7659
4930 9591
4727 -3450
6583 -5083
7134 -10327
7192 9821
11948 4807
5887 -1357
-1334 -10212
1885 -5796
-7685 -6348
-10411 10810
-9367 -5152
-3567 4186
-14036 3542
-3683 -3312
-4901 -3979
12470 -621
5278 2691
-8323 1656
-3944 9384
-2552 -3680
-3538 6785
-1711 6348
5974 9315
-10846 -9453
4843 -7590
3770 -2208
5800 2691
7105 8303
-203 966
-957 6762
-5713 8878
11832 -10051
4640 -6118
5568 -920
0 4209
-12093 -3059
-3306 -7567
-7859 -4853
8439 6417
-9686 -8786
10701 -4784
-10962 -7958
14500 -7774
6902 -9223
-14007 5129
-13543 2001
-11861 -5175
-11484 9361
-899 -4876
-8671 -8855
10672 8993
6061 -10028
-4379 -10051
12702 6808
-14210 -8441
7772 -1932
-11629 -5589
11368 1265
-8961 11086
11049 -9407
1914 7015
-7250 -5497
-174 3243
4727 598
8613 -6141
-11484 6279
-5655 299
3683 -6808
-11397 6716
10121 -11362
-3828 7774
1218 9913
7250 10442
5713 4324
2407 -1127
8294 6854
-3451 230
-2291 -10603
-11107 -8648
-4640 -9867
-1421 -5704
986 -8947
14297 -11362
-2987 -1863
7018 10235
-3103 10074
13108 -9591
-10208 -4600
-4321 966
-4089 8694
-13949 1380
-3045 10511
10875 8280
-12992 10005
-1073 -3059
4611 8648
-12064 3611
-1566 3289
4060 -9407
4263 -5911
5365 -5474
-58 -9683
2494 -8188
12354 6003
-3799 11063
-10527 10051
-6786 5060
986 -368
8352 552
-13224 4646
-4582 -9499
-9338 -713
-9657 2024
12499 5129
-8062 6440
-377 10925
-1508 -8096
3886 8602
-261 9315
-12383 9637
12441 10258
-1073 -10994
5916 10419
-9077 10189
4901 7705
-11455 -5589
-8033 -736
-10933 -10488
-11049 3910
4553 10672
-10411 253
-6148 -7015
-13949 713
10759 -4232
-4060 1886
-11020 8924
9454 -6417
-10527 -11132
-1392 10327
-2668 -2760
6525 8901
-10556 -69
-13253 -6256
-9193 6463
-2088 11477
12412 10465
-14268 5037
13166 10971
12383 2944
-13282 6072
6670 -345
4379 115
-10266 -10120
13282 -4508
10846 -2622
-1972 -8165
1276 6348
-1711 3082
-11571 -6394
-1189 6877
-4669 -11477
7801 -2898
-4669 4186
12180 -10419
3567 -322
-10672 -2921
4002 -2277
9889 -736
-9338 4439
7656 -10856
9802 7866
-8990 10856
2929 10580
-2001 -6969
7598 1173
-9831 -10189
2349 1012
-6264 -10212
5742 -1104
-14181 3496
-12470 -943
13630 4715
-11542 5474
-6989 2346
12731 -3818
-12586 10902
5017 -8924
348 1610
-986 4692
7917 3243
-8990 -4324
-9019 -3979
-14268 -6532
9483 -8487
1044 -2622
87 1150
13746 6969
2436 -5497
-12876 10442
-10904 -9936
-11194 6578
9657 6003
4814 -9729
-4901 -897
11803 5336
-6206 1610
4901 11201
-783 -1886
1450 -6716
-7714 -8395
9744 10534
-348 5428
-6409 8694
11803 4853
12586 -8556
9106 -9223
2204 7314
-12644 4646
-7308 -3887
203 -9637
-406 575
3857 -1449
-841 -1702
-3074 -10902
1885 -2047
-12470 6578
9512 529
-6728 1817
-58 -6532
9773 -10534
696 -3082
2291 -529
8323 -6762
-2407 7452
-1624 -6877
11426 2139
7250 -10419
-13311 -5612
13543 4002
12963 7843
12093 -8740
9077 -3979
-29 4968
13456 5336
5133 -3450
-10643 10166
-13108 -7429
-12006 -10741
-6003 -759
7250 -9591
-6322 1495
667 4554
-4176 3059
8091 6049
-10759 -2944
-1218 4876
4321 4209
-406 2645
-12470 5221
10817 5359
11658 11017
-2784 1150
-10788 -4738
-10440 -736
-10672 -2576
3799 -10235
-9251 -1518
11310 -8464
-10295 -10373
-11542 10120
5742 5129
4727 -4784
-8091 23
3596 5658
-6612 -6003
14007 -10810
-13224 -3680
14181 11362
2726 11201
14500 -7176
6496 -8740
6380 2691
13514 2277
-12267 437
-14210 11500
13891 -1173
-10237 7360
-3828 -115
5220 9867
12876 -7475
-5916 -5543
8352 6394
-8120 2806
7830 6555
5800 8878
10005 8349
11107 6992
12035 -1012
6409 3795
2407 -1242
-957 -10396
-13659 -3933
11542 7475
4205 7429
-8033 8993
7656 2622
14094 8257
-5365 -9637
9425 8372
-12557 3082
-2755 -23
12209 10672
12209 10672
12209 10672
12209 10672
12209 10672
12209 10672
12209 10672
12209 10672
12209 10672
12209 10672
9773 -10534
9773 -10534
9773 -10534
9773 -10534
9773 -10534
9773 -10534
9773 -10534
9773 -10534
9773 -10534
9773 -10534
6496 -8740
6496 -8740
6496 -8740
6496 -8740
6496 -8740
6496 -8740
6496 -8740
6496 -8740
6496 -8740
6496 -8740
-12760 -5382
-11484 -437
-10208 4508
-8932 9453
-7656 14398
-6380 19343
-5104 24288
-3828 29233
-2552 34178
-1276 39123
1160 11661
2552 20999
3944 30337
5336 39675
6728 49013
8120 58351
9512 67689
10904 77027
12296 86365
13688 95703
9686 -3473
12789 -1863
15892 -253
18995 1357
22098 2967
25201 4577
28304 6187
31407 7797
34510 9407
37613 11017
13717 11983
23229 16537
32741 21091
42253 25645
51765 30199
61277 34753
70789 39307
80301 43861
89813 48415
99325 52969
