1000
6 72
1121 -3154
2413 4142
2527 11248
-323 -7087
-1748 -10906
627 -7866
-8398 5605
-5168 -10013
-6783 -703
5491 475
-9538 627
-10051 3762
608 6498
1007 9063
-9652 -8341
-8778 5700
10792 -1482
9443 7771
3021 342
-4598 -5605
-4484 209
-8930 6118
-4218 7809
10108 418
-4560 7695
10602 4028
8398 -6384
-11362 6764
-6669 7125
-10830 -7885
-2090 -2489
3116 2185
9880 2014
9405 9082
8740 2945
-988 266
6384 5643
-8322 -57
3838 6802
646 9709
-1368 -3401
7619 -5149
6745 -5206
380 -9082
8322 589
4636 -2280
9899 -703
7448 3952
-5035 6631
11020 -2394
2888 7600
3610 3420
6878 -9120
7486 7961
8873 5681
2793 -5776
-7467 -8968
11210 5282
-11153 1311
3211 266
-703 7543
-9120 6232
10811 -7676
-8227 5909
-2736 -3895
-7258 -11400
3344 4750
-10773 -10032
-7011 2185
4674 -7961
190 -3724
8398 10678
-2755 -5624
-7657 -10184
-10203 4275
-6251 -4560
-6536 -9215
4009 8740
4845 3686
-7524 4731
2318 2774
171 4009
4636 5225
7220 5282
-760 -1197
-2755 -1558
8816 -4617
8797 -10165
2945 -8455
-11172 -4560
4959 -931
6194 -171
-9538 10507
-10051 -10735
5092 4997
4294 6688
10868 -1007
-6175 -9310
779 2299
9310 -380
684 -9671
-10222 -437
-11286 -6042
2223 -3971
-10298 -10906
3268 1254
6745 -969
-1995 5339
-4845 -8360
2204 -7600
-4902 3154
-1254 -6270
-5624 -3933
-9329 5510
4788 3952
8360 -2774
6726 8474
8740 -1862
-2850 -1805
9424 817
209 -11096
-3420 -684
-4142 9082
-1729 -4180
-9215 8189
-551 -969
10811 8379
2128 570
-9842 3135
2698 6004
10716 4693
6916 2660
8512 2356
6327 -11039
6707 6517
4256 5263
8531 741
4142 10260
-4275 5453
3230 3629
-6973 -7068
2888 -3724
-1064 -2014
9728 -6764
-7296 2831
-1387 -10564
8227 1539
-3439 6232
114 -950
-1425 -6631
-627 2071
-7980 -3192
1634 -7372
7942 2185
1691 969
4313 4579
2850 -10317
-7030 4123
-9937 5776
-4313 9652
-3249 -1881
7638 -4997
8626 10165
6631 -3705
-10773 -1824
-2717 -6992
7429 -8949
6289 -6878
8892 475
-7847 1292
2261 10051
-8246 9101
-9975 -3648
-9652 4940
9082 -5206
-1197 -9443
4959 -9253
2907 -5985
570 494
-8227 7334
-1425 -4446
1368 -8189
10735 2470
-8493 11248
6232 -7581
-589 2527
-6631 -2660
5662 5605
5491 -8550
-9823 -7011
-10963 -5187
3610 -2299
6251 969
1273 -4693
9025 5586
-722 -6631
6232 -5871
-1254 -10526
-5681 -10298
11324 11286
1311 3534
-6783 -6213
-3800 -5852
-1577 -1463
1311 570
-3515 -4693
9652 3800
3344 -513
-8341 8835
38 893
9481 228
9500 -3743
9025 11400
6175 -10127
2546 -646
-2280 -9557
-114 3933
-836 9557
11248 6973
-4579 9158
9443 -1197
-1178 6099
228 -5377
-3116 -5605
-11077 9994
-3002 2109
2983 10849
-4256 10317
-4104 703
1463 -2432
-9519 2337
1406 -5871
2603 1007
9424 -418
5985 3667
570 -1805
6935 8075
-10830 133
-646 2071
-6726 -1007
3040 969
3097 -3230
8094 8056
4978 10507
-8455 -1957
-8208 -5282
-8588 -6935
-4883 7752
-9272 5510
2109 -4237
-6612 -10982
9595 -3306
342 8626
-8132 -266
4807 4085
589 -5776
8778 -2755
-7334 912
1957 7467
3591 -6365
-1425 -7372
-893 2090
855 1273
-741 10640
-9880 2584
-9196 5054
-2223 -57
1178 -8398
2185 6498
-7106 -6916
-7885 -3116
4712 -8702
11400 -9880
-2622 -7011
1330 -646
3154 3059
-10108 2622
10431 -1615
-3705 6441
-3154 4674
-9709 9462
-6821 -8132
3572 7562
7486 -1862
-5871 437
-5035 4655
-10336 4465
-171 -494
10298 1995
-10222 -10868
7828 3876
7676 -3344
7277 -11058
7581 2926
5662 -10298
-3876 7562
-3363 -475
-9139 4617
6422 4066
-2299 2033
1083 -10925
-5700 10678
6726 -5700
-1007 4351
-1083 6156
-3382 3268
4123 -3857
-2907 -1976
4978 6878
-5814 -8816
2394 3914
-5662 -8816
-9918 3154
-1919 6935
-10678 -5206
-7448 -3838
-342 2451
6897 -4294
-3686 -5187
5073 -4921
-627 -9101
9937 7296
8037 4332
3477 19
-3667 5130
-9538 2090
-5301 -9576
-779 -9975
-10792 -9823
6460 9994
-5472 -3173
2166 2698
-2413 -7562
-5966 -4332
1596 437
9538 3116
10545 -4845
-9101 7106
8208 -9405
-7277 10317
-8816 -10602
3382 -2831
9519 -2546
-10564 1083
1615 1729
2451 4408
8094 2185
7106 722
-9614 1558
6061 10602
5928 -8341
7486 -5871
6878 6688
4750 4769
5130 532
-589 152
10583 -4693
3173 9709
-8968 9348
-8303 11324
-5814 -10906
-5833 -7372
8436 1007
8664 9177
-9899 -6118
-11058 7771
-5719 3572
893 8037
-2717 3097
5510 -6023
11324 -4104
-3078 4104
2413 1824
-779 -2527
-4142 11362
-9690 -1938
1026 -1729
1235 -10127
-6251 -2736
10108 1786
-9728 -7410
779 -2736
2204 7239
-11077 -6384
-9994 8588
-9709 -6365
3933 1558
-1634 -6232
2755 855
-10849 5605
7657 6232
-608 -8721
9500 -1900
-3895 -437
-2166 -5548
-9253 -7182
-3724 -4275
-1216 -2394
-1216 741
-418 6023
-5757 10602
7562 1900
6289 -9082
10925 -8075
304 5928
2318 -1843
-7980 4655
589 4218
10697 -3059
-266 -3838
2090 9386
-9386 4598
3800 -5681
4864 7163
-3838 5643
7011 9595
-7467 -1748
-4579 -4940
1482 6308
-5358 11077
-1387 9899
779 4750
5700 -10944
-3724 6327
9329 -3401
10944 3762
1178 4731
7676 -6441
-4484 11077
3553 8189
3002 -2223
6365 6080
9671 -2698
-2204 5016
1558 -9975
11020 4845
-6726 -4275
-9937 9253
1330 -10697
133 -4484
570 -7714
4294 -7201
-10754 -2375
-1349 -2071
6270 -665
456 -10735
-893 -589
-6612 2926
2622 95
-4921 3591
1539 380
8835 6992
10108 -11362
-4921 57
-7353 -8683
-10469 -798
1767 1634
7068 10146
-3686 -7144
6308 -9956
4389 7448
10260 -6574
8341 -4503
-10982 6593
-3002 5339
-9937 -7011
6859 -5054
1596 2280
1330 5985
-6213 285
5776 -8493
9709 -7543
-8056 -7391
11077 6422
2204 10013
8341 -8645
10659 6840
1957 -6289
3591 -1843
5909 931
-4921 -8987
3648 -5928
7201 10355
3876 -9025
-9196 9709
-10621 0
-3667 3629
-7087 -8873
2527 874
-8113 4693
1463 4389
-10108 4579
1710 2432
1691 -5985
-3990 7049
589 -4484
10013 -10317
-6194 -6726
9025 -3515
-8626 -4712
-11324 -8778
4503 817
-1007 2451
5263 11077
-8550 7448
-6859 11229
-2527 -5909
-9443 -5187
1995 10507
7163 1748
4104 1558
-9120 1805
1349 8094
9329 -4902
5814 5605
-1159 2888
-2280 7923
9044 8911
3743 4940
8094 10241
-3249 3610
10526 -9671
-4693 -798
-4731 10906
5510 -5757
9709 475
-4484 342
-7619 -4712
7733 -5510
5415 741
10545 -8854
-2717 10393
-5453 -4807
-9614 8474
-2166 8132
7372 -1349
-10564 5035
741 -7334
3211 10678
-4009 817
-1368 9880
2280 -1976
-6175 2831
3040 8113
342 1235
2660 8341
5890 6650
-3306 9633
4503 -9671
-4465 6973
1007 -10260
1501 -8645
-8227 8721
7733 -10678
4503 5472
5187 4275
7524 -9595
4351 -2850
8626 -6080
6384 -3230
-9690 4845
10811 10659
4370 -8037
3116 9842
5434 9272
7828 10735
1463 -4674
8284 4275
-1520 2660
7733 -3800
-8569 -228
19 5206
-7087 8037
-2394 9481
-1501 -4028
-2280 1786
-817 -8721
-9690 3743
5776 6365
-9120 -5282
-8683 7828
11381 3876
-4028 1026
95 1710
-3135 -1843
-8816 5510
-10564 -10583
-3800 -4674
-6612 -5073
5548 5928
2204 -5092
-6555 -5358
8531 -114
-3686 -11381
5434 -9538
8208 -8398
-8322 -2394
-8208 4142
3230 -2926
6764 -1273
7391 11134
-8835 -4807
10944 6498
-7790 4598
-5377 -9861
-5757 -5054
11191 -2698
-5016 -8892
10602 6061
-6365 -6232
9101 6669
3686 9215
11362 -10298
-5776 -7581
-5035 8018
8721 -4522
-3591 -10659
5472 9196
9101 8455
-4313 -10868
-5187 -3059
5567 -7885
-190 1083
-6346 -2299
-2071 6859
-10089 5966
57 -6194
10222 8664
-5814 -5852
7885 4351
-9899 10830
-4294 931
8987 10127
-1520 2717
-6764 -9766
-7467 -8075
-5928 -437
-4047 9899
4028 -8664
8398 -9481
-418 -1862
7220 -1330
1577 6954
8132 2223
5358 -10564
1026 -6669
1653 -7790
8170 9348
6783 -2299
6783 -2603
-3876 -2109
4256 -8626
-7581 6099
3230 1121
-855 7353
8341 -3667
11362 -38
-513 4674
3325 -7144
-1330 8303
2755 5301
-323 9538
-8987 4313
-6137 -7961
9994 -3363
1634 6042
6916 1729
8759 -7942
11248 -6251
-6384 -5320
-7657 1995
-4617 -2565
-1444 -247
4560 5434
10222 10336
3876 -57
-11172 11077
-1919 -9025
3591 -3439
1558 3059
38 -5567
-209 -7391
4465 1349
-1406 1558
-38 6365
1026 -6042
7410 -1102
-6479 -7182
11286 -6707
5757 -3990
7011 -4009
-2147 -133
-7714 -3876
4769 76
2926 -9367
-9519 -2147
2052 -6498
-266 -2128
-3040 -4636
8816 -7809
8797 8816
-703 4731
-6707 3990
4009 -7486
6612 5548
7391 -8987
4484 9139
-11381 11191
9690 -10678
741 -7011
-7999 3477
9367 -5567
9329 -10944
-5035 -8037
-8607 -9766
-19 11381
9120 7619
-3268 2926
6023 -1691
2147 10450
-10868 475
665 -8835
9272 -6479
-4902 5244
1387 931
9329 2432
7372 -6859
-6080 9975
-266 -5776
-1558 -10431
10260 3572
-475 19
1596 5757
-5909 -7011
5928 -171
-3610 -114
-7125 -2280
-2014 -10906
4940 -6346
-4370 5586
-10488 -1102
6042 -4180
-1634 6251
7676 4294
9595 11343
3876 4066
7942 7049
3173 11191
3591 -2033
-7049 -7524
-6346 7904
-5643 380
1862 -9120
6916 4826
2356 -1406
7220 8797
10431 9918
-4446 2850
-9272 1026
-646 -6840
-2945 -9158
3268 -6840
-2774 -2185
4199 10412
4788 133
-3268 4883
8436 -874
1178 -1159
6992 1254
-8949 2850
3230 -247
11153 -3781
-5396 2812
-10070 -4864
266 -4484
-4427 -7125
-4332 9880
-9557 3933
-209 -10070
-8550 -380
4560 -10146
-4541 5472
-6669 95
10279 9424
-5833 285
-10773 -1083
6840 -2736
7391 -8949
-9063 -779
6422 -5054
-11058 5168
-7144 6688
-7714 -5225
3059 1102
1824 4807
893 3097
-4617 1596
-2603 -11267
-7068 9196
-855 2698
10165 -5586
-10203 418
8417 -532
5301 3515
3990 -8056
10450 -152
6878 -6726
-10336 7600
-8816 4731
-4560 -5282
7030 3857
-7866 -10336
10298 -7448
-114 -418
4142 9519
-95 494
-8569 -2774
-3933 -1805
9576 -3249
-3192 10032
2128 19
-7448 -1254
5605 -7391
-1007 -3572
-1444 7296
-10621 1729
-114 -3667
-5016 -9899
-10773 -7942
6916 -3192
-4389 5909
5852 7961
-8113 -7486
7676 -1349
3097 -3762
8550 7809
-9386 3743
-6099 -5092
-1767 11286
-10621 -2128
-3705 11039
8892 -7030
-8664 -9025
5833 -5016
-475 -7809
-2812 -8588
7752 -6840
-9329 5472
2812 -6555
7410 10754
6992 -722
-3572 9709
-8911 5358
4142 -6612
7372 5244
-3344 10773
9500 2831
6232 -6365
760 6688
3382 -893
-9500 -11343
8493 665
10013 -11039
2907 9690
10659 10165
247 8740
6080 -9291
-7163 -4731
7828 9709
5453 -1178
-76 9747
-4047 -1539
-8512 9082
-8189 -133
3420 874
5681 4997
-8227 10678
-9728 9158
-5073 -11324
171 11229
-3211 11020
2090 7581
4579 -4750
-247 -11096
-95 -3591
-684 -7239
-9272 6783
5225 9709
1824 304
95 -7296
-6859 -1862
11153 -817
-9880 -9500
11001 -7315
10792 -513
-19 11058
-3914 -285
-8417 9386
4199 -8835
-9576 1539
3648 -2052
-247 -8303
6042 -456
-10032 8455
874 -8455
-1938 6441
-11172 -6593
-11058 8455
-8379 1121
-2831 -6973
-10412 5624
-11210 -9994
7904 -6745
7961 -2565
10279 -1691
3515 6403
1539 3249
1368 -1007
-8360 -11286
10925 -9576
5016 9405
-6137 8797
10754 3116
-8531 3686
4218 646
646 9481
-10450 893
2622 9652
-9120 5111
-2166 -494
3230 -2926
3230 -2926
3230 -2926
3230 -2926
3230 -2926
3230 -2926
3230 -2926
3230 -2926
3230 -2926
3230 -2926
3230 -2926
3230 -2926
3230 -2926
3230 -2926
3230 -2926
3230 -2926
3230 -2926
3230 -2926
3230 -2926
3230 -2926
8721 -4522
8721 -4522
8721 -4522
8721 -4522
8721 -4522
8721 -4522
8721 -4522
8721 -4522
8721 -4522
8721 -4522
8721 -4522
8721 -4522
8721 -4522
8721 -4522
8721 -4522
8721 -4522
8721 -4522
8721 -4522
8721 -4522
8721 -4522
11419 5681
20292 12008
29165 18335
38038 24662
46911 30989
55784 37316
64657 43643
73530 49970
82403 56297
91276 62624
9044 2622
16435 13034
23826 23446
31217 33858
38608 44270
45999 54682
53390 65094
60781 75506
68172 85918
75563 96330
6403 -5833
14440 -5434
22477 -5035
30514 -4636
38551 -4237
46588 -3838
54625 -3439
62662 -3040
70699 -2641
78736 -2242
