300
-25 73
38 69
-92 -64
21 47
-67 51
40 -84
90 94
97 4
54 73
87 -1
37 81
-86 -3
-51 30
-37 73
-95 -88
77 -9
-39 -36
-34 14
64 -2
92 4
32 -88
7 -93
54 65
-44 -20
-90 92
-24 -2
-46 -85
-70 27
-33 -17
-56 46
14 48
-82 -73
90 69
-43 17
66 -93
68 -56
-71 -17
-35 -61
-50 92
3 40
-82 -81
-62 -76
28 53
19 32
-55 5
61 -67
-39 87
-9 65
-26 -62
-37 -27
-58 -31
-24 68
-70 -37
-43 -99
-13 -4
73 73
80 8
-21 46
33 40
28 70
39 -66
-46 56
-34 -71
22 -59
-8 39
48 60
-53 19
-95 44
45 -51
-19 32
30 -65
-64 41
34 47
100 -4
41 -6
74 -61
-99 -42
-78 -94
67 -13
-87 -23
-53 -79
23 42
-60 14
-2 -67
36 -38
60 -21
-78 50
18 -40
-63 -29
-64 -11
55 -74
5 70
-74 -75
-23 -25
78 -85
-85 -59
-14 -20
64 82
-10 85
-94 31
99 -55
-30 22
79 90
2 10
8 96
81 84
6 -90
-93 -18
-67 -95
-72 -73
91 70
37 -91
99 -10
-3 8
31 81
31 -25
-89 -90
94 -17
-21 82
10 -6
-8 33
38 86
-32 1
-48 37
-57 -65
59 -78
49 -74
-97 -16
-11 -79
-19 -93
-98 9
-84 93
8 88
-21 -57
-98 0
-78 -96
52 -49
14 -52
-92 -44
92 -34
89 -49
-88 76
-46 -100
92 6
-89 28
57 -42
33 12
96 88
-100 -25
-38 -82
-62 98
6 75
-99 -35
18 24
89 54
56 -96
-1 0
43 -28
-60 -56
-63 80
95 -78
56 -87
64 -71
-91 -51
-97 84
-20 67
98 24
73 -98
42 31
-91 7
-56 -80
-15 25
-43 98
94 62
-100 18
97 -18
-85 5
-70 76
65 39
71 95
-96 35
-8 51
-32 71
4 89
23 96
-39 -78
5 55
-83 -8
2 -62
-83 67
60 -72
-76 -79
89 -100
-96 6
67 82
1 -94
-15 -40
32 3
15 62
-77 98
72 41
-87 96
95 -63
96 48
-48 -87
86 64
68 -50
25 -95
7 -80
-74 75
-22 93
-27 -91
-41 -36
11 94
48 -49
19 -22
-33 87
65 -33
41 86
-88 -20
28 -75
88 -29
27 -3
-93 -71
84 89
97 63
86 -99
98 1
-84 -97
-51 42
98 56
-80 90
-30 -43
79 57
58 -98
100 62
-68 -14
-59 36
81 -67
70 43
72 80
-67 95
-55 52
-71 -24
61 -64
-90 36
11 -47
0 -14
61 -81
77 42
22 86
-18 -27
-94 -26
-79 -47
71 -8
-25 83
69 83
-54 -38
-65 21
57 78
-11 99
94 -98
93 -26
-86 19
-85 -77
51 77
-87 -73
-80 55
-68 -15
-55 -83
-68 53
-96 59
34 -36
63 3
12 28
-59 77
41 -60
-69 9
21 -76
80 49
82 44
91 -52
-82 34
93 -86
60 60
82 -82
77 -12
-65 88
-56 87
16 -90
-98 34
83 26
-3 74
-4 -89
-77 -32
49 37
69 11
13 7
-7 -92
0 -70
-91 -97
