800
-15 16
-268 250
-444 29
331 -281
-28 6
288 -454
-397 -324
-474 435
-389 212
301 -105
222 134
485 246
-406 183
34 0
-447 292
-177 -228
223 156
154 -356
174 -473
-56 -407
413 330
20 -378
-18 194
-163 -387
281 -256
-153 92
-83 119
-309 477
333 366
-89 -35
77 -91
-386 455
399 87
373 -220
97 308
-230 394
-306 -184
56 9
149 -98
-478 408
-169 255
454 -325
51 -190
-81 -18
50 -237
-437 -343
132 -448
-296 105
57 -181
-96 65
-424 -254
-226 -272
239 -214
297 -498
-403 128
-70 -100
-76 -498
94 155
-421 320
-253 -181
-142 313
357 250
-277 49
487 456
161 124
479 499
-193 -251
-248 391
102 180
245 479
459 54
145 -318
104 -150
-136 -264
447 -69
-422 410
-40 -439
117 -258
94 240
-236 452
371 -466
-65 -326
363 390
217 -7
427 278
179 50
262 486
453 36
274 358
15 2
-275 -333
144 290
-139 22
-74 226
-202 -37
390 -306
226 -346
-61 -144
4 -461
115 322
413 -395
114 -368
-397 14
-367 65
-371 59
-420 -400
85 96
-265 -318
-73 -112
-476 50
-12 -178
-23 497
-14 -47
292 16
-499 130
-285 217
-313 -378
364 233
29 240
-9 -425
-31 -195
-190 85
-451 482
159 -328
256 224
198 -493
64 304
388 -96
401 -42
54 260
-260 41
-230 45
245 133
-269 -3
-320 114
85 -456
371 229
-439 -335
421 354
481 348
379 -171
116 246
444 306
261 -64
-470 348
174 -387
328 58
-103 207
-44 211
282 -480
-232 90
45 400
99 -357
-178 456
-145 274
402 -399
-374 -394
-10 -151
486 -326
394 -176
210 -478
153 -247
318 444
-25 257
-126 220
-482 63
-332 330
-62 -14
-129 -296
391 -426
130 -339
204 24
-230 -110
-97 -450
384 -5
457 -334
-290 373
-316 445
-187 -372
127 173
-104 286
114 62
-49 299
-258 406
-205 328
48 96
-195 -237
-432 138
-318 -58
454 -431
-475 -363
231 -294
-88 50
-494 333
-229 251
29 -264
-489 -36
-481 232
204 189
369 347
-283 0
208 -148
70 109
131 -154
-92 -159
489 -263
-341 -7
61 -34
-298 24
-276 -90
401 -129
-182 379
190 -427
310 242
133 264
-409 -223
-403 456
437 357
224 -473
-115 -318
316 -353
-120 233
-24 284
302 331
-307 439
-146 -324
318 -287
-216 -370
-403 236
-403 -50
199 293
234 -86
103 306
-291 -201
216 268
-398 138
256 -123
-300 491
-216 413
425 -193
-54 -106
404 53
-444 401
30 469
386 141
176 -389
163 -165
347 436
173 -396
243 392
410 9
-387 93
-47 -145
327 65
49 -130
-208 346
-471 469
170 418
-15 -359
-95 -26
3 -422
-38 -482
-312 245
-90 25
-322 -38
-72 -46
172 -418
-405 -331
-230 232
481 85
440 -122
105 489
204 -71
-150 -438
421 323
412 -225
15 -127
112 -307
464 -454
-448 38
-89 452
-197 302
108 -228
-49 -439
-464 -197
-182 -251
0 192
-84 207
-358 -102
168 -420
351 87
211 -414
413 367
-100 298
-127 200
40 375
464 77
451 -383
389 -458
-177 -286
-117 56
-211 -22
39 493
2 480
403 -172
-23 344
-390 422
-89 -198
-309 317
49 181
-341 -233
168 -293
455 25
-326 267
168 -453
131 -84
72 -282
411 -395
-450 -276
-331 -252
-225 -381
-40 484
-1 386
-72 259
214 -131
-412 231
18 240
-282 -161
-209 217
403 -186
171 322
-396 155
445 358
391 -30
-492 -76
-18 332
359 286
221 -300
48 -173
164 -245
-71 -313
60 331
-149 -383
-161 440
-330 -421
181 365
74 413
439 134
-71 427
-197 428
232 111
-145 -476
97 -437
17 -492
368 249
-283 465
-61 316
-277 -383
241 82
322 158
7 -122
412 -186
197 -334
85 -170
-315 334
-375 417
-102 25
-84 85
399 70
176 111
-201 -306
335 -267
-298 -15
108 -441
36 -152
-202 -369
-284 464
247 52
473 210
167 -316
266 266
409 325
141 -131
-162 -182
377 1
200 139
7 -108
444 461
-25 322
-301 -279
24 -140
18 425
242 290
-327 -239
420 -77
477 178
-160 366
173 207
245 -241
-303 -234
370 371
-490 -178
-155 222
-313 67
326 281
-358 -283
265 -456
146 -258
124 288
-466 78
219 -450
-123 31
56 73
-87 -242
-420 405
409 -433
291 303
-65 -284
-196 -366
-285 319
-114 -379
-307 430
-118 -36
-239 -63
-140 99
-4 -195
16 46
78 -334
178 405
-451 -3
-378 156
-277 -9
54 -302
-487 59
405 480
142 473
55 -459
-351 292
-404 -381
-172 102
-205 -464
-99 46
321 436
-462 287
-204 2
321 -452
-234 -289
360 297
274 414
-299 231
289 453
132 302
184 463
-131 -456
-478 -353
492 399
28 -3
421 -282
-217 302
-384 -70
-174 -53
373 -284
-122 -245
-33 -495
-332 -453
48 -403
-8 225
206 159
387 107
-5 399
-107 -266
307 -334
99 127
251 133
275 119
-359 -408
204 29
227 11
439 166
44 207
395 -467
345 -51
-59 142
238 -181
230 -430
-144 -66
428 -339
-335 -388
-286 179
229 -154
-47 -446
-497 235
-378 -117
310 -30
317 238
175 362
-326 -238
-31 360
272 -17
-232 187
-252 -425
-405 -344
-257 -182
-451 -258
-142 399
118 196
12 -51
46 124
235 460
-148 273
-42 435
96 139
290 -364
262 6
312 367
-385 -486
463 256
-54 132
103 -174
137 -202
239 282
-109 -364
-315 80
-179 -205
189 -199
-193 218
233 162
134 366
-169 405
-209 -269
-468 -256
197 255
-51 343
-172 -315
305 -94
238 402
33 -364
133 135
307 -217
423 -113
-356 447
40 -15
-116 -46
289 -171
-155 -3
-153 -497
-405 -76
249 -348
-485 -298
-36 338
-127 -384
331 428
489 -286
-86 -362
-121 106
0 265
-414 -250
48 249
-120 -121
108 236
-213 133
311 169
156 45
85 -39
-14 -338
-441 83
206 293
69 -165
298 472
-196 53
45 389
218 74
137 -296
-262 -290
423 180
-73 -57
-127 149
-292 93
110 -27
454 -340
-418 329
-217 -31
-379 -306
-424 -90
-469 -328
264 359
-164 -455
97 240
-408 -24
-259 -54
-62 419
104 297
-236 24
66 -322
-34 412
-339 -399
-244 -63
-112 159
-7 287
-344 56
-446 200
-442 180
47 -169
-334 267
11 -78
9 81
455 -396
-331 -230
-402 72
162 -259
-234 43
-83 319
-441 154
-78 -71
-259 -233
36 -166
407 402
372 350
-1 -452
38 -107
318 -474
369 -331
214 -253
151 -430
292 -437
-453 457
78 363
391 -231
45 198
-289 -195
-344 180
122 400
375 -277
239 195
295 -491
-276 -391
-208 -353
-290 333
-221 338
-164 -108
-413 -302
-111 395
55 56
87 259
-442 -428
-225 433
251 -345
-179 233
-78 -141
12 268
-390 53
-105 221
-298 -30
-369 215
-423 260
-148 -491
457 -14
-495 -348
-48 -96
-174 -438
243 -142
-402 -464
192 498
-50 0
-412 9
348 250
93 81
-73 249
203 -223
227 -381
-452 -161
-151 105
-229 -440
-72 -198
-299 466
69 94
365 252
430 268
78 -198
346 -324
84 -246
-289 214
0 -135
-53 -357
58 42
475 106
-267 -262
-198 -475
81 446
125 299
17 -43
-385 154
142 252
-150 399
451 343
187 182
265 17
-42 43
-418 14
124 -446
448 -461
-156 -349
218 299
-419 13
317 -493
72 -177
244 -408
-38 223
237 -103
218 -258
-19 -321
247 35
-410 222
-431 292
-88 -78
-34 71
392 494
-320 -480
407 65
-62 168
223 299
118 465
-341 404
32 482
-346 -130
-41 400
-179 148
230 -328
134 -343
-52 159
-221 -18
235 -8
-25 -125
321 339
-77 -98
249 467
42 211
11 359
-272 -79
317 78
22 40
430 -302
-457 266
-36 198
-275 -193
338 28
-306 3
-228 139
-59 30
288 -320
91 -444
-483 116
189 414
-330 -245
324 13
-440 493
-178 381
-196 -271
-75 486
-187 -293
-247 22
-481 48
-181 101
434 241
58 -320
-311 358
-6 43
415 69
42 348
-322 -474
206 254
307 -359
-260 -134
58 458
417 483
412 -92
463 -368
114 229
-461 123
460 -291
113 9
-297 400
-219 83
-17 126
-48 -454
439 148
-442 444
-413 371
-147 -402
-327 168
-319 114
459 275
37 320
259 16
-27 87
448 -172
479 445
494 29
362 -281
145 -221
215 153
