800
-76 -30
660 -639
-260 376
289 -596
-568 -559
-691 -84
-525 -116
-117 46
681 -297
605 -110
-196 503
392 -588
687 621
-516 -481
273 353
-185 267
-374 42
-287 -513
339 -47
-390 396
-373 -23
76 114
-134 497
286 617
-655 -542
358 -402
218 66
404 667
-631 87
354 -490
-512 -178
78 166
482 209
354 198
-141 -436
-48 -157
172 687
311 467
334 397
-684 -496
-601 -146
-544 -89
534 674
654 597
566 588
283 -673
652 -551
-586 -639
-644 61
151 -631
-282 41
1 665
452 553
-279 282
-75 -9
291 165
-16 -685
-598 235
403 -195
-594 333
290 -174
297 -372
-137 367
-155 -53
8 238
-302 -149
-288 363
-560 -39
324 382
509 300
-293 -172
-373 45
136 -300
512 -95
-262 -146
537 215
134 61
-621 -354
-21 266
318 -412
142 369
-698 -472
589 87
-345 -248
-316 -129
-588 -285
-419 -103
388 280
636 266
-568 -455
193 -65
-471 228
-630 582
-639 424
-291 550
-503 -575
650 -233
-612 -595
243 11
7 218
-227 96
260 385
-570 307
694 562
-256 -113
-194 599
165 676
654 -385
533 456
-224 652
521 56
588 -236
-642 128
-202 -199
41 441
541 -305
380 -596
-323 107
-154 -452
-358 610
672 113
-180 185
-435 648
-349 -512
541 -584
56 214
49 50
276 90
225 -419
225 -388
-688 -544
-605 -535
170 -201
-315 -631
274 -14
291 -61
617 -231
655 164
21 359
-668 -14
-640 -93
287 123
-352 4
146 382
-524 280
-313 -259
-153 -359
448 -606
418 -395
-508 -374
-121 -29
399 692
-269 -110
-409 30
-54 98
-349 -137
229 36
-495 491
63 246
454 -384
-158 -290
333 379
145 -294
-55 -308
-315 464
-168 -688
261 -602
-126 11
483 575
-98 0
-121 460
-37 -86
529 -195
-434 177
131 645
273 408
-648 9
227 585
-513 429
542 560
489 243
426 467
190 -3
-8 360
309 95
-56 697
475 537
-197 -180
419 399
591 168
432 -262
-595 -648
-380 -340
-3 -203
45 -569
-602 -202
-547 480
-485 251
458 -435
5 302
510 -201
218 517
282 -514
134 196
246 55
544 694
555 183
-369 -495
-321 638
7 689
-566 -2
8 55
-511 661
-246 53
162 -175
300 -170
-499 -282
-330 -232
368 340
24 48
246 -124
-214 -293
579 500
673 332
-370 -267
422 465
449 -194
-611 -328
691 231
581 -503
559 476
-67 -540
-163 591
-481 147
-532 -461
664 246
-39 -33
434 198
-560 284
-400 -353
-65 644
18 609
328 191
-424 53
-341 56
-577 190
-458 144
666 523
-187 306
680 -661
326 89
-548 538
-82 259
557 247
363 471
167 540
364 -61
-213 -173
675 -584
116 -628
-626 132
-583 -112
-578 287
-374 -568
-569 -411
-628 284
100 52
-637 -296
-679 617
-616 35
-509 192
-392 401
90 147
-595 335
-354 105
173 -573
486 -181
-236 221
353 213
88 30
-194 -227
514 -648
558 344
311 653
-189 -365
-251 -288
661 -514
689 -493
-83 -402
-546 -411
-596 269
345 679
106 -122
-212 -623
-47 -41
-664 485
225 -466
87 113
-328 -18
-152 -165
-150 -124
634 -351
-100 641
-582 -40
569 126
639 -386
-93 -57
-445 484
-211 100
23 -225
180 692
-457 -275
-198 -686
175 -167
39 571
-30 -252
-564 152
62 -365
674 -697
583 573
-51 -469
-230 -22
292 101
-180 -181
487 -556
-498 624
554 688
-377 -18
-543 676
-590 -696
-247 -121
517 -525
614 -675
334 -221
458 141
566 162
398 376
-449 292
156 421
-309 201
54 207
2 -256
-596 444
-422 -239
517 -559
522 -223
628 487
-463 -690
64 399
416 -234
-664 -606
406 75
152 -506
668 222
-72 -529
-450 209
626 -430
623 -85
247 66
69 -518
550 54
355 -134
79 115
-417 -131
-136 -575
-566 -598
-628 367
677 -538
-46 195
-479 557
-411 -440
631 -18
651 -381
0 -102
-23 265
493 -300
-115 589
-4 -138
344 -418
-295 -508
-70 -688
-339 329
-531 -432
479 -590
-182 -433
575 -197
-31 -697
-12 214
-655 583
-1 -332
397 -345
324 485
39 27
463 -49
224 -496
477 677
-420 -238
-140 -88
-435 268
-700 -63
238 -469
698 -307
-297 275
684 651
-488 -43
-155 -654
10 -492
391 -78
196 504
185 477
388 334
-275 -679
-114 -303
368 651
565 109
531 610
454 -624
259 -620
-15 417
-272 -459
-40 664
584 -26
228 -572
-1 688
257 -615
605 263
-350 0
576 -183
114 346
-534 665
192 393
265 456
-645 -142
-557 -93
25 -300
-239 -512
51 614
517 59
-99 -351
-551 550
419 -562
-290 412
-365 -689
-250 -490
7 -227
-569 -2
575 102
280 636
-214 490
-511 609
-348 -549
-547 483
-33 329
449 238
556 -665
-501 18
167 -589
204 548
-481 -22
520 564
-160 600
480 -511
18 616
-467 -485
680 409
221 584
-187 -446
242 -226
-475 576
57 -6
381 -85
174 -528
286 -556
252 -646
26 578
-161 -442
439 -609
321 -621
71 137
-600 -612
620 -384
-366 -115
660 -652
302 666
-108 -185
-606 675
-317 -476
475 338
-91 -135
-638 -135
-490 607
-144 19
77 -297
-159 490
-375 655
191 620
640 -254
-652 -372
-204 343
414 -695
-423 162
-86 -388
-624 137
376 166
-67 620
-649 -234
-548 -339
-531 631
373 -246
-565 468
510 -122
-572 253
403 -401
-219 -249
247 -687
-382 135
188 469
466 -417
-669 -20
658 -360
633 513
-575 380
-638 221
-5 -174
-375 -106
295 620
635 -17
48 394
483 375
149 -203
-615 72
684 -33
25 451
509 -234
17 491
420 414
-286 -445
695 375
0 -467
-598 8
-624 415
601 -564
-319 444
-618 -151
-688 624
-522 -619
-294 -635
-303 161
341 -395
-527 -581
646 -454
-388 244
430 -222
-623 -655
-272 -621
637 309
-649 -576
-442 -357
-587 4
-212 58
57 700
188 -78
-563 -204
547 158
623 -495
653 -219
482 -376
-141 -441
-506 -623
73 -296
198 432
-162 106
-241 571
665 462
-7 -558
-418 561
497 -276
454 553
343 159
-381 -161
219 205
22 164
397 237
-122 286
-311 -352
-306 -522
-520 524
496 -379
53 49
-122 501
338 -279
59 -579
-232 -615
412 352
34 38
621 487
-235 46
131 -463
-490 -145
-22 -422
-56 528
-280 -408
-361 -114
-15 -630
101 -536
550 268
298 -138
632 -157
-623 154
-292 -212
-526 -36
528 231
-662 320
-95 221
-219 488
44 -383
-514 70
190 -230
617 -551
538 -240
89 140
625 679
-33 679
-614 413
-388 27
-407 338
-135 -330
-64 32
198 -677
-589 -326
-419 -228
374 -324
669 227
-613 -637
-458 -473
300 617
-238 622
102 -481
458 -553
-499 -413
-14 496
594 -619
-394 291
-374 224
285 612
-151 429
484 171
130 -375
553 92
-509 -309
-93 28
-350 -273
-14 227
443 -595
239 428
-210 -612
113 289
-401 -474
-73 -140
357 499
161 -145
68 41
230 378
608 -197
-437 279
-430 447
-291 125
686 -622
559 -211
571 -108
-262 -531
310 557
5 506
-682 -92
-278 266
614 110
488 -279
-331 142
423 115
84 -627
590 -208
207 -80
-27 -309
-563 -528
-638 -317
-433 -589
-588 401
440 -534
32 466
-671 -651
-377 479
-372 -568
-42 -654
-296 643
688 7
-60 -494
-391 -458
-83 -60
-549 681
-554 -471
-515 6
-472 160
636 338
585 -299
-692 564
393 -381
369 -640
474 -198
-411 563
242 -700
-311 504
621 -650
394 -112
-298 -380
565 578
163 545
357 635
177 -661
-486 493
-244 -148
-136 -625
372 11
95 636
-574 160
-637 79
676 -640
532 649
74 -620
-386 357
-239 -628
618 328
645 -694
-526 142
156 -607
-390 647
50 431
149 -516
-555 -118
-367 -502
333 -415
662 662
659 -79
400 -630
524 -133
618 58
-698 -531
-130 -594
-393 412
-87 37
-679 -167
-110 -507
-347 618
-144 6
-182 -258
631 -314
-410 585
109 -607
-261 463
667 411
-484 348
-693 393
-609 -356
-687 -332
231 673
187 -221
-644 -57
429 92
434 625
406 296
-645 -344
687 -458
-546 -267
279 -650
-184 678
669 441
-447 -699
546 -244
-429 -335
337 -382
-394 696
-491 -506
-91 -497
155 509
646 465
-136 657
-166 -611
-692 411
-319 404
616 -98
-624 -654
221 -83
421 -408
-580 196
597 -590
-515 -255
-387 336
-695 369
271 -32
369 -326
243 -535
599 -541
