1000
-52 0
3220 5934
-7682 6348
3519 -5359
-5888 9660
4462 -4508
8924 -9821
6601 4255
6923 5313
-8487 4600
-6302 184
9821 -4209
4393 6969
3979 -1127
-4232 -10971
8326 10764
2622 -3404
9936 7245
8418 -4485
7613 -92
9154 -299
-11454 -6325
10120 7337
1449 -2461
5635 6049
4853 -4439
3151 6601
6509 -9039
9292 -6992
6555 -3841
-7130 9154
1449 3818
5405 8602
-3220 -92
-6233 8119
1472 3703
2967 644
2300 -4554
-7176 -3013
-7636 -1955
598 -7498
3818 -2944
4554 -2254
1656 -7728
1564 -759
-437 -782
4048 4117
3657 6187
1978 -10028
-10189 2668
-5290 -7199
-4531 8188
-10856 -3956
-6302 -2369
6440 9545
-5198 -2599
2829 -9729
7659 5060
1426 3473
-6693 9591
5497 -8487
-7245 -483
4531 -4600
9660 10258
-9499 9982
11316 -4439
-2599 -5727
4186 -9821
-3197 -2323
-23 4255
-4508 -1794
1564 -6532
-3772 6049
1564 9545
8234 -5658
-1173 -11224
5566 -5037
-11201 9660
-6601 -5566
-5336 -7245
6923 1288
10672 2438
-6555 6348
-2714 -11362
0 3473
-2944 -1587
-8418 5405
4485 10350
-7061 4692
1081 -1219
-2645 -8510
2806 1380
1840 7774
-5773 2277
-6532 299
5520 -2093
-552 11040
-2185 -1196
-2645 -3312
-4002 4048
7222 8487
-3910 4968
-10097 -8234
-9131 -3841
3404 -4048
10511 -3680
-4232 2369
4370 -10212
7268 -6003
4048 -8832
4876 6877
-4163 4071
-2162 7268
-10994 9706
-4807 2553
-7797 6187
-4186 -1610
8395 4600
-6854 7774
-6785 3887
-2806 897
3703 1748
2760 -7475
2277 10557
1449 7268
8165 -2553
6946 -2323
8050 8349
5865 -5543
10534 -2553
575 6555
-3979 -6118
-2967 -161
-9913 3220
-3289 -10258
46 3128
10442 -10764
10442 6141
7452 3381
8464 -4577
9430 -10649
-506 -10442
8855 -5727
-4278 4393
-2070 5543
-5520 2001
-6072 -2852
3427 -7705
2760 10120
1978 6923
-10005 2070
9361 5083
8602 -1725
9246 -805
-8809 5658
-10005 10028
7659 10465
9177 -2369
5911 9361
9844 4715
8671 -7383
11477 -3979
3427 1219
-1863 0
7981 10833
11362 -4738
8510 -10649
-4669 10718
-10028 8418
4416 -5543
-3795 -9315
-9453 6026
5405 8119
-6854 5336
-1817 7452
-2806 -11040
2139 1403
6785 -4784
2645 -299
8947 7498
-5635 3611
-483 -5244
-8671 782
-4255 -2622
6670 11454
-3910 -2553
-9890 759
9637 2139
-989 207
-11224 3657
-1150 -6555
-7590 -10925
-2783 -2737
-9154 -299
4968 -8786
713 -4738
-851 1403
5934 -10442
6049 -6716
-8901 1955
-3841 -10902
8533 -6486
-10350 -7084
-7475 10488
11270 3657
3588 -552
5198 -11477
-7360 437
9384 -7567
-3473 -2024
2300 874
10925 -2530
10534 -3588
-11431 -2944
-6992 1587
-2392 -1081
-4531 -10419
-11362 713
759 -9591
391 7245
0 -2369
3381 2369
4830 7843
-7590 -10994
-10672 -1564
9545 -7268
-11500 -6095
4393 8234
8188 -4186
-5819 7521
4163 -9568
7521 -529
8234 -4393
4623 10304
8349 828
10051 9591
2415 3611
2392 -4301
-8142 6877
-3542 10212
-8280 -2783
1909 -8027
989 6233
-4485 9177
-6555 10695
-6095 -1380
8533 414
483 -598
-4094 -2898
-8763 -9223
-3680 -3910
-9844 1150
-5313 -4554
276 -9499
-7751 -8717
-8280 828
1288 4485
-1035 -5267
-3059 207
5175 6739
-1242 7797
-8694 6371
8096 -11040
-2898 -10580
10534 3519
6969 -3151
-10511 7751
-1127 9614
4255 2438
-4945 2024
6118 -736
-3059 -1771
-5842 -2691
-8073 -11500
1058 -7222
-3933 5428
5405 -1288
7130 5106
10948 6532
-6578 4738
9890 10649
-8211 10281
8740 5888
7521 -2415
-5589 -10626
-8211 10902
-8395 6854
-7360 -9361
4761 1173
0 6394
-5543 10810
-69 -9913
1955 -3565
-10810 322
2875 -4945
10097 1035
-1633 -8165
8188 7567
-5934 -8947
-4416 11178
1242 -5750
3979 10097
8372 9844
5359 9154
4416 -1058
10350 -10097
-11339 -5198
9430 -7705
-115 -10603
4646 2783
23 6394
8763 11224
5382 -9062
-9177 -1633
3289 10764
5612 -8740
-9338 -7015
-7659 5313
4416 -5842
-7199 -3841
-7245 4945
-2415 5198
-4669 -7475
-3657 3496
-5842 -3151
506 -3703
-6509 -1219
-10189 5934
-10856 138
299 -8671
11431 -7521
3864 2944
6785 -8740
11477 -4347
-5773 -230
9315 10626
4669 253
-4255 -5221
-2967 7222
5451 2162
667 7130
-8579 6555
4485 2783
-10419 -1081
-345 8096
-782 9407
-2530 -7199
-9361 -9223
-9269 8096
4968 -207
-5060 9775
-4485 11385
-4232 1541
5934 368
8648 -6279
7268 -11132
6670 4278
7912 -6923
-3956 -4393
5543 2875
9637 5290
-6555 10626
-1656 10212
-4071 2139
3588 -10580
-6923 414
6486 1288
7521 -989
-345 897
6624 -207
-8947 10212
6578 -9545
-9384 -10925
-6900 -9453
-8349 1035
8234 -9522
5888 10534
-8395 -644
10442 -9085
6739 -1104
-6601 736
-7889 -10948
8786 -9476
10189 -2737
-7912 -3105
-10764 1840
7590 8579
1265 10442
-6072 -3657
-10580 -8855
-3473 -10028
-11224 -1771
2576 -3680
-8418 -9338
4922 1771
-5175 3151
10212 -9292
-92 667
-7084 -4577
5267 -2185
-2392 7107
-1403 -6233
7429 -1104
-2231 6992
3864 9591
-7797 -9476
-299 575
9246 -4347
9982 -3910
-7429 6647
9844 10212
10580 -6348
-7061 2806
-4784 1679
-11063 8533
3634 -8441
506 -9085
3105 1679
2852 6256
2944 -9177
3220 690
-4025 7199
-5198 -345
-6555 -5014
-3542 8464
-6532 368
7015 -9752
3174 -2645
3059 2967
9016 -3979
-2461 7797
7843 6325
9292 6210
4692 1426
1955 -1380
-874 -207
-11270 4807
4301 9453
-6141 3772
-11155 9982
-1702 1518
-3174 -3772
-345 6486
-2438 -8924
-1058 8763
10281 -7590
-4968 -2438
11408 4416
9154 -11477
-9499 5704
-7153 -8211
-2668 1380
-11293 713
-5060 10764
9039 -3657
2507 -529
-8027 -2622
-9706 3427
-2116 -11316
-1127 -5175
8717 1173
-5405 10534
3611 -4692
1426 -782
2530 -7038
3427 4761
1748 10925
-7544 943
7429 -1817
1265 7038
-138 437
3059 4968
-2507 -11408
-8809 -8878
8372 -10649
2576 -4347
-736 -8740
5865 -4071
414 2162
3059 10856
-6808 -1173
-11040 8165
-3174 -11431
-3289 -4600
7820 -9982
8441 -8602
1932 -7199
-7291 3404
9844 -7912
-3059 -10350
5865 2415
-713 -10925
11178 9591
-966 8280
-10741 4531
-1656 -9223
-3565 -10189
-6785 10051
2323 46
5750 8625
-7981 3013
-6141 10028
-4163 11362
-5267 10810
11155 -368
11201 4163
-9315 -3933
5244 -4025
-6739 -3381
-10143 5014
-6670 -10488
2254 -10603
-7337 1380
8349 4531
-10212 4577
-4968 -7176
-7452 9775
10902 -4278
9246 -8372
230 9108
6670 2645
-11293 6348
9844 8464
3266 -4324
1311 6417
6095 -2898
8234 -5727
-552 8073
-3289 -6509
6371 8832
-368 -6808
9867 -10603
11385 -2185
-46 -8533
2231 11178
5129 -3933
6647 10442
5888 -7498
-5980 11017
-3726 11040
-3013 -9016
5336 -6371
3013 667
11362 10074
5221 460
-10235 -4807
-6854 9568
3634 9338
299 -3427
-345 -10511
10350 -3680
-10672 3841
-3772 -10488
-9798 -5267
-667 -4853
-3542 -3910
11339 -3749
1840 -7866
-10028 7705
-483 -8993
10902 -8142
-10672 9637
-10787 -46
11431 4140
-2024 -1656
-207 -6095
8257 2231
-9683 -2277
-9039 -1403
5037 3588
276 7314
-9476 92
-10327 -5451
667 -1472
4531 -4945
5773 5819
10741 4439
2254 -10603
6992 -2369
8119 -897
-989 -920
-9775 943
5819 -8234
10074 -4439
-3565 989
-3887 2668
10166 -828
-23 -575
483 -7636
-391 3680
-9844 -9384
-11408 -6210
6440 2001
6624 1081
-7222 1242
-598 -8234
7084 10695
8556 -11500
8372 10718
9775 4140
-2300 6693
4554 -2070
-10235 -6670
2507 11017
-3335 8280
-1403 1725
-8510 5543
-1564 -1403
-9039 506
-8671 -5888
437 -10028
8648 5796
2553 9752
575 3174
-9591 -6440
-9844 -5635
8395 9338
-4485 -10649
-2208 7314
8740 -6440
8602 -621
8763 -8165
7153 1150
-391 3864
-4278 7659
-2392 9798
3542 9269
-5658 6854
-7061 -9315
5566 5244
1058 6601
6026 9154
6141 10304
10327 7107
1725 -2875
-690 92
-11109 2714
-4853 2645
5750 -8809
-10442 3818
-2461 -9131
10005 -8694
7981 3795
-6463 -4830
-1702 -8763
11408 -7613
-1679 -1978
-10189 1955
-7337 -7981
-10488 3910
-11247 897
-23 1564
575 -207
4531 -5313
-1587 -4163
-437 3266
-5589 8533
6049 8211
6831 -9867
-3795 -8257
6072 8970
-2254 483
-7015 6670
-9407 3450
3864 -6003
10442 -8487
8924 2231
-667 4255
-2461 2599
5198 -5589
-6693 4554
-5313 10787
9614 -3795
-11063 -1794
1334 8096
-2139 9407
11109 10580
8372 -11385
-2116 -552
8763 4830
-7475 1518
7659 -5658
1886 -1150
-9453 3036
4738 10994
-10166 10189
414 276
-2392 -6072
-9959 -5819
-4531 -9522
1495 -5428
690 4278
-9407 9798
-3151 -2070
-5612 10419
6831 -943
-5405 92
8303 1035
-8970 -5359
1932 5750
-6923 5681
-1886 7521
10741 -7659
-1817 -1656
460 -1748
8832 -11086
-9568 -11293
-2760 -6417
-4439 8487
-1403 -4163
-5428 -644
-6946 7544
6486 -2806
8096 -299
-7406 -92
4439 10442
10212 6141
-6210 -2116
5773 -1610
6877 3151
8280 -1311
5267 -3542
3174 -6302
5175 -7797
10120 -3841
-7429 -8878
-5014 2990
-5773 -7958
-8441 -782
552 1518
10350 -3864
-8004 2254
-7268 7429
-943 1771
4830 10925
-6417 -9384
-8717 -7107
0 -5060
-2668 -10649
7153 23
4623 -7084
-8326 5681
1679 -8533
3450 -3151
2783 -11293
2668 1771
8280 4784
-3933 2714
-2691 1035
11201 -8257
-3795 5842
9407 9085
8579 -874
-2047 -1219
-1702 9039
3404 -4991
-6601 6762
5198 -230
-4692 0
9338 -10350
8533 -667
4025 -7682
7567 69
-4600 7705
-9246 -3818
5727 -3427
-2875 -4439
-8786 8648
-3680 9706
10005 -4508
-7797 1127
5773 4531
-9660 1840
7429 6785
3795 -3519
-2553 -4554
-3887 4554
6003 -5543
9407 1357
-3496 2760
-4117 3404
-6210 4439
828 -6785
10603 -1472
-10442 -3381
5842 -6141
-8487 4209
-5313 2139
2990 -23
4646 3289
-9959 368
-4715 0
1610 368
3749 7153
-6923 10074
7843 -5060
-1518 -2645
4370 2553
9384 9660
-4876 -4738
6808 8993
1495 -253
10120 2254
5313 -1748
6164 -276
7981 2254
11178 -10051
782 -10419
-7038 -5819
1817 3680
-8901 -1541
782 5083
-9269 -1656
-1633 6302
-5037 1679
1311 7935
-92 8280
5336 -10856
-7521 -11086
-10833 -1380
-5014 -5152
-9200 2484
8694 3519
4784 10373
-6946 -9108
1035 -805
437 -4600
-2852 -11408
-4830 -828
-7084 2277
-2714 -7705
9315 -6900
6739 920
-10856 4416
2668 -7820
-2070 2070
-10534 -10120
4738 -9637
10028 -2760
1679 3749
5980 3450
8625 -4186
4025 -3473
-5796 6647
-2875 -8188
11339 -7613
4370 -9522
6946 5566
4669 7153
-6210 -4508
-1909 -5819
-9315 6509
10672 4347
-1817 920
2737 4968
10166 -7038
-10028 6946
-7314 3312
-5497 -5129
-5313 -9729
-6095 -8372
8372 -4968
-7061 8947
8280 6670
-3404 8717
6923 5704
8671 -2990
-3473 -2001
299 7061
-10580 -1104
1725 -4117
-759 5313
5313 3473
9430 10649
4738 3404
-7590 10557
-3197 -6716
3174 8993
4140 3933
9752 -6532
6394 7475
4002 -5612
3059 2254
10465 -4002
-10511 -23
-3243 -10741
2576 1380
-10534 -3910
7521 9959
-2645 -6647
-851 1334
7199 -4554
-92 4554
10603 -1909
5865 -8901
4140 -5704
-11408 -5290
-2530 1771
10373 2668
-9752 2944
161 -9108
-6578 9223
-8717 -6187
391 -4163
-1702 -2415
2967 -7774
-4071 7659
2737 -7636
-11178 -7222
-10120 5957
-6670 -11385
-9177 -3450
-1265 92
-9706 -10166
8234 5704
8579 7452
-2530 5290
2553 -7636
4186 2024
828 -10235
3519 -5037
-7797 3450
6049 10488
-414 -1219
-8763 6233
-11454 9476
-2530 5244
2185 -9315
-8303 -2346
8671 4807
-805 1380
6325 -9430
-1702 1955
9959 69
-3956 -1541
-5129 -4439
-7843 10672
6003 1104
10235 -3105
-2346 -7153
-690 5175
5405 -1288
5405 -1288
5405 -1288
5405 -1288
5405 -1288
5405 -1288
5405 -1288
5405 -1288
5405 -1288
5405 -1288
3588 -552
3588 -552
3588 -552
3588 -552
3588 -552
3588 -552
3588 -552
3588 -552
3588 -552
3588 -552
-2645 -3312
-2645 -3312
-2645 -3312
-2645 -3312
-2645 -3312
-2645 -3312
-2645 -3312
-2645 -3312
-2645 -3312
-2645 -3312
11500 4508
18515 6233
25530 7958
32545 9683
39560 11408
46575 13133
53590 14858
60605 16583
67620 18308
74635 20033
-7452 3312
-3450 12949
552 22586
4554 32223
8556 41860
12558 51497
16560 61134
20562 70771
24564 80408
28566 90045
4508 10005
13087 17871
21666 25737
30245 33603
38824 41469
47403 49335
55982 57201
64561 65067
73140 72933
81719 80799
