300
-46 84
-36 11
13 -72
39 -18
-45 4
25 -88
33 91
-65 91
-15 0
13 15
10 -24
79 16
38 49
-4 -46
86 78
-89 -79
-25 30
-66 -70
8 -36
57 39
2 97
-76 -49
50 -46
-76 58
-78 63
-16 -35
-50 46
-19 32
-100 13
-80 15
52 -32
67 44
20 31
-67 -1
96 -3
51 41
-10 94
-91 26
75 -89
-96 36
15 -14
45 92
46 -83
41 60
-1 22
16 68
59 53
-43 -64
41 -23
62 -45
17 -9
49 67
-12 -83
82 -39
2 31
84 -30
18 97
74 42
3 -98
-39 -75
-27 -2
30 -52
24 -35
83 -90
-87 -88
71 73
94 -69
-77 97
79 -48
22 47
22 -25
-20 -40
-99 -7
58 -20
85 29
-9 -80
7 -23
-49 -48
-14 -89
42 -84
54 -56
-96 -61
-64 -37
-97 -34
-49 72
-6 -51
-17 93
-14 99
-5 -94
-7 56
53 26
38 77
-37 -45
-62 -100
96 -57
-50 54
31 -71
86 31
-83 -71
-62 53
-81 -20
-21 69
-57 -85
49 0
95 -72
17 -96
77 -83
-67 100
-55 -17
60 -90
-82 -86
-41 88
58 36
-3 43
-74 61
27 -56
-79 85
56 -73
16 -7
11 87
-3 14
59 -17
36 -4
-67 -95
55 -51
91 -25
-36 -39
-72 -58
-87 19
-86 39
-97 57
-42 89
89 53
0 -26
-28 68
-47 92
77 -88
68 39
-78 -2
-83 6
33 84
75 63
-25 -19
-60 -99
53 15
-89 96
38 -84
-68 52
-21 -63
-93 -62
-13 76
-99 70
-20 -82
-66 3
-10 -91
94 60
4 12
65 -38
-22 -19
-37 -70
14 59
89 93
-65 77
-13 25
63 73
-82 -9
71 30
-94 -75
-94 94
83 -5
84 95
-44 76
72 72
34 48
-24 11
68 29
78 95
-39 -16
79 64
-91 99
-53 -41
-64 -26
-60 -60
89 -89
34 -24
67 -30
44 -74
80 -96
-86 -46
62 -94
26 -1
60 -52
-68 16
95 48
-79 14
-71 -19
87 92
37 6
9 -53
39 100
7 -79
46 83
40 82
65 -9
-80 -78
-20 64
94 -92
-96 38
87 -36
-81 45
85 -76
-97 -50
40 89
41 94
-57 59
-58 80
11 5
90 35
-28 -92
-85 -70
43 24
63 78
50 -81
14 21
61 8
22 56
62 98
44 -62
64 80
80 -58
-93 19
-86 100
54 -93
-54 89
21 25
69 -76
-36 82
-15 -80
81 69
91 61
-54 -78
96 7
93 9
-98 -35
-90 -25
-19 86
-73 -94
98 -54
-95 83
-84 33
-98 -50
-40 -60
-52 -81
34 52
82 3
-85 9
-22 -87
40 43
-5 99
-29 19
-50 -91
81 -50
77 84
-100 61
-98 -31
25 -91
0 -54
98 -27
21 18
76 -99
-18 12
88 5
73 1
-47 74
93 -28
-23 -10
-45 93
-77 86
-17 41
-95 70
91 -49
92 -32
-51 -61
-100 -16
-63 -82
92 33
35 55
82 -81
45 98
-84 -98
1 -80
-26 -93
99 46
-6 76
-69 72
100 65
98 -92
66 82
-66 -77
52 58
-64 -97
