800
99 46
536 473
394 274
-18 84
503 220
460 620
-591 -416
-572 142
296 -555
572 180
-450 269
180 640
-674 -218
376 -562
672 -10
604 30
-608 -148
-121 -612
37 303
451 -300
482 571
-14 -502
-35 587
39 636
-422 -591
-406 360
-260 -403
192 -568
240 -92
-353 -297
-279 155
409 135
493 -366
-662 -538
-560 -405
610 594
-223 504
338 -303
-313 102
405 -609
502 318
190 440
-299 -226
-159 162
-239 110
643 -378
-130 3
-119 437
300 441
326 -639
-568 581
-584 498
-409 -569
-558 547
-614 22
167 -22
-117 -247
-577 -405
-618 -301
366 -123
678 235
334 -682
217 -117
-198 -646
-518 -593
674 -696
345 -281
-189 -674
-124 231
-80 65
611 208
212 469
470 60
120 -601
-689 -259
-91 670
121 -493
-310 -467
-275 -266
242 73
-69 591
-255 584
530 249
-53 -270
-215 -192
78 -537
-67 -443
153 91
-557 -381
-313 458
689 -173
406 -694
142 -669
158 696
90 -98
116 477
-82 278
-456 -610
-3 357
444 494
52 -298
5 80
642 305
481 -380
618 -382
-500 211
-188 250
301 204
-345 24
481 133
509 -528
282 -428
134 -315
-518 -30
527 33
253 -65
408 189
367 -482
-28 383
222 695
-598 682
-641 -426
-493 204
-449 373
-488 -102
-151 -361
296 -398
-354 255
364 379
407 -561
494 -216
-669 488
467 376
-58 275
45 -378
-169 20
677 -157
-207 433
577 516
-269 -141
-657 -521
-342 -252
20 -165
-63 -2
-75 -553
-497 -7
489 -327
-186 -217
563 -170
-352 159
-415 558
-213 607
-388 -477
-361 -484
-217 193
454 -500
-265 -510
-588 193
-270 463
-694 57
-341 -307
-692 -320
368 -541
619 573
-311 -695
-604 372
-581 427
698 393
-459 -380
436 -364
182 384
609 427
-153 -165
342 542
-390 -262
-420 588
-661 -51
-657 -676
663 -446
-276 564
204 570
-45 221
675 -559
562 271
-396 200
626 18
401 53
80 -88
529 484
-218 330
-513 -618
-422 303
-149 107
207 682
-420 223
124 322
-267 -500
245 460
698 348
26 668
156 75
-586 11
226 -600
-520 -490
214 -199
-600 390
636 684
211 582
-21 -393
402 -14
-40 112
162 -485
323 -676
321 474
-689 546
-527 379
-162 553
-248 237
365 494
297 -492
-233 -59
-482 621
169 -424
-638 -591
678 -552
-264 436
-120 135
627 -111
-244 59
-382 -499
528 -95
-312 309
-414 622
-639 -141
277 -409
-657 334
336 -519
10 584
-338 -215
545 619
-589 381
489 446
-536 625
-532 525
-270 -315
258 -361
57 -202
-526 161
241 -132
574 -179
456 -168
-150 -332
-45 -163
-91 404
606 -285
444 -284
-638 -173
669 -340
578 -491
-288 14
314 218
-478 -532
-637 392
564 659
671 -395
-36 66
300 -535
6 473
658 -349
-688 684
635 2
376 -187
-262 -408
-294 -55
-359 -644
49 -145
215 511
-539 72
466 501
-452 -484
-199 -114
-53 79
616 -587
523 436
192 627
-105 662
-609 -517
-295 265
499 232
-562 -604
301 -362
613 -312
329 493
-288 321
-189 -229
-31 336
378 119
-195 381
-71 490
211 -63
260 685
443 25
-174 -514
-431 42
-342 236
-13 -483
-241 537
297 -392
-46 643
-528 556
-84 -474
356 -19
80 -514
269 9
-644 -440
-366 -60
695 385
-142 -698
-217 229
-445 -549
-155 476
42 385
224 -56
-424 -616
479 51
-148 39
-612 611
-141 -618
315 -135
399 -218
488 194
-57 437
-341 -436
-496 472
-683 232
-597 -159
-145 538
-34 644
-612 286
153 21
468 -177
372 -371
-582 -654
-597 -239
-92 -655
-72 -462
-309 -55
676 -582
252 -179
-88 5
543 665
-685 -6
392 321
673 -326
-296 -602
-497 73
526 -477
558 317
-136 478
473 -365
-394 416
379 -254
-88 -529
-328 -282
-20 105
-208 -553
-278 435
-95 -307
-121 606
136 -533
-697 665
-478 469
-221 -455
-273 -466
53 -102
144 408
-547 440
392 -391
-406 -579
217 -533
-218 -327
569 -140
-59 -80
-50 -632
403 -617
434 34
464 -411
67 -288
337 -453
-690 -637
256 -420
166 -101
-250 -117
-20 576
-458 -202
-485 613
-552 560
-77 32
660 -129
21 141
-111 548
609 -636
-635 -374
-511 -402
121 377
474 447
-491 631
567 428
505 -158
293 696
446 -337
-229 583
-361 30
-107 67
-26 -559
537 66
70 -336
112 450
-495 492
292 -30
-676 -184
66 578
676 235
-308 -530
-338 -264
368 197
56 299
370 581
-208 671
581 266
173 -128
608 -285
-26 -366
481 -599
247 559
670 215
168 182
690 -511
-332 -659
485 17
-667 -490
313 409
227 -181
343 -143
361 -162
682 -502
-278 281
687 579
-46 222
424 -96
-2 -389
-325 66
-209 -622
-649 645
-185 -524
-561 -351
254 52
-596 411
504 -323
-688 74
553 683
-476 570
-608 -10
29 422
11 -209
319 176
445 100
-221 -454
-144 -651
112 592
380 -580
395 332
-229 679
-487 -206
351 123
-595 -244
33 -605
-588 -607
-669 -40
601 263
-364 -253
10 308
41 -533
-489 -631
-567 -53
332 677
476 156
675 598
-433 -286
439 -5
646 588
-542 350
652 -436
62 521
-530 304
682 -263
567 -31
578 -228
-583 694
425 212
312 -115
-445 694
-577 416
660 -42
141 430
-403 619
-596 680
-456 218
491 173
-144 -428
-502 529
366 -679
-123 -655
274 336
506 -570
-13 -105
-676 581
-595 -684
560 15
199 442
-674 -279
84 122
22 -416
592 -647
494 -32
496 -171
23 613
-533 502
-241 609
-645 176
-296 245
-177 -402
-534 460
283 -388
283 569
657 -381
-386 -574
-272 -693
364 -159
-491 -67
394 -108
459 -511
-556 -296
571 549
-177 -412
595 531
399 186
-400 -11
66 642
-442 -507
193 525
-43 -285
-579 421
-576 442
132 -356
517 528
466 -296
-378 333
35 -678
-157 -37
72 165
-176 -291
-446 603
147 -685
-401 143
262 384
-527 229
238 495
-289 657
-516 -611
327 -546
574 -242
558 14
-666 104
681 664
-691 -97
-184 54
468 -454
616 -642
-30 233
-220 -197
-147 -264
276 72
612 -188
-174 -597
-548 -97
-607 212
-693 -575
644 78
-437 503
-570 611
-151 -43
654 -122
351 -149
-271 -596
391 -140
631 606
656 151
259 -23
-105 -328
-523 -181
-335 513
-600 -682
9 -496
663 43
-100 164
666 -645
210 653
-112 -657
-329 -373
428 617
-343 247
441 134
110 0
-478 -603
201 -109
-628 6
-330 201
243 -485
460 -667
-652 656
158 -250
-254 633
603 -542
338 -573
-590 683
-171 -15
683 157
587 -130
508 -105
563 -607
-95 109
324 -152
-38 -445
-507 -589
-4 464
672 -162
224 -305
436 599
0 657
511 692
-243 -217
273 -432
-414 286
258 -532
356 632
72 -136
-246 -158
-681 -80
106 -23
-618 -308
475 -389
145 -280
-431 -562
598 -60
-428 -176
-147 617
667 288
-627 99
-314 57
395 -393
505 74
103 598
-96 -697
308 24
637 530
335 448
-100 398
-663 10
-137 22
482 -425
-615 -137
-97 -420
609 650
-662 541
-664 -363
-102 548
-425 564
358 -662
249 -576
4 -475
170 377
-533 -594
12 666
-141 583
-346 -152
337 636
-273 -457
-395 -305
240 -333
139 594
135 -692
222 -392
357 198
-574 300
625 -540
-426 372
-58 -695
142 -542
256 -74
-3 113
-508 67
630 594
41 -670
-159 695
598 590
20 -176
-169 -565
405 -648
-640 -81
637 485
-194 252
-433 332
-375 -583
562 639
30 698
-309 296
514 -239
-462 352
543 12
172 -136
-133 -520
-561 605
-355 511
671 -443
687 -199
-308 592
500 603
612 67
-103 -63
-330 115
-289 430
-629 -594
-193 -334
-687 -133
0 439
-513 -548
340 241
363 648
-125 625
-471 660
-205 590
-606 160
337 -594
-68 401
649 -46
-610 390
-355 524
-315 -370
-586 76
-288 -17
181 170
673 622
495 209
-606 -536
-488 428
218 -178
646 -615
381 -19
297 -630
-383 673
383 -409
-313 -555
249 -557
603 -603
-695 319
16 700
430 -660
611 -400
585 -599
385 -57
-17 -86
-693 -284
201 621
654 -440
437 653
-562 510
617 -669
384 203
656 580
647 213
-95 -523
668 299
191 516
-428 -220
-351 -276
216 -335
-661 436
141 -107
641 476
131 107
585 445
-632 -136
232 239
-566 -163
144 513
690 535
-569 -269
509 144
-96 187
-312 292
