300
-1 -66
8 -71
0 -68
-30 -32
64 -69
-41 72
39 64
-61 17
-6 15
92 28
3 -52
-32 1
53 -90
41 37
-55 -55
32 -35
54 -83
-21 0
8 50
-24 52
-31 -86
-70 49
10 -75
-55 33
43 96
9 18
-89 -1
20 -24
49 52
34 51
95 -8
0 -65
-80 74
38 -33
-45 43
24 -77
-64 -58
84 28
-25 -73
89 -80
-38 73
-15 11
67 46
-8 97
-92 42
-10 17
29 62
55 -95
11 36
27 27
-37 -42
-8 -11
-4 -51
85 -97
-28 62
57 -10
-76 3
-54 -71
32 -26
-98 25
-52 -74
-61 -43
29 -24
69 -9
-84 -73
-25 -88
71 -17
34 92
44 34
5 -10
62 -32
91 -6
58 0
-26 37
-46 30
71 -96
-48 99
96 83
-21 79
14 -50
100 -96
-2 21
-69 14
38 -47
77 -63
17 -86
21 -57
49 92
50 11
57 83
16 -94
72 68
-97 5
70 -68
81 -30
85 29
-93 -95
84 -4
-83 14
-73 33
-82 63
45 -21
-98 -98
87 27
30 -57
71 44
20 -85
-55 -59
92 18
67 -29
-78 -5
70 -34
-64 -41
-16 77
98 -61
-29 93
81 -82
-60 10
79 -74
-33 32
2 -93
-72 49
1 -100
-84 -64
-48 -61
78 3
-54 57
-61 91
12 -80
-87 -75
-81 4
52 -62
3 59
69 88
-57 -28
88 72
33 -11
13 -87
-39 22
46 -56
11 76
57 -55
-80 17
58 30
100 -87
44 98
-15 35
-75 -67
78 66
41 14
9 -44
12 65
91 54
98 -66
99 -100
-100 63
54 86
24 36
73 53
-73 -17
90 41
-11 55
-81 -36
50 -12
99 4
61 -77
95 -85
-42 -96
-17 43
94 -92
45 -47
-74 74
3 -84
-78 -20
-36 -78
44 -65
-7 39
-96 -89
28 60
-97 68
-76 -81
-93 51
-100 -86
98 -12
86 32
-18 81
-99 -36
-35 -21
-99 0
-41 -26
53 29
14 -44
40 89
84 45
17 7
-69 61
-30 -76
-35 56
-66 6
20 -8
81 2
96 93
-19 -91
77 -91
0 -89
-77 69
-96 -27
76 -49
-60 78
-66 -88
-99 -39
-17 -34
-49 13
22 -82
-89 -32
-83 70
86 -42
-35 -92
-78 94
-38 78
-88 88
26 55
65 -98
-74 -47
61 -75
88 37
-91 82
95 24
25 89
68 -79
-74 94
-4 87
-6 60
-25 44
83 -82
4 91
-91 95
80 97
39 47
89 -58
-64 -78
-77 2
-68 21
83 -53
21 96
-82 -94
94 -26
-11 90
47 85
-92 35
97 -9
90 75
66 70
-33 98
-56 -49
41 50
-23 90
93 -20
-40 -87
-86 -81
40 24
-88 -51
96 -1
-1 26
-51 79
-9 -97
74 77
-10 -13
-95 -12
56 60
-85 86
-49 -30
-59 -76
45 61
-32 57
-18 -100
86 75
62 98
-1 58
64 -54
65 -84
-79 22
90 -71
-95 15
-87 34
97 -21
-59 95
-57 13
97 13
-86 -48
-91 43
15 76
-85 -19
46 -59
74 90
87 -6
93 -30
6 -99
37 -83
42 100
-43 -13
