100
-16 92
-91 -99
-79 -79
12 -5
66 -57
66 -35
19 4
33 -20
-34 -28
84 -15
-26 -84
32 30
12 68
-12 18
16 69
40 87
27 -20
57 -82
80 -69
18 -45
-28 49
3 4
59 -68
-56 15
4 -37
59 -9
2 -25
2 66
61 -4
87 24
62 -84
-23 -64
-18 77
54 -1
-85 -9
-51 -8
18 65
-41 69
28 43
-89 53
-94 -52
15 63
-2 -86
47 31
49 68
15 -42
96 -62
38 63
86 -76
-30 -35
99 28
21 -63
-37 -61
7 -43
-42 46
-40 -90
0 48
65 48
-90 61
-10 -5
-52 -88
-35 -41
-78 77
-4 -78
-66 79
-84 -2
47 91
0 14
22 87
-43 -66
95 -5
-44 -65
-76 -36
-42 20
-81 -15
61 47
-88 -100
13 26
-67 9
-9 50
55 64
-70 -67
4 -52
-39 -67
-87 -3
-63 51
54 92
-68 38
99 61
-29 13
-56 12
-42 48
73 -25
76 -78
89 39
100 32
74 40
-36 -11
61 -91
-52 -71
49 17
