1000
-70 -24
10659 3809
-5434 -11258
-3572 3562
18943 3601
-6004 -1222
5681 -6214
11419 12415
13680 1989
-7315 9334
-17841 -2236
-15048 -663
13053 -9737
3040 6448
-12274 2132
-2603 5122
57 12194
-6954 -5759
6251 6539
-4199 2379
6422 5551
-10507 -1248
-133 -3146
-12844 -12155
13965 -3185
5301 -12350
14307 8450
-18696 -12337
15580 9607
12958 7033
-18069 4628
-855 -676
57 8047
-14079 2626
-10754 1963
-3268 416
-10279 -12519
2147 7475
3686 -10075
-13243 10647
17043 -156
7923 -12909
4237 -5681
-12692 8606
12179 -6838
-3800 5447
11666 10764
2698 -5798
-4579 3601
-17537 -12584
-17480 -4043
-4427 -728
-18012 11245
17613 7189
-5776 -12298
-8987 -5499
-7353 6214
-3610 -4498
15124 8125
13395 10465
10450 -10764
4142 3978
16663 -403
-18772 8515
-17062 -10179
-7866 -5200
-12863 -7007
15124 12571
10127 -4121
-4218 -6955
17024 8125
-12692 -3302
-4427 7345
-7885 -12831
9443 -7761
-5358 -10660
3800 3809
-18487 1066
-4484 -7423
3420 5070
-10089 6188
-3515 2054
-7448 6370
1824 -7527
14174 -1053
7543 -10478
16796 -8112
-1748 -4303
-5719 -3263
16340 4602
-703 -11895
3230 -10205
10792 -2834
-13300 2457
-551 6149
12293 6643
-17138 -5642
-14060 3445
2736 442
-4123 7176
9538 9932
-9196 5811
8588 10569
-15770 -9555
-5852 -6565
12350 6292
-1349 -10517
15352 3354
12939 1274
2033 11843
1463 8541
-10887 8255
16682 10270
-5928 11817
-6251 -2548
-13395 -5681
1767 -7124
-6536 11102
2945 -793
-7201 11193
209 4550
-5453 7176
10051 -5382
5206 11609
15751 8424
-4294 7111
-7733 -11505
-5510 -4043
-9196 -11505
-5605 1430
11381 4797
-285 -8190
-1444 5980
4047 2015
5434 7228
-8531 -6825
13319 1053
-14136 11804
4104 8489
1387 -1768
11666 -1287
8512 7670
17784 9295
17898 -10738
14250 11765
-11723 -2808
6745 -793
-3154 -10283
-6973 5486
-8360 182
3458 10296
18259 5681
-18715 -3978
11989 -12259
13148 -7124
-17309 -2301
10165 5616
6194 4992
4161 -6942
18411 10894
7315 -1807
-15618 -6708
5890 -1664
4541 -1235
4921 -9386
5795 -5200
-13566 2847
-18943 10829
2812 -611
15409 10894
7619 9178
1577 -5954
12844 -9386
-11875 2210
-2356 -11752
-10583 9685
-7904 6630
-9937 5213
5111 10621
0 -5512
6707 11206
10051 -5746
14231 11232
10013 12389
-7220 1534
-14915 -4056
-7030 -611
-608 -4836
18145 -12922
11058 -5057
-13851 7566
-9937 10153
3439 -10101
-6004 -3445
-12065 2613
-2983 -4836
-12844 -7176
-13509 10439
-2983 -8398
-9006 9984
-13319 12584
14991 -7046
-11932 5772
-4959 5551
12616 5629
-6156 9126
5187 11856
18924 6526
-1520 5070
-1482 7995
8246 -11544
-4009 -5785
-16986 -2366
-6650 1833
5282 5655
12445 -3276
1748 -9516
-6194 -6539
14725 5057
-8056 7696
13661 -8385
-3762 -6526
9880 -3003
6080 -416
-608 -10998
-9842 9581
-3002 -4225
-17651 -10062
13376 4004
-18069 -4199
-4674 -12922
3743 12454
-874 -8333
-6992 -12480
17993 7787
-6460 -7501
1824 3068
-11324 5863
-1330 -8814
13946 -7995
-14193 9152
-10526 -2327
11115 3588
-17233 2249
11723 -12506
-9177 -52
-12616 -3133
16454 -12532
13300 3302
4959 2639
-14193 3367
4636 -11492
1691 5096
-16416 -1287
-1159 -11778
5909 2249
-4788 -7995
-14060 -11310
-4826 2470
14383 -2522
-2394 6253
8512 7605
-15656 -11622
9082 -3211
4446 12480
10488 1222
17803 3705
-1121 1443
6612 -351
16416 12974
15751 -6123
-608 11492
4921 377
18962 -8073
-13756 416
2565 3016
-6992 10179
1596 4498
-12179 -11258
5149 -10101
-1824 -6110
-1083 8684
-1349 1664
6384 7306
5225 -5694
6897 -7033
4674 364
-2413 1248
5016 -7202
-5643 -11453
-8360 6097
-6270 -2756
9956 2119
11932 -6279
-3857 -4459
1083 -3432
-16017 -5109
-5301 6812
-11400 -11219
10982 -3887
-11932 -4992
8398 5070
8436 5850
9937 8723
7600 1391
18772 8060
-3135 0
-7068 2015
16834 4953
931 -7670
-9063 -10101
-14478 4160
-18449 11882
13661 -3562
10412 6097
6251 -12233
10279 -650
18316 -8801
17480 -6422
6555 -4927
2223 -5200
-3667 9906
18753 -10478
10317 -12831
-6042 -6669
-5168 5707
13395 5928
14763 -12532
-8664 2730
9538 12207
9823 -5759
11951 442
-798 6032
-15276 -8242
-9386 -2496
-6878 -3133
-5396 2574
7923 -9152
-8436 936
-11685 12896
-3154 -10465
-12179 2080
-1254 -12064
-11476 7683
7049 -663
-13547 -8424
-7182 1625
-9348 3744
8911 12545
9671 -3094
-6631 5993
-5320 11934
-15504 -9529
-3059 9490
1805 5265
10526 8788
2660 -845
11400 -7969
14174 11791
18088 11219
18316 -5980
-16188 -143
13965 -3016
18088 -650
-2147 26
-9063 -520
2603 9737
2470 -2886
-10165 5239
18563 -6513
12388 -5317
5453 9685
8018 -728
-1311 -3367
-11647 8879
-8151 4290
-10792 8112
5890 -6188
-13737 -3341
-13547 9932
5035 11947
-9861 -1560
3971 8619
11761 8619
-1748 -1690
-3876 -8827
13699 -7527
-17898 7722
-15827 9867
16454 5577
12255 8424
-11096 8476
6973 3913
17214 -11141
-9937 -8476
-5301 -1118
-7068 -7579
15713 -5902
-1178 7046
-15770 1937
5909 6760
18601 7111
17195 6201
-16416 494
-11476 3198
399 11596
17385 4628
-4427 -1482
-17442 -2717
-7676 12597
11096 -11856
-13889 -10868
11723 -4355
-15067 -143
-627 -12922
10887 -11336
-18107 -871
-7087 9971
-4332 -5759
16435 2132
437 1625
-437 -10725
10583 -12922
-16720 -8359
-18658 -5499
-17727 2691
17708 11206
-8759 11388
-456 -12194
2318 -6565
9956 -6058
-12654 -2912
16758 9789
988 10140
4731 5083
-6498 10816
15352 9594
-8303 -1378
14364 8268
-14402 -1352
5130 12571
13832 12584
-3154 -8112
13395 8619
10868 -8905
38 -5616
2565 9386
-2622 9880
18487 -8476
-1710 2587
-5776 4602
18107 5668
-12692 -12376
-10374 4342
15219 -5434
-1995 -7501
-1425 9919
16549 858
-10203 11856
-13319 -6916
-11457 2951
1805 -11440
9025 12285
11210 -5889
-5605 3380
16834 -9529
-10070 -2613
8778 -6279
-12844 -1404
-16150 -11154
5605 -5408
5966 7956
8911 -12285
-361 -10257
-5111 -7748
4047 -12805
2584 11193
18012 -2314
12806 -2093
4009 9022
14877 -5252
-9785 -6617
-4997 -5551
-5947 8814
10431 -1027
11153 1508
-7106 -9945
-10963 -2405
11172 -9100
-2755 8320
-9481 6344
18088 5382
-5890 2470
-12179 -1274
-9386 9243
-15466 7371
-18544 7501
18031 2457
-15143 8307
-8113 -5408
10868 -12207
18886 12064
4180 -3575
3287 3484
-5662 8801
14250 -5655
15770 3276
2850 10387
16872 1690
-12863 5915
-13262 -4693
-4047 -6695
-18278 -130
7201 -117
0 3718
18924 4654
-9671 1781
16834 -4888
-5339 -10634
-6479 8177
-3933 7709
3401 -2535
2508 208
10982 -1378
-13927 -9282
-3458 -4927
15029 -10660
6327 -546
-2413 10335
15675 6812
-17043 -5785
-665 -8255
-7334 -10556
17518 -7618
14003 -4836
13148 3757
-3439 -4784
-5624 -1430
-16226 884
-1786 -3432
2622 -10530
-4560 6916
17005 3549
8740 1547
-12692 -9633
17005 5720
1748 -6682
16986 2808
14440 12038
-11438 3510
-8759 8320
-17746 2275
-1748 -338
-16473 -6058
-8341 9750
3002 11336
-16492 11882
11685 -4576
-1843 12402
-836 -3263
2413 9932
4693 -7423
10716 -3978
6384 -7904
4389 5980
-3078 11479
-11077 -6370
18734 -3978
5263 2275
2413 6539
-12407 12103
-931 3575
-9880 -4758
-8246 4498
-8075 -5447
-7087 2509
9120 -5512
8227 -5499
18335 -8983
-15314 -1235
-7733 -4966
5928 -4329
-8493 11765
17689 9919
5548 3419
14915 455
-8930 -11791
2204 2392
-14497 9464
14820 -4277
18050 -5616
-18050 3796
1330 4251
7106 -7124
11096 3536
-18221 -4407
-2945 12155
-15504 -7137
-3458 5577
11989 -10218
3116 -6799
-16568 3133
17423 2847
-14231 12883
-4731 4979
14801 5616
6403 -858
-16131 -8814
2603 -12597
16891 -962
-4636 5109
7714 -8125
9538 -12090
17328 10010
-15542 8034
11191 -2483
1444 -12142
-4731 3432
3344 -91
-14554 -6669
-10146 -7527
-798 -9555
-12540 -5967
3857 -3575
-1330 3497
11989 1092
14307 -8554
-16264 -3861
57 -6539
15884 9100
-5092 8541
7866 -9542
-14022 3965
7106 -3640
-13205 9321
-10583 -12857
-13110 1625
2223 1339
17955 10322
17746 10920
-4161 -10192
5871 12636
-14744 -3276
18316 -8424
5928 9477
-4617 -7566
3819 -8086
18430 -1729
-17328 2522
4997 6890
-6517 -39
0 1651
-5187 -9594
-12673 -4602
-228 12844
-7372 -10764
-16359 -7059
15219 -286
-2299 6045
4389 4303
18696 -6214
-10146 -4992
-11020 6994
-14383 12896
2926 -6760
-7087 -3224
18810 -11024
10203 5564
-10963 -858
-8645 3315
-11894 -11895
-6042 10920
-14687 -8684
18354 11687
-3591 1417
-9044 -6214
-16834 1196
-14877 6552
17366 -12558
247 -1612
-15257 -6110
18734 -7358
-7505 -8268
-1691 -9867
-14839 8736
-9500 3224
5244 -6396
13490 8320
3420 -8697
5833 -1924
-11058 -2132
-1691 4277
-11875 260
-15314 11921
-10279 11323
-18525 12038
18886 6331
-11438 -7982
5130 -10621
16967 -8099
-3363 -12207
-18886 6032
9025 4199
3021 -5317
-9253 -12168
1140 -3627
-3249 3042
7942 -5655
10222 -2314
18943 -130
12198 -5044
2698 6188
6232 2977
-741 -9581
12236 3393
17499 9464
-18050 3562
6213 1196
-5586 -11180
-8265 -6422
6517 -11882
10887 12935
-15656 -3731
16226 11388
494 7774
4351 -7917
-11780 -1599
-6346 8346
-10811 -8788
1197 10413
-13243 -5460
18791 9516
-7353 6279
38 9555
-9424 9204
-9652 -3757
18848 -8242
2413 5538
703 -3926
6992 -12181
-15238 -5356
15941 10283
10355 -1976
-6878 6552
5168 -7618
10222 9490
-18715 6812
10431 -9984
-1748 -1625
4864 2015
11134 2678
2736 -4485
-17632 -11141
-12331 9945
-14953 4602
13832 11167
-7695 -4199
13300 10933
13509 -12038
-16853 -10036
-16815 481
-15371 10556
13129 -2327
-5833 -4329
-17841 7046
18069 10426
15143 -9074
-3895 11739
2451 -11999
4066 11375
1881 10985
-12160 3926
6650 4043
-9861 -4043
7733 9529
-18715 12298
-3192 8242
-10108 7748
-15998 1287
9538 5941
-4940 -949
-15352 11791
-7980 -2665
16815 10673
-1767 -10556
-2128 -4004
38 -4147
-8569 1651
2413 -3211
-9196 9191
1539 -2990
-8987 -26
4826 10764
4940 -1521
2812 10153
-6992 -11726
-8740 -9672
18107 7241
11134 338
13832 -2431
-15105 -6370
12103 -1859
6878 -11869
4503 5460
-2622 4680
5719 -7501
17423 3744
-14155 -11843
9215 6344
3401 1716
15048 5317
-4826 4940
-18734 9633
-9747 2509
-15086 8515
-15523 -6513
-18962 -12194
-4408 6656
14934 962
2489 12948
-5700 1313
-3914 -2717
3838 8671
13775 -4966
10868 -4862
-18943 -5928
-15219 1560
-8360 3640
-14288 8697
-1900 -11648
-11381 -12519
-12388 -1274
-2774 -1560
7562 -975
-16644 2496
3971 1807
12141 11999
10412 6864
-12388 10621
-18259 -9906
18278 -1872
-4047 -169
-13889 9412
-5206 -5525
6004 1729
13053 11765
8512 11297
8968 -5629
18145 -1664
-15048 1521
589 1170
12597 10101
10488 9581
13604 10049
9424 10582
15181 4368
-12958 8671
17309 -1170
9462 6630
18848 -8164
-16378 9620
-14706 -10023
4902 -3770
2622 4849
17442 -4511
4389 7332
-1159 9542
-9671 12077
-2204 -6058
-4047 -910
-15637 8879
-12008 -4472
-3363 12597
4123 -12064
15504 -6630
-15789 4303
15827 -10777
9272 585
-16169 -11648
-15048 11544
2337 -12532
-4104 -988
-969 -4797
-1786 -8190
-817 -4628
14193 -1690
13338 12805
10260 6396
-14079 -10582
-17081 2977
8455 8307
494 1924
-4883 -7605
3344 -12584
-18772 10491
-14516 -6266
18221 -1430
2641 -7332
-9481 -9061
17499 728
14820 -4823
-15523 1872
-8094 -12350
-14459 7150
-5491 -6422
-17613 6539
6859 -1079
4503 -6786
8113 -5915
1444 3159
11134 11635
17727 -2288
-7562 -1677
-15561 -8372
-2204 2938
2166 -9282
14668 -1521
-14668 3731
-5472 2366
13034 9035
1197 3107
15257 7319
-6232 3796
247 -4875
-9975 -2652
5947 -11804
5814 -7904
-8056 -2106
8949 -12246
14326 -2262
6612 6539
14402 7436
-11894 9503
16967 -819
-8892 -7215
10507 12480
16663 4472
14516 9035
-15048 -338
7372 4043
1995 9139
2603 -12597
2603 -12597
2603 -12597
2603 -12597
2603 -12597
2603 -12597
2603 -12597
2603 -12597
2603 -12597
2603 -12597
18145 -12922
18145 -12922
18145 -12922
18145 -12922
18145 -12922
18145 -12922
18145 -12922
18145 -12922
18145 -12922
18145 -12922
7315 -1807
7315 -1807
7315 -1807
7315 -1807
7315 -1807
7315 -1807
7315 -1807
7315 -1807
7315 -1807
7315 -1807
7714 -1209
17328 9230
26942 19669
36556 30108
46170 40547
55784 50986
65398 61425
75012 71864
84626 82303
94240 92742
6042 6435
10545 15860
15048 25285
19551 34710
24054 44135
28557 53560
33060 62985
37563 72410
42066 81835
46569 91260
-2489 -11921
4275 -11674
11039 -11427
17803 -11180
24567 -10933
31331 -10686
38095 -10439
44859 -10192
51623 -9945
58387 -9698
