1000
-69 87
-10336 8740
-3927 -8602
-6358 -8740
9724 -7360
-1139 -3588
2244 -11523
-11832 14122
-10795 -12972
-9571 15226
4505 12374
7089 15203
-9316 -3450
11798 -9177
-1343 -13340
7956 13800
-3077 -11316
-3672 1518
867 11477
2669 14352
-7344 -10626
7004 10925
3162 11684
7344 6141
10183 -5888
-9044 9016
-7327 15801
-4216 -11408
-2873 -12351
-7599 8188
7616 9499
1275 -3381
2210 1748
-2601 7061
6494 2622
-7259 851
4726 -2622
9690 -15847
-11101 -6854
-10285 -9407
3689 11730
-11764 -1311
9231 -2438
-10540 8763
5474 -874
10268 12742
5508 -14329
-2295 -8349
-136 -11776
-2448 -11477
-5338 -437
-1615 -8809
-7429 9016
-8466 6739
1751 -4485
4556 966
-2278 10994
-8585 -3657
-4556 10028
-8024 -8326
1224 5773
-7837 -4232
-9452 483
-8602 14605
1003 9315
4063 11086
-2975 -12604
0 -11707
6494 5635
-9826 -9292
-4930 -6509
-11781 -13110
-493 -11707
8313 13892
7531 -5474
-2465 14329
-8500 -3427
8432 -7452
-11203 12926
5406 -8648
1224 -6118
6715 -13639
5423 15847
-10965 1794
11016 -9890
9299 7176
-5440 -4255
9979 -14053
-425 -10488
10234 15387
-561 -7222
1564 -15755
-5117 6946
-9452 11086
-10251 -16031
11883 4508
5967 4485
4267 4600
6358 2668
8313 2898
8109 1725
4947 13478
-8177 -15134
-5423 4830
-11577 8648
-5202 -13869
9792 -10902
9656 13662
-1037 552
1258 14030
-2601 -6394
-5049 11086
3213 -15640
7939 -7843
-5678 1932
-6477 -4646
9622 -5865
-1428 4830
-5304 -7659
-9282 2599
11509 14260
10897 5106
-10676 -5290
-4080 -11684
-7191 -1127
-10472 -7452
9673 4094
-2618 12075
10489 1334
-561 -12995
-5491 14375
10336 -12190
-6851 -7498
-4539 9223
4318 6578
-459 11569
6936 -4623
-867 -10005
527 15088
-9078 11408
2295 12581
-1020 1656
3876 6670
391 12328
4556 -13294
10438 -12259
11815 -9085
11203 12052
4709 2691
8602 12190
8211 -8533
-187 11937
-6222 -11776
-3621 -851
-6001 -12949
-6613 -8579
4284 -4945
-8653 -2990
2924 -14513
11101 -828
-4828 12673
-5457 -1978
9877 -13386
5525 6854
-8755 8878
4029 14122
5219 5382
-1445 -8855
-3468 92
7616 7452
5066 11224
-4828 -4853
-3349 -1426
-8772 -3036
17 -15732
629 -2070
2822 -7176
-11747 10672
-8041 8717
5406 -184
-1615 1219
2414 -14559
238 -2001
-6715 -6532
323 6670
9095 5267
-4913 11040
9520 -7912
-6358 -11592
-7650 3473
-8143 4071
2346 -5037
-595 3220
-10863 -3634
-11441 3703
-4250 -1311
-3808 5704
6783 11914
-8874 8211
2176 -10120
6732 -12604
8466 -10833
3434 12144
6137 -10580
11492 -11224
-4539 12006
-2074 10695
-6392 -9269
-7684 -7245
-11815 12949
2703 6371
5270 6210
-8330 -10419
-4233 -9844
-221 7452
-901 -7705
-3740 -5083
5015 9706
-7769 4508
-5848 -6003
-1819 1679
-8262 -12949
-9061 13179
-10132 8487
-7701 6026
5695 15295
8194 6647
-10353 -3887
833 -12029
-1258 4623
-4165 8303
680 3841
3009 10373
-9894 -10189
5525 -11638
-2567 -2530
9809 3542
-6647 -15824
-833 8119
3536 2162
-4794 10787
646 15824
-9673 -16077
-1870 15663
-10285 -3013
612 -9936
-5457 12121
-9945 8050
-4471 11592
-3179 -4462
-4607 9959
-7463 -8441
10642 9085
-2414 13179
11407 -15939
1683 4324
-6409 1978
5933 14053
-3553 -7521
-9486 4048
850 -11615
6953 -9453
3604 14927
9945 -4048
-5270 -2760
-1462 1840
8228 -1357
-5984 -8671
-4267 6693
-3995 5106
3859 -4761
-1513 15019
-4080 13570
5457 -15686
10829 13363
-5559 -11753
-1972 11684
-5729 -12121
8126 13961
-9945 759
4454 -15318
-10506 1794
-6783 -5658
884 -12167
-11220 -1817
-2635 -4646
-1751 4393
-11611 -6601
3349 713
-8483 5060
9758 2691
10880 -2852
10081 7107
-5780 -14283
11509 -12489
3859 -15341
1513 10465
3859 -5957
6511 -7084
11781 -2599
10659 10373
-680 -4347
5015 2599
7667 15479
-6341 13478
5848 -2507
-10285 15778
-7820 5911
11101 -14122
6817 -5520
5525 13409
8942 -11891
-8976 12949
4641 -3335
-850 -15249
-6375 -1863
5083 -4968
850 -9016
-10353 -3933
10200 -15203
4522 14720
-306 -13179
-4488 5589
7140 8993
3366 9752
8109 -13846
-1598 -11201
9928 2806
-5576 -3266
-170 -4876
4930 13777
-8653 -5359
85 -7199
-5933 -10258
-5338 -1219
-7667 -13478
-9588 14559
-8670 -9062
5355 -5106
136 -5290
2941 -2921
-1190 7061
10659 7222
731 -12558
5304 -10281
3230 -13133
-8653 -12282
-5525 -2070
7514 12696
9333 2415
8347 7797
-1700 16031
2550 9637
1904 -6670
6545 -9407
10574 -10994
-5372 -14306
-3077 -7084
-6477 -14766
4437 14651
5049 13892
-9605 15571
9197 14628
-5831 -9177
-3281 -2323
-11237 4623
-9095 14950
4182 -1564
4862 3289
-8925 11776
-9452 529
7837 3128
1700 3542
7208 9591
-9350 -13156
4148 1288
8041 15410
-4318 322
-187 10189
9724 -6900
-7684 8717
11152 -9683
2159 -4416
-1003 4853
3621 12926
8466 -7751
-9333 11454
-9605 10856
-578 8303
7905 -138
10115 -8441
1020 -12443
10727 -14674
2006 -13593
8466 2231
10200 -8234
2873 4485
-340 -3450
7361 12673
8296 9315
11407 15916
1122 15870
5202 -5014
7429 -1403
-1921 8533
-7922 2530
-8738 -4554
4811 -10212
-3281 9223
5882 -7084
-7327 12972
-2023 -12696
3315 2967
7327 9430
-4539 -7268
3094 11822
8789 15180
221 828
51 3381
-11815 -207
-5916 13432
-1139 13708
4233 -13593
-5899 -9614
-1734 -7084
8959 -1518
10064 -2024
-8279 -6164
-2669 11592
-3264 11914
1615 -14467
-8466 851
8789 1012
3604 2553
-8330 -10810
-2346 46
-5508 -2875
1343 6601
5678 -552
10064 -4393
7480 -5474
2924 -5796
11509 14421
-1649 4807
3927 -15571
4760 -4692
-1122 5382
-6392 -13409
-9979 4876
-4437 6578
-8738 -11569
-2159 1357
9792 -10488
9129 1495
-6494 -7245
-8177 14881
5746 12420
-1139 15617
5032 -15088
-2618 -9085
-714 -7429
-11492 -3956
-646 9453
8058 -9844
9979 7820
5729 -13340
10336 6394
-5542 -13064
-5882 0
-5576 10879
1445 -644
11407 5152
-10982 13133
-10285 12420
11203 -3611
8551 3910
-4454 -8096
6154 -14260
2278 -3404
10829 -2231
-4760 -2714
-4148 10925
697 138
11798 -3358
3723 -4439
-11883 3496
-9945 13685
-8228 13202
-8857 -3036
9299 -13340
6103 -9407
969 -5520
5763 -5382
8772 -11684
-5933 -3128
-5100 -4531
374 1978
-8517 -4508
-9231 -13432
-5899 12788
-4947 12765
3944 -8556
-2720 -11960
-6817 9798
3808 -12167
-8891 -9361
4420 -8901
-3417 7015
5287 621
1343 5152
5304 14720
-2516 161
-2363 -2530
2737 14375
-11594 5934
11407 10189
646 8970
10914 5612
-8449 15249
-1037 -12696
2550 9062
6443 10994
5423 2783
-9775 -4738
-2040 -6555
3893 8050
8993 8625
11883 -15065
-1819 4209
-8432 -12857
5389 -12167
986 -8579
5253 -9959
255 -3611
-714 -3726
-8585 -2691
7361 13133
4726 -8878
3451 -3841
-10438 7636
-7446 11914
5389 -4347
-10846 -7613
221 4531
-1241 -12420
10608 -9476
4590 -7567
7463 -3680
4437 4094
6545 11845
9129 3036
-4930 11891
6069 -9591
-6018 5589
3808 8648
-11645 -7268
-6732 368
4199 -2369
-10608 -7084
-2550 13202
-408 14973
10880 -4071
-11747 12512
3519 5014
5661 -322
-6800 -2829
3485 9821
-11254 -12811
-10081 -3887
-7701 598
6273 9154
748 13524
-11764 -5497
901 11385
-7769 -11592
1275 -10511
-2006 -5336
765 -5566
-6443 12213
-4233 391
-6545 -15203
-8721 -4577
9724 3979
-3417 10626
-1581 16054
-2533 -15226
10744 14881
7378 -2507
6851 11339
1581 12190
-2516 -2553
-8279 12995
-5814 15502
3400 6187
8772 -10580
2635 -10787
9605 5175
3145 -13961
7446 10879
-1326 1656
6936 9867
-6290 -4692
4386 10143
-1581 3335
3859 -3059
7820 -4278
9027 12006
-4403 -8717
2414 -6693
-10047 -7866
3264 1656
-11203 -9085
-1972 -15272
5440 -11224
-5236 14490
2516 -10948
7888 -2783
6341 11684
2771 15272
-6460 -3519
-11849 -8602
8143 -8924
6732 4899
11254 -2875
-6290 10971
-5270 1288
-7854 -161
-2159 8326
-5049 9844
-5746 -13478
-2176 11454
-3451 6095
-1326 -12236
1955 -2898
7718 7291
-10931 12949
-2550 -1518
7616 3749
6579 -1656
799 15755
34 -5612
-9571 13041
-4284 -12742
-7939 11523
-612 1610
-4029 -5681
-4692 -10396
6477 -12742
-1955 5221
-11305 8073
11016 -14421
-4284 -2944
6715 -5014
9724 -7544
11543 -6762
-8755 -8303
6120 2806
-7939 14490
7446 14582
-2040 -989
-5882 -14766
3043 -8119
-11849 4784
-11288 -14605
9707 7406
7004 7728
5151 9913
5355 15640
-8653 9016
-7616 6164
-323 8947
-11441 12811
10183 -2898
2720 6095
2142 10534
10642 -4393
11713 -6969
2499 -5129
6290 -10488
9401 9200
-8670 -6578
-6528 -6716
5746 -9637
7327 -2185
8313 14260
4335 7935
-2771 690
2754 1633
11747 2875
-9452 -9683
-8619 -989
-272 6624
-6154 -1748
-10795 5060
8075 4255
6392 8970
2516 -12903
-986 -8625
6188 -11201
-3638 12535
7786 7935
-17 -920
-629 -11500
11407 11776
1394 -3749
5729 4531
-9078 -7521
4522 12834
3638 -11891
-3808 -9499
1751 -14605
7157 14352
7599 4738
7361 6578
9690 -9637
-7055 14306
-1190 230
10778 -6440
-5287 -4531
-5304 8303
136 -9131
10132 -4025
9095 -2737
7225 -14628
-6698 2323
2737 6923
8313 -6279
6001 14030
-1156 1081
5729 10143
2720 -15755
-10319 4439
-6868 -2300
-11322 5267
10880 13961
-4063 -7406
-10472 -12742
7259 -12972
11203 -13961
5763 -4807
9418 6072
3366 -13501
-6868 -11868
5270 -7843
-2584 -13133
3808 10304
7361 16100
-7310 3220
11526 12328
6273 9844
2176 -7659
4607 -9499
2244 -14743
2193 -11592
-2975 2990
7854 4623
5491 -10902
-9588 1587
5355 -8119
5100 -2139
595 -14076
4318 1403
4692 -46
3825 299
9265 -1380
-10336 -11776
-8330 1587
4301 -6831
-4624 -2875
-4658 -4393
5389 14214
-8483 6923
6307 10235
-11101 12305
-10506 -15663
8483 -11937
68 7866
-4199 -10442
3315 9016
9146 6923
11509 -7751
2397 -1288
5695 1173
2873 -989
8891 -7590
-7650 12328
-6018 -3772
6698 11523
5967 -138
4828 14490
-11764 -7130
5151 -14858
-7718 3450
-3162 -15088
3587 10948
-4097 9223
9979 10396
-6290 2231
-2193 -3036
11033 8579
-11526 -7797
-10863 -3588
-5049 -4646
-8517 7107
-6987 -13823
51 299
9792 -14513
-10897 15134
-1105 -10051
7021 11638
10234 2415
9877 10764
-6528 -15709
9775 -15640
-10370 -3772
-11203 -5635
-6596 -1679
-8211 7935
10863 -5566
-4097 -14352
6545 6555
-4930 2438
-1003 -15157
6528 9039
-10965 -7567
-6579 13110
11696 3496
-8449 12604
-3944 2645
-3281 8763
5865 4163
-3349 4646
-2754 -12466
2431 253
2125 -11040
-8823 -14628
-629 -13156
-7480 1725
9435 5681
-4403 -1748
-408 4623
680 7038
7701 -4071
-10557 11086
8007 690
-1445 11707
-11594 8096
4488 3105
-11373 -4830
-8194 6555
-2873 12972
-6970 3703
-4131 4071
901 -6440
10319 -6739
3774 1587
2516 1955
5593 3266
9690 207
10948 2484
3468 -9936
-1666 -5267
7378 -4899
8942 -4945
-8143 -12995
1632 10764
-6069 9522
7412 6601
-1819 12857
6392 9775
-9639 6417
-10863 -1357
7463 -5014
-4709 -10097
5202 -4002
3094 4577
-7837 15617
-3196 -12351
6970 -7291
-1292 10902
-2091 -15870
187 -1932
8857 -4600
-6341 -3519
-11662 -8648
-8959 -11776
6902 -1955
10268 -5612
-3961 1564
10115 -3657
9860 -8602
-10523 8993
9571 -14352
-8772 7406
-2125 3105
-5049 -9361
7701 -11040
-11849 4508
5338 -2116
4641 -3726
9299 -3542
4828 13524
-4658 1380
-986 7153
-2975 -276
-9877 1081
-10081 -2691
2839 12604
-4505 -10051
-11866 10166
323 13294
2193 -14007
-7123 -14444
7531 -14812
-6919 -15755
1105 7314
-306 -13501
-11713 -11293
-3502 1932
-4896 -2300
952 -10097
-3230 2783
3689 -15180
-7072 345
-1853 -8165
-3723 -13432
-11067 14835
867 -8510
11798 -3358
-3808 10488
-7259 -1656
-7939 11523
-7939 11523
-7939 11523
-7939 11523
-7939 11523
-7939 11523
-7939 11523
-7939 11523
-7939 11523
-7939 11523
-7939 11523
-7939 11523
-7939 11523
-7939 11523
-7939 11523
-7939 11523
-7939 11523
-7939 11523
-7939 11523
-7939 11523
10268 12742
10268 12742
10268 12742
10268 12742
10268 12742
10268 12742
10268 12742
10268 12742
10268 12742
10268 12742
10268 12742
10268 12742
10268 12742
10268 12742
10268 12742
10268 12742
10268 12742
10268 12742
10268 12742
10268 12742
-4794 10212
-4284 12121
-3774 14030
-3264 15939
-2754 17848
-2244 19757
-1734 21666
-1224 23575
-714 25484
-204 27393
8024 -437
9758 9614
11492 19665
13226 29716
14960 39767
16694 49818
18428 59869
20162 69920
21896 79971
23630 90022
13940 -5520
23460 -2139
32980 1242
42500 4623
52020 8004
61540 11385
71060 14766
80580 18147
90100 21528
99620 24909
