800
44 -30
-297 190
-352 27
-64 150
341 -222
272 210
-266 102
409 426
-338 344
412 -260
-443 211
74 -183
41 -312
227 87
-480 277
-159 407
453 196
-197 320
116 331
164 480
217 -73
427 -231
344 117
-300 -55
-471 26
-351 -450
-358 -43
-9 -324
379 190
-224 232
-89 -311
268 -427
315 306
445 -156
-376 486
185 -340
-37 70
498 421
372 231
475 427
257 267
-12 296
362 264
-298 315
-221 40
-117 -483
112 86
338 -301
413 381
306 271
308 398
22 -292
66 440
-106 -204
-343 480
318 -484
-186 132
45 -257
295 406
224 -157
-182 60
188 202
383 136
-163 -492
252 -386
277 40
-250 -292
-308 183
-420 33
92 -456
-130 -409
-368 447
318 -239
-38 -182
-126 -5
-445 -397
-140 -37
467 -456
118 -246
-285 423
267 412
-496 -127
363 405
456 -272
-337 358
-132 344
-75 270
-117 188
-385 -121
-132 297
64 -75
41 277
-445 -142
-46 464
-324 93
296 -390
113 476
432 -439
-23 334
343 -207
134 -417
327 -152
-386 -174
381 309
-95 144
-464 396
208 423
-66 82
86 -325
233 -3
-328 -107
-414 -225
-203 25
76 -15
-221 171
-286 -481
-194 -331
-479 324
-243 -35
-266 -123
-207 353
-294 -216
-435 43
491 -220
499 -470
-388 238
19 -299
-310 -453
-372 462
-464 -49
-45 -368
-271 -285
11 -426
344 222
-78 407
-435 -70
250 -103
-34 -261
412 -384
-15 419
-171 28
234 -308
-36 -478
-84 441
158 -277
-35 401
301 2
-163 -134
422 -413
57 236
369 -347
-54 140
111 -402
254 32
-26 182
-348 -145
-155 -348
-189 -121
-398 331
-115 -263
-249 -19
128 -350
264 453
-234 386
-308 -286
153 387
143 283
31 494
316 103
-195 308
-249 279
197 210
143 -214
275 223
-102 -126
-72 157
-427 446
-74 35
-230 -4
300 51
428 -89
266 265
401 -100
-278 -344
225 418
-176 49
-97 -390
-373 -254
449 -55
178 413
451 -476
420 -385
-119 152
482 284
182 -208
140 -407
273 -302
-93 371
114 -209
-159 -415
-188 177
202 -403
40 300
457 225
-272 -486
176 54
-322 429
264 113
369 -431
-18 420
51 271
-33 382
462 -135
-170 -175
311 209
229 209
-312 -142
277 275
356 -263
-304 254
43 5
-484 -103
430 258
-251 131
-487 -457
-118 -127
50 82
-247 -407
-23 449
475 466
-401 -269
-465 -323
-46 -49
-197 101
-447 121
-66 268
419 -183
366 -38
220 166
-321 -4
334 320
-289 386
466 494
164 394
-114 -387
496 -489
-166 61
240 367
457 -274
-257 135
152 -261
-276 -462
354 112
304 123
-115 336
39 -384
-249 -368
-414 -395
-30 193
150 -457
210 -335
142 -368
62 -363
-13 -473
53 -133
302 -60
-421 436
-85 48
450 33
370 0
483 370
-42 444
-226 424
-31 327
72 -120
61 57
460 -354
68 253
-461 -409
-166 -226
124 -258
-480 489
-354 -278
6 261
-12 29
-28 -222
398 102
75 -499
426 -39
345 -246
127 38
-252 -62
-108 424
311 237
-48 -389
88 -51
-452 283
428 -60
-30 62
-489 107
-82 -61
208 475
-317 -365
283 469
-297 -445
-422 85
-63 -246
83 474
497 -420
165 -72
153 70
305 -194
426 -478
241 428
60 -125
319 488
48 451
-286 320
-251 -143
-365 -185
-141 -444
-356 482
131 -322
488 -83
369 197
446 -92
-381 -55
-322 -273
337 -339
-480 212
414 68
-64 184
432 -131
170 1
-380 -322
-228 96
-344 132
477 -18
191 -465
82 293
139 217
-309 86
-408 396
-474 -309
5 -79
-327 -60
380 296
195 350
-463 489
241 -467
-199 -24
439 234
2 372
378 327
70 368
-185 -263
154 475
320 476
-392 13
-252 424
-482 -500
260 214
-85 464
287 -255
-264 -326
257 -203
209 -406
182 57
402 -322
-230 -445
71 -425
-256 -171
-74 349
488 283
345 -242
109 292
221 55
-272 -480
17 114
453 -126
-453 -360
331 194
-63 -172
484 312
-285 310
484 -484
289 339
383 497
-244 -260
-430 -70
13 448
-240 14
-228 301
-431 208
-112 206
-397 273
-107 -440
-411 326
-242 284
-300 -357
9 -155
198 -256
299 233
-266 343
380 185
-415 64
-323 481
-371 -337
-229 -188
126 91
-200 -198
-372 327
4 -327
-235 -169
401 75
-231 -443
142 143
-154 -122
-401 326
151 28
363 -397
293 278
-324 153
67 408
211 459
-391 -172
219 -168
-51 97
-467 -261
-262 2
105 -85
69 -134
219 -119
-5 318
475 254
-358 92
338 -160
-76 -129
291 -402
-332 -428
47 137
-378 -42
452 -298
28 55
-383 152
-491 383
-141 222
46 -383
356 192
-462 429
494 -328
-334 -74
478 -171
-193 -299
-425 -286
-486 -209
-351 -347
-86 -497
-82 163
172 329
237 -206
-438 247
23 -352
255 -185
-348 -356
-242 368
49 261
-440 177
261 464
-36 -154
460 227
55 447
-191 164
465 -427
473 442
314 -323
333 107
302 -430
-51 171
-379 -303
303 27
-317 29
131 367
-394 -144
6 94
-84 -106
-33 -362
-287 238
-131 286
427 -472
500 -81
-51 -240
473 474
108 451
-288 358
-214 -54
286 128
485 -136
-259 59
32 490
-18 370
496 -449
-295 -489
-331 377
193 -400
-354 393
-400 -267
-311 -109
-324 -272
254 376
194 361
330 134
267 5
-336 231
-3 -195
-209 -340
-158 -35
-414 -16
-379 -404
342 36
204 119
30 -357
223 -499
-344 428
99 420
-56 -62
458 354
381 439
492 -293
-391 88
-404 301
354 235
471 48
-283 -116
451 422
313 -249
177 -89
-100 -213
-247 -431
80 462
-202 413
500 -3
-296 134
278 463
419 -341
-368 270
-426 148
-101 -459
-14 219
-444 -364
-487 162
70 -181
339 -485
-472 498
-29 314
118 -216
-323 -479
315 470
-71 140
-56 293
-311 402
489 215
190 -128
148 -389
411 348
-316 -394
343 417
-398 -133
-37 186
114 450
121 -485
236 -311
-27 362
-264 451
-469 295
139 388
-364 -411
288 -444
298 -50
-431 -427
-170 486
-55 -37
-182 -349
-258 -65
239 -179
238 -416
-267 -113
-253 -492
-467 82
450 -488
300 -1
445 -243
-477 -36
0 -490
-35 -203
-303 -479
398 402
0 435
-154 -416
-235 -287
-257 348
-295 -336
491 -208
448 -86
244 169
-289 -280
-281 -469
455 160
-298 414
-453 -98
379 325
-221 -243
-494 -114
-89 -439
-282 216
152 -294
-290 -326
62 269
-457 184
141 -78
231 -411
-339 -156
441 182
147 -488
-206 -300
-270 -61
212 -190
329 338
-240 493
49 -396
371 -428
-496 -62
32 -415
-138 -294
391 -2
22 390
458 -193
124 -482
351 301
-182 221
295 -366
-352 -452
359 352
-278 -422
78 176
-495 -123
-1 346
-458 -351
343 -235
18 -409
-494 -196
-434 -315
-442 -458
453 363
452 43
181 -248
-216 369
248 309
114 -394
433 -178
77 449
275 432
-477 -18
176 -74
455 324
-96 -443
365 21
-484 -98
381 -65
-309 200
413 467
327 375
361 -274
-104 -320
-478 -307
121 -240
-87 -466
88 -463
-269 -144
-169 221
-213 -113
-313 442
436 95
-304 340
-491 4
296 -306
-180 -227
-187 459
326 -101
276 -299
355 -250
-43 448
-185 436
223 253
-400 481
332 101
-493 -128
-418 -471
-428 -34
233 304
468 -396
-181 -440
-95 249
396 -4
170 473
197 -433
421 450
408 -304
-77 125
-122 347
-299 -237
492 -280
-129 -118
-330 437
370 -15
276 -440
-39 432
-275 -155
-374 -47
472 97
360 272
207 389
-450 113
-461 -462
481 473
210 58
-362 350
-96 167
225 -399
212 468
-392 -474
189 498
-54 453
352 460
353 -273
-390 83
141 -500
399 34
-245 -86
-123 -230
-1 -475
367 -257
470 -279
-494 410
396 435
-468 115
-388 -478
-267 392
-145 -462
-207 41
-355 -74
-268 463
-448 31
150 -391
-92 -251
-322 470
129 -23
-337 -112
-239 -482
-72 466
4 -449
-380 -419
338 -420
272 -267
-409 356
-310 297
135 155
-231 -332
-268 153
214 186
-326 -24
224 -112
-361 158
156 -277
-332 278
500 -416
348 -266
-386 -73
-461 385
-483 -201
-206 381
-4 24
-340 -469
427 307
-330 -169
-233 -469
382 -247
-192 -181
433 -414
258 428
465 -19
373 340
378 289
105 419
374 292
344 -266
230 -371
324 452
436 161
372 437
-465 273
