800
78 -33
-23 -261
-698 388
-490 138
309 -179
-469 573
-157 -557
-565 56
-294 520
482 -36
-671 418
213 -377
-6 -634
-268 -21
-176 205
168 344
-367 -528
4 -537
546 693
624 -523
-313 153
684 294
352 152
9 -79
15 138
-547 -486
675 -184
-250 -582
-36 560
-649 -60
378 -206
675 417
216 -404
604 -692
-159 351
-575 -186
-315 -50
1 -56
53 -506
294 -555
396 507
-618 424
-641 -562
39 -386
-93 -471
-285 -626
-488 -339
88 17
-387 417
484 -122
494 517
86 -473
142 336
-214 -244
191 136
-82 624
315 308
260 72
275 -246
-190 450
696 -451
547 -20
529 -637
685 411
457 421
200 450
487 -699
418 -628
-561 -231
11 132
661 -31
-493 268
112 -187
210 -610
670 -517
-12 -295
-697 443
-315 -440
-28 -368
80 -334
-92 -180
-20 -28
-598 -141
-356 502
586 339
-624 131
-262 427
503 -96
-219 560
-8 48
-472 123
335 375
488 163
695 -442
284 650
234 214
-427 -137
272 216
493 -342
16 248
63 57
-507 -354
-473 -363
355 -698
-687 -106
-212 -696
-474 345
-69 469
477 -598
-638 -249
-95 188
12 -464
-603 -31
-177 536
-398 -354
-629 -303
-303 169
313 -168
436 306
-606 110
505 -378
-500 -65
-299 -261
18 98
327 -609
42 -315
555 -663
264 383
-174 -302
141 -589
-364 274
-156 -548
-93 277
188 207
199 697
-274 477
80 -5
-68 509
-63 93
244 419
677 295
14 393
-695 -191
416 -330
-208 539
-380 458
-259 -159
33 -199
566 80
-580 568
-540 370
259 357
-505 -181
408 557
311 -144
-399 -304
-312 54
66 -57
538 684
147 443
-435 659
-48 -557
-517 311
-503 -453
-685 541
-439 -454
-79 519
461 699
-262 72
444 621
33 -498
23 360
340 -216
82 589
502 94
168 -639
-700 -199
-610 -680
103 457
224 155
363 -243
236 -321
471 336
-35 -6
472 -514
-264 676
-516 371
-375 -366
-452 343
-482 -34
89 -266
568 -276
-377 -352
0 -17
-123 -515
252 420
307 84
300 -621
682 631
-87 -505
72 24
-83 -228
433 -26
-320 -186
-354 -669
38 375
431 -401
680 -39
12 -447
560 -219
91 46
-330 -316
-430 -213
374 -24
-622 596
309 519
-375 -241
664 -293
-672 631
73 -138
-617 -413
-598 -459
314 461
45 -632
-215 -431
-71 518
412 -53
495 -459
-600 165
138 179
-477 519
586 478
-27 23
641 -37
-238 141
-13 -112
-410 386
69 270
171 691
239 -309
499 69
673 348
462 -237
-452 -260
320 -23
-190 206
682 457
-636 -159
149 222
75 -118
582 -54
176 193
140 326
-463 -553
368 -147
511 -680
-366 476
297 71
83 542
-388 -286
-323 -64
-345 -467
200 217
-453 -171
215 194
227 467
19 163
128 -682
-404 -359
-209 539
458 -476
488 618
564 -540
409 372
-231 -7
572 493
384 -218
212 -217
-164 695
321 403
505 201
-431 455
689 -499
-84 425
319 -156
-633 -297
644 33
614 -592
-315 -700
547 -277
-24 269
-158 87
278 -404
638 613
-446 117
234 88
684 -341
-637 -688
525 -650
243 553
344 47
-12 488
641 644
72 519
675 698
569 215
-620 600
586 -388
-671 -540
-516 321
188 147
-459 -201
-99 22
609 381
-481 190
-121 322
640 612
-166 -316
-156 -511
95 -648
635 -68
512 -280
-310 534
540 -461
-499 -10
-8 -129
139 294
-509 151
-561 -360
681 -527
-237 452
-163 477
443 -571
-211 552
256 -211
224 389
130 3
-462 -584
312 154
-554 362
-18 503
66 -336
-238 376
269 -10
358 -420
-120 -699
211 628
47 -96
-298 545
608 69
-494 571
519 692
366 219
430 675
-385 -642
345 -38
-678 -484
-385 492
619 81
449 -230
419 -644
571 87
-42 127
-510 308
280 -81
-677 201
192 270
137 72
528 -97
-300 -127
400 -323
-499 604
398 267
529 322
-185 398
-436 182
-118 -69
-171 561
230 -421
570 -164
-207 -651
633 179
-332 -631
516 400
193 -144
-285 95
557 -312
-349 409
478 -472
648 -307
-337 545
-444 154
-700 181
-384 433
194 -218
453 -120
-359 125
538 390
346 -333
205 165
403 352
-653 307
27 -554
455 -650
-622 634
-665 -492
448 109
332 -561
471 -19
161 514
-229 -343
348 -398
-580 344
633 475
-198 699
547 549
10 30
-382 309
464 113
560 -630
-139 365
-78 695
566 523
8 -315
549 408
649 -377
-205 -470
0 -102
-397 -281
596 135
49 91
613 28
-287 460
360 265
-311 -424
318 167
-23 235
10 578
-537 218
-18 573
-51 3
-482 -273
-488 225
-284 130
586 -471
120 484
-690 -328
260 280
32 680
-1 -536
-345 55
695 -529
-437 378
700 -619
-435 269
-411 293
-316 494
-38 -655
-604 546
-65 -465
-469 63
312 462
-231 -637
-609 -178
-22 -250
692 241
-408 644
-301 273
231 661
-221 -230
487 -416
357 -517
691 577
440 -231
108 -114
-438 631
438 405
-188 471
-620 74
433 698
154 -493
-442 -469
-413 -237
-419 526
295 380
599 318
17 630
287 -616
459 -157
-347 501
271 303
-227 227
405 -358
128 223
-364 465
-150 -1
-397 114
459 -628
545 586
-274 -136
-221 -610
-605 361
-527 -625
-568 -494
257 31
138 106
-415 -98
143 39
-529 361
-552 238
-557 -508
345 107
357 615
131 267
-359 -464
-355 -602
-694 252
-687 -46
-611 663
-589 -633
313 -667
28 -558
589 -668
110 659
73 -155
616 536
-204 -310
-558 -42
-58 333
577 -388
577 -107
588 135
-426 -243
700 -526
167 -126
523 195
-87 541
-79 579
-193 377
507 -616
-574 -29
-699 220
-398 441
647 -260
-591 573
49 17
52 134
511 -361
-624 16
682 333
645 18
268 516
-63 -452
-532 -253
-421 -301
516 366
-388 601
-203 9
-282 16
-124 -693
-235 -33
-214 488
57 -451
479 675
497 -525
-351 57
-143 -396
-49 -150
35 -509
20 -171
356 424
-326 -362
-265 528
-3 588
-469 -470
275 -557
-467 -197
203 649
434 659
552 488
615 -614
-607 -512
-688 146
-620 -228
282 -631
147 625
312 651
-204 -152
-545 -659
-366 -640
-674 -139
-256 -116
-483 282
-284 594
-216 636
-297 -390
-507 -38
496 -543
352 -589
103 118
-469 -36
109 651
252 -517
-212 -190
311 -325
423 578
-373 577
487 -141
-457 578
286 -614
-289 9
-42 -698
563 -487
369 -109
253 63
636 452
-327 553
490 16
158 -669
-319 -23
-261 516
-618 -539
-659 258
-509 53
-629 -644
-298 -600
-565 556
-615 398
-670 -642
443 -657
-99 -258
-333 -601
429 -175
-446 332
-642 -349
132 107
86 653
604 45
589 -683
520 -90
-184 58
-14 -279
-214 -118
-611 -505
-133 -422
667 588
-639 683
-504 -521
249 429
-397 -16
-171 -111
30 -373
14 -615
-443 -72
-186 -560
-557 195
571 -621
-333 -311
659 -359
448 568
472 267
-651 280
-340 -608
320 642
-257 134
200 -129
515 422
571 190
325 5
376 373
544 481
339 -479
-464 -379
-274 447
-575 -358
686 479
649 -262
-679 -390
-655 295
323 331
-603 294
412 135
-182 527
46 12
110 -623
644 -358
-640 -557
-451 285
24 92
396 -210
531 -159
684 -552
-536 325
248 -315
409 -185
-592 607
190 291
-601 -435
418 343
-83 471
-197 -697
541 440
397 183
226 -273
-565 584
-58 397
552 64
506 -131
16 -222
276 660
172 693
-282 632
419 -44
-75 245
444 450
-606 416
378 256
349 -29
-539 641
-428 690
553 -330
203 444
394 129
-339 577
-527 189
-328 616
-696 -526
499 -187
100 695
-324 33
-436 -92
-18 -643
-616 648
63 459
567 -677
366 231
-243 -653
689 -574
398 685
-94 -582
-551 693
-55 -321
-627 509
413 -400
367 -45
-478 -419
-290 -27
-331 536
-371 -581
129 -39
-224 -529
-129 66
498 -642
148 567
-118 524
-685 206
479 72
401 -380
13 -177
-73 322
-46 -501
282 70
-208 406
384 -575
-572 -468
-200 463
593 457
478 582
30 -509
45 -465
-276 -676
-390 93
19 691
-24 686
307 -493
-435 383
-561 -194
89 -155
-291 -266
187 -307
-414 255
198 -219
636 408
-22 156
224 224
622 -89
-591 291
354 -150
262 365
364 494
-155 0
91 -181
50 -431
-165 -388
178 340
324 -505
304 384
-503 -298
112 -437
225 480
316 518
