1000
13 24
-862 -659
36 463
739 919
-635 -669
-418 -662
-368 -493
365 370
-168 -231
757 613
722 51
-375 183
788 514
-118 494
417 -789
131 -794
423 -677
835 647
836 -140
-311 -405
-47 445
-455 101
92 806
-492 236
-180 -122
-997 520
187 649
350 449
480 -329
-539 -783
-764 580
-302 3
665 911
-622 -755
353 -933
-288 -470
-31 2
906 -997
127 200
359 863
-830 656
-723 -802
986 -397
-928 22
459 283
619 -885
301 755
409 747
-478 877
-303 65
928 -131
748 -776
-818 -319
-376 222
-135 861
626 377
-93 233
-749 -534
140 432
132 609
-703 -666
973 882
-535 -605
-377 -686
260 869
-484 -346
-111 -920
614 -663
66 -46
837 798
-771 341
-523 -389
-151 772
-947 534
-738 -622
-676 -131
-79 660
-986 -481
541 -577
-122 -50
-725 21
-560 37
-772 -742
-117 419
-537 431
319 -442
115 825
975 607
-981 873
865 148
-957 -838
319 250
721 -713
-162 134
-665 -433
619 350
-941 -203
-26 -746
-934 -155
-763 546
738 119
56 -174
37 759
-589 -952
713 -673
271 -658
-666 680
-985 -669
807 -114
375 392
825 -149
-474 550
103 -800
-419 658
47 -229
631 -623
551 -185
-405 -168
-758 396
-483 -619
-664 -256
-577 758
752 -157
424 -312
-644 382
-840 68
766 -312
282 -744
938 -379
406 -225
895 -492
565 -328
192 -756
-241 877
826 -20
939 -474
-591 489
979 -672
-542 -58
66 -915
684 871
201 211
417 -27
-300 -951
-428 197
-137 666
-382 -836
567 -103
858 499
679 -269
-339 -747
-431 -212
615 438
158 243
590 -813
-286 -941
199 -940
-264 -715
-395 -309
-916 288
156 -404
370 489
-433 -446
-346 -349
-670 121
696 324
876 752
594 -340
-831 -233
-663 769
-907 -263
-378 -981
-675 -25
470 -18
210 -208
357 -547
975 297
280 766
349 92
551 653
-580 -802
982 -129
-514 539
-141 -432
126 -981
525 -440
-409 -701
-943 641
-403 812
950 731
952 -289
-612 588
847 406
-129 560
-536 538
671 -679
-426 -523
950 -711
910 370
-334 886
-394 804
-170 -541
839 -241
-824 957
-588 880
-258 465
284 -285
356 -492
-792 -759
-872 -417
-747 -696
-519 -719
268 -811
-822 236
-58 129
-634 201
660 -859
430 620
-453 -425
948 -86
-166 -120
747 -302
-554 618
-986 -376
-811 -428
-371 -946
-633 -101
-373 539
943 -200
-116 -156
430 -896
-741 322
597 -950
-422 -232
-698 -537
-134 -307
491 145
574 -364
-123 -520
448 -179
-132 458
-66 943
822 -915
-140 -106
767 -992
976 -324
848 -740
-688 91
-534 -732
157 795
-955 -851
26 294
836 -300
-216 -810
-354 -956
51 -670
968 114
57 -279
-700 432
654 689
793 440
651 -578
-391 -793
-920 -650
-980 750
-829 -127
326 923
68 -563
334 -723
-378 -112
-454 820
-715 -999
-781 344
-163 283
-550 -909
-491 431
655 -388
-246 881
-231 188
-113 -56
7 430
-3 -73
328 -386
-469 601
23 -776
954 694
-52 -997
457 618
-23 445
-568 -534
-44 247
-285 -749
-458 -690
978 204
-892 370
-950 -151
-835 -457
989 -629
-337 274
704 -44
244 991
937 -1
703 558
126 798
615 552
792 -405
-792 395
-895 -838
185 -659
155 -442
-346 -15
-368 983
-997 -97
162 -224
397 -438
911 506
512 -412
538 683
-583 -938
976 281
191 -170
-109 -290
364 -867
-840 -520
-788 -996
527 826
-637 -243
519 55
-466 593
989 -220
960 -287
-974 742
977 776
795 -468
617 134
-419 -179
-631 -386
-546 -716
-744 -969
238 646
283 221
-250 -194
-223 156
-415 -385
-358 -128
735 -474
-485 369
-272 -325
484 310
719 -398
-759 209
-644 -702
-44 -995
-412 840
904 661
-615 298
-386 -143
769 878
210 993
897 567
179 680
-467 313
105 -647
-545 202
960 -743
-460 -885
326 486
-512 755
647 -974
286 -402
-653 -260
-508 342
305 446
-263 135
-632 647
660 497
-784 -495
-206 613
-988 -782
-427 507
-392 871
851 66
-813 -914
235 -679
258 -408
-817 -113
-198 -372
-358 -718
-647 -128
754 527
-59 736
-285 567
-236 671
890 -815
-991 872
-429 182
59 970
511 166
-360 620
835 -960
583 718
-865 832
-712 -44
-869 869
-931 955
422 -560
910 538
-674 -392
847 -561
-152 976
-995 -55
-53 836
-879 -360
-904 -64
69 818
-33 390
-527 -217
722 -598
744 72
-390 924
-298 -988
-853 858
-530 214
-743 -311
748 415
-393 -453
-994 151
825 35
919 -46
-761 -922
611 114
329 -604
-564 -473
307 213
-506 -430
846 301
-141 -818
-107 -576
-456 -66
152 -430
-238 135
-580 -833
-951 -845
894 657
-375 -351
780 -423
149 -515
-154 69
6 333
-52 -975
757 -472
66 949
-712 710
957 216
517 -773
-205 153
-389 656
-722 -48
549 159
955 10
-193 -485
772 -885
50 951
932 -523
257 -629
444 -675
444 727
-92 374
169 -996
2 -281
-700 -590
14 769
-493 757
958 422
332 688
492 700
-169 907
617 -639
247 686
-976 -807
452 864
50 999
-812 -900
285 -198
-883 -192
-74 -653
-297 -356
323 774
-493 908
83 -104
224 127
999 375
51 -915
-119 -987
-126 -538
-6 -641
-919 -563
-806 277
-162 501
377 -995
-76 -735
55 382
-794 -272
569 271
862 -726
221 -889
730 -377
-509 462
-308 -461
-389 -349
638 139
941 -499
285 -916
-785 931
-907 299
921 915
-839 -453
-196 -469
-650 594
483 -556
292 795
170 -463
41 388
-989 572
-848 619
-722 22
286 -520
594 912
153 -91
255 -114
683 652
-319 804
-428 -61
999 129
177 -396
-759 346
-843 -88
434 -910
-835 618
482 -702
-534 -417
55 173
135 -967
490 -350
482 -206
295 719
-830 -192
46 -373
852 792
437 -494
-350 368
468 -210
-911 -596
-871 970
-338 235
80 701
-606 -203
309 310
840 -962
-965 -322
376 520
-105 -923
797 -346
-148 271
-146 425
809 254
-838 860
241 397
-679 863
-271 67
-993 -168
914 -922
-582 743
528 951
-44 602
913 237
-72 916
476 931
-793 418
-227 -50
-784 220
141 475
-370 -800
283 934
-938 678
848 -303
147 -394
95 736
-730 325
-508 380
719 -431
110 586
-711 -561
-900 -15
-6 167
290 853
731 -917
-935 332
389 118
180 172
738 -148
-82 -843
621 -187
-54 -967
469 -47
74 979
290 -616
211 461
820 -878
-616 582
618 283
-884 168
-531 -235
-750 595
872 -29
-334 -242
-587 592
-173 156
318 -152
-625 986
664 37
629 977
173 272
-662 -244
529 242
33 -789
972 -611
-319 -849
813 -727
499 -819
734 -410
-725 463
-987 36
462 292
-469 888
577 794
560 334
375 -771
143 -600
965 -944
-922 -924
-601 421
-35 -54
541 591
770 552
527 856
-785 -861
467 446
870 33
428 -73
-558 481
-939 881
578 733
369 314
-13 -744
-592 297
-695 406
-480 156
5 -403
420 -737
-557 274
376 862
883 176
-555 608
-750 311
-546 -47
894 365
-178 482
-354 -660
-331 385
154 493
55 746
28 891
-435 -883
-371 -678
-129 -533
-627 -36
11 660
400 366
529 811
694 -976
-107 444
919 -476
-729 580
-736 57
-366 -651
555 811
-717 -579
-441 974
658 -13
674 887
608 253
49 -719
76 493
170 -154
864 763
-136 -830
-686 -297
228 -121
483 844
150 887
-969 -380
-668 472
102 402
-150 960
-779 75
-934 -153
478 -385
-564 901
380 -693
-911 -484
-648 433
-449 735
554 -835
-912 149
-265 883
947 408
818 735
407 -229
63 617
344 -378
248 940
226 -14
44 -705
-949 933
-960 779
472 737
334 128
800 -284
-401 -376
828 441
138 206
291 -705
-983 595
-448 -358
-439 525
-186 956
651 -465
-172 -167
-18 -485
-972 -822
744 -3
-940 91
90 107
289 584
-422 -669
777 -595
-34 -791
-48 -966
54 904
919 -27
686 -402
-786 543
-312 43
-184 649
715 217
638 124
397 452
-878 -855
-505 -754
876 -508
-325 -623
-985 591
-735 796
-400 -992
339 -632
804 568
-466 -919
-878 913
-344 -580
563 -308
710 -612
-700 709
962 98
-348 545
-17 147
-426 -398
130 -462
314 -796
972 -78
-292 932
-859 -698
198 -98
595 732
-101 435
632 694
-867 740
-397 -750
370 595
-345 -232
-715 55
15 951
197 -855
968 -330
-927 521
-738 -837
-889 804
338 818
-9 895
-57 -374
-923 -853
-776 727
974 362
750 -783
804 -773
846 298
900 196
-238 377
436 116
-816 -913
668 596
790 377
-879 -676
944 -581
-750 634
330 -591
-477 -462
-315 -929
892 -25
-704 993
-801 842
448 -254
-603 891
-414 911
-968 88
-136 -692
635 -562
51 962
-558 734
380 689
891 398
-856 409
-82 -333
-121 232
593 -852
649 351
293 441
344 120
-855 623
-717 757
-462 -881
-684 85
642 82
-903 -573
814 -352
911 623
-873 823
-533 -562
316 507
407 -766
-739 -416
706 220
81 -382
-717 -837
-104 239
-524 518
513 272
734 -149
751 -53
412 150
-918 477
791 826
-427 -167
-640 465
601 -351
-838 -859
454 344
564 -993
-204 590
756 -248
513 -304
-475 -872
-804 379
723 -251
-553 -101
181 97
-397 967
-923 940
-19 -818
398 -347
433 296
-510 -840
103 -546
904 -745
977 -991
977 797
-394 -545
-299 -470
-520 -667
737 176
253 578
-433 -662
394 -651
-67 548
-802 468
-617 154
113 -670
-422 529
99 -865
-325 392
-664 -45
648 -429
761 -810
-948 -875
467 -943
-964 57
-352 -159
650 -848
-930 -803
931 -160
-376 369
-557 449
-519 892
-531 -358
212 -116
-680 -672
308 -421
875 232
653 295
-215 335
-365 -37
189 26
-503 766
-820 168
293 920
757 912
809 678
517 860
-536 -954
622 899
562 -77
-160 -556
-956 -855
-495 825
98 386
131 600
999 488
-648 -716
-745 751
-240 -92
-256 -517
474 -939
980 -244
762 -984
-522 -230
-618 -130
297 373
-32 -204
-440 -99
514 -686
926 -111
390 -908
-658 27
-248 -591
540 175
-743 185
-713 14
650 158
-59 -864
-101 -852
-213 -528
-767 -637
0 345
-679 174
28 -277
-971 -316
-647 928
-184 354
454 727
607 -329
-500 976
-734 -893
-112 427
-415 10
424 954
-873 -974
40 -473
856 894
963 -31
-503 -639
292 -805
289 -739
-861 -833
-346 -987
-62 -435
31 -284
242 938
-540 36
732 705
456 -604
216 -331
-869 812
-693 84
792 894
501 -353
-778 445
360 -305
-579 -969
-646 -209
755 -57
668 -499
