1000
-35 -29
-1904 8722
798 29904
-2800 -40940
1106 22428
-2667 22517
924 -34977
910 1958
-2135 -41652
-2933 38626
-2625 23051
-854 -41474
-28 -27412
-539 18868
2653 -37380
-280 -20915
1911 37469
2569 -31862
1484 1602
-329 27857
-3178 -9345
-2513 -11392
-2800 39516
-2737 -2670
882 4806
-3318 -5073
-882 -28836
2667 25632
1211 -24297
-2352 -29815
-525 12104
-2114 26166
469 -4895
-609 12994
-1197 3560
-1393 -40940
721 27679
3500 31595
294 -28391
-2786 32218
-2359 32129
1645 6942
-1904 -445
3374 -14151
-805 -29459
-1022 33820
-2807 4806
-3437 -14596
-1190 -24475
959 -11125
-224 33820
-7 5518
-280 -4450
-2436 -24831
826 35066
-1869 -7209
3038 3026
525 28035
-861 -38003
-2772 -1602
-1302 18690
-2058 21627
1694 -28658
1988 -40673
-539 13528
-2562 -34799
1932 -36846
-2527 42987
-2702 42542
1239 1424
-3241 -12816
-2821 16109
1540 25009
-1659 26967
-3087 -13083
-546 31684
-2667 27857
2947 -25632
-1106 -1602
-1603 29548
105 25721
273 17800
1015 -17177
1190 18868
1680 34265
987 -8900
3255 2136
2282 38181
1113 2225
0 29281
-952 21271
665 36312
-21 -5251
1071 -42097
1302 37113
553 1335
2478 -5518
-448 10413
-483 -8544
-3024 28035
2562 18423
-1274 -38092
-3220 -2581
1687 25098
966 24297
602 -39160
-147 31773
728 39427
483 -40851
-2912 41919
2695 33375
707 -623
-1722 -40050
1141 -36668
-1869 -38092
1673 -31951
-378 12549
2114 -14062
-1456 33019
-273 12015
2037 -26433
2065 19580
-2142 44233
-308 8544
-3423 34443
1610 43966
-854 -16554
2429 -2937
-938 42720
-2492 44411
2590 9701
-1015 -18245
3073 -41919
-7 -43076
-1204 -8366
-3115 38270
2870 11125
-875 -40762
-2639 26166
3493 -40940
511 -28569
-3157 -20203
-1785 -25276
2520 4539
2100 9078
2954 -34799
1512 39694
168 -1424
-1967 12282
-2107 -27857
-1463 38537
-462 37380
-2093 -7387
-1582 -44233
-2800 -15041
-3045 -31328
763 14418
-805 -10502
-1708 44055
-161 21004
-763 34799
49 -15575
-3423 31951
161 -16554
-1183 -18334
-525 -26166
637 -15842
-1316 29370
1218 -9167
2401 -11036
-721 -31417
-1071 2492
770 7476
3234 10947
-1568 37380
1253 -30349
1379 24831
574 37024
-3017 16465
644 267
1316 -44411
-2625 -29637
994 -3649
322 17177
-308 -42809
1085 0
-3381 -10591
539 -22962
2135 -41830
364 41029
1330 -16287
-567 -20470
854 -19313
1253 20470
1351 -12727
1981 -6764
1925 -27412
2072 -40406
406 -6319
245 18156
3493 -13083
-42 20025
-1862 -4183
938 27501
-1848 -12727
630 -41741
2072 -1335
-2282 89
-1757 -36045
3416 -38448
3332 -21627
1113 20114
-966 -35511
2912 43254
1155 -33019
-546 8722
-1190 -20114
-2464 -18156
-3451 36668
-483 5607
3290 31595
2989 25721
2632 21538
-1470 36668
-462 39783
70 36846
-2646 17800
2667 8188
-2590 30349
1246 -44233
-1645 -5429
-1015 6052
-1043 -28569
1799 34176
-3318 -32574
-3192 -43877
-924 -43343
-1624 -40584
1204 8366
-238 -11748
1953 26077
1204 -38537
-3444 -31595
301 -23318
-2793 -25899
1120 623
-2282 -6942
2772 35689
-2569 14418
350 41741
-2268 1335
2576 -11570
-1491 40851
-2485 -36935
-2058 -39160
1561 -37380
2450 -30794
700 -16198
525 26344
2898 19847
-441 21627
-2905 -37825
-847 -39961
-2765 -3204
-3423 -26344
-3199 4984
-2261 42987
3052 -26344
-168 11481
308 24653
-546 -12104
-3493 15130
-3255 -623
427 38181
3500 25632
-1057 -28658
1974 11748
2863 32663
-910 -3560
455 3560
-1925 35956
-1904 38715
287 -26255
-357 -13350
-378 -17355
-378 20737
2520 18868
3066 28569
-3451 31595
3367 29815
-595 -44144
2464 -9701
1974 43254
-2562 35511
2961 -38715
1673 -29103
-2513 -20826
2604 -23496
-35 31506
-84 29815
-798 -41296
1939 -13083
-2268 6052
413 -7476
231 -3204
427 -14863
-2842 27590
-1974 -8010
-728 26522
-3430 22784
-1946 -1068
-1281 36579
3213 34799
1631 34621
581 -34710
1722 12193
-3031 13528
2394 -801
1484 -2759
2569 -42364
-56 29815
182 16198
112 -5874
2793 -12905
-2366 20114
2632 20292
441 -2047
-161 -178
-3178 35778
-2793 -26522
-1442 -2225
-1757 10947
1981 2047
-98 4984
2135 -37825
3409 3204
2961 13261
1351 -42631
2681 -13795
0 25899
1470 33108
-1960 36668
1260 -32752
2499 6675
3395 34710
-2072 -6942
630 32485
2296 31951
-2226 24564
2296 42809
-1505 4895
-763 42987
2037 -7476
833 -19135
-1841 33019
-1281 -23941
-1526 -38804
2380 12193
-1743 -21894
-2184 -7654
-2359 32307
1015 -33019
-504 -5518
1379 -4895
539 9612
-2107 -39427
3206 15397
2541 -35600
-2268 -23496
-322 7654
-847 -30883
-301 43521
3234 32752
2177 15575
3360 -27768
1295 42275
3451 21627
175 -14685
581 10146
-3199 -20292
3129 -22339
-749 -30082
-273 -15931
-840 -39961
-1960 30349
714 35867
2730 33731
-784 19224
2534 -42453
2023 20915
-1274 -44322
3486 -31684
1708 5073
-1988 13706
-1491 29103
-3045 32663
3395 -13884
2618 35956
-2443 -15842
-742 27056
2415 8010
-238 -18334
2513 35422
-2653 -17533
-2975 -7654
728 -41029
-252 -8722
-2289 15219
14 -9968
-119 -3738
2086 40050
182 -14596
56 8722
833 -11392
2429 10680
-3136 -42097
1827 -3649
2233 9523
-3234 -40317
-2632 36757
-1673 -1869
-161 3827
-3451 -19313
-140 -3204
343 40495
-175 4806
-154 18957
3045 40228
-2975 20648
343 15397
2597 18245
-259 15397
-2898 -30883
-882 -26433
-2534 -26433
3479 -9612
469 -42987
-3311 -1424
-1057 -27145
1757 5429
2961 -16643
-2149 19936
7 -34888
-1246 2581
483 -4717
392 27323
1267 -3204
1750 25632
-763 18334
1799 -15219
833 -9434
-3115 -34888
-1715 35689
-3157 6586
3346 -26433
-1687 -38982
1484 3738
602 41474
-1519 -20915
-931 -40139
-1288 28925
-3290 -28213
3241 -35244
-3262 -10502
3052 -1869
-945 32040
2786 -1246
1680 -33998
2303 -35689
-2156 -15486
1617 -5429
2786 -40495
-2443 -12638
3073 28925
924 -4361
2450 -1335
-1225 -37024
-399 -42008
-896 31684
2282 -43966
-2499 13172
1302 22784
-378 16910
-2688 -26166
2877 18779
2044 -16999
2625 -22517
2870 -33820
1407 -14774
-1638 -5251
-1470 -7476
2093 -4895
-2296 -13528
511 11926
-1330 21360
3206 9523
49 7387
-1232 -20025
-2303 14151
3304 23674
-3472 2848
-1764 -9256
1708 -43966
-2310 -6764
-2954 -7565
-861 32129
588 39516
1631 -12193
-3409 41474
-3402 41563
-427 -24920
2891 28747
2443 -23229
966 40762
2856 24920
-917 1157
-2646 26433
2527 -25721
-1064 -44233
-231 -6853
2653 -36401
2310 -26255
-2415 29014
861 6942
203 9434
350 -2848
-2765 -33553
231 -11659
-2548 -15575
-2065 -16999
-875 22428
1792 22250
798 19669
1176 -26433
-2156 -16109
3108 -2937
-1435 -3204
3381 -20025
2961 7743
-665 10324
-1883 -31061
3073 -28747
770 16465
-3136 -41830
-3486 42898
2891 -19046
1708 -15753
1764 10235
1169 -10057
-476 -38359
-3304 39872
-210 -31239
-609 -34799
-2422 -1246
-2499 8811
-2926 -18601
819 -4450
-1715 35956
1358 36045
553 2759
721 7298
-168 14774
1575 -20559
973 -6141
2625 11214
301 -1691
-2156 -40317
2429 -34977
-1330 9434
-2653 -13617
1127 -30705
3297 25276
616 -33642
1582 38804
1568 -31951
-3157 24475
2436 -267
-1050 14774
-896 32930
91 3293
3472 -29726
-791 -38181
21 8544
658 -42542
-140 -9167
1890 36490
-3290 8722
1421 -4005
2744 -37647
-2450 -27946
1365 -31595
-2912 -41830
-1141 -13083
-1813 -33197
-819 -21093
1435 -2047
-1512 1335
-889 33998
-1869 -18067
-3255 -15397
-2730 43254
2107 -39605
2912 -27768
-3045 -16554
2905 31328
-280 6408
-805 27857
-980 -24386
-959 23407
-70 11659
875 15041
2170 -4183
-3136 -39872
-2338 -18601
1981 18512
-1134 -34354
-1694 -43076
-812 10680
2044 -41207
-2037 32663
616 10413
686 -36045
-1925 26077
-518 36846
2842 -14062
-3283 -28925
1015 7832
-2968 30972
532 -13973
-1092 42631
2933 -24653
238 -5429
2807 30794
-1533 26878
203 38003
504 -27768
2863 -35511
161 -15308
2296 32752
3304 34799
-1813 20648
-1827 -19580
-1435 -15308
1750 -18690
2555 -15219
2226 -27234
-1638 1780
-2975 -38804
-3416 4539
1953 890
637 -16109
2611 20114
-2135 -24475
1813 32574
-2191 41741
-3010 -27056
679 20915
-1302 890
-1197 26522
-3059 36045
-1925 -10146
819 178
2534 -40851
2030 -33286
588 19758
3108 13617
2555 4539
-1365 26878
2884 28302
3220 37825
161 -21182
1190 -39071
1722 -42275
-2597 20559
721 -39516
1603 8010
994 25899
1274 13795
-434 89
168 5963
-3003 25899
-2926 -30883
413 23852
623 -20648
-3122 -41029
-3318 -18868
1834 -34532
1001 29370
-1470 -32841
-2667 -6408
1155 -20470
-728 3293
-182 -29014
3381 5518
-1421 -37647
-2310 -40584
49 7387
-1176 2670
434 -13884
-1603 -4450
-2898 29014
-154 -30705
-301 18779
854 18067
-693 31328
-2625 35600
-1498 19491
-2170 14062
-1526 13350
-476 31595
987 19313
-700 10947
924 37736
546 -35333
2359 10413
-2352 -40050
-756 21360
406 16554
7 42008
3367 -23229
2821 10947
-1722 -44411
-3430 -42809
-1365 -23763
161 16554
2205 22784
-2373 -6497
637 -41385
2170 -10680
3423 -9434
1001 -27234
1449 -26077
-3227 -38448
-168 4272
-1232 -41029
-1015 -20381
392 -18601
-3472 -19046
3332 41741
-1827 13350
1106 39338
-1694 41830
392 32040
-3311 10947
3220 34710
-861 -19936
805 -37469
1001 12994
2506 -33731
2289 -33731
-1085 -18423
588 2937
-1015 -32040
-1533 11748
2884 25365
-3339 -44500
-896 3382
-371 28213
2324 -27234
1855 -24742
1281 -32752
-2177 -21538
1512 -5785
-1890 26433
-2373 22695
1974 -7298
1176 1513
-2450 27145
-1267 -29548
-1505 19758
-1974 -34176
-140 -22784
175 -27056
1883 39071
2996 39338
1743 24297
1904 7298
3122 8722
1442 -5785
-1295 -34443
3241 21360
-3283 24653
49 12549
-3101 -21894
3290 -11214
-3087 -21449
-3479 -29815
-3066 3026
-3381 23496
-1848 -19224
189 -34621
-2569 -19936
-1869 -17800
203 -33642
336 6675
2184 29370
2527 25454
1645 -35778
2156 -24742
-3206 30972
-1463 34888
-2688 40584
1694 -35778
-2492 -21716
-3234 -20203
616 40228
-1855 7031
-2261 44233
154 -18156
-427 4539
21 44233
182 -32307
1092 26166
-1764 39783
2828 -31951
-2786 -38270
2660 25276
182 -43076
77 -4361
1176 9523
1043 43165
952 -12994
-49 -7743
1498 -29014
-896 -24564
-3416 9701
2856 2403
-3318 -40673
1736 -25988
-154 4717
-749 7387
1309 -24297
455 -11214
-1302 -12282
-553 41207
-903 40762
3416 -20025
1309 2047
-1316 43699
1162 24742
637 -41118
2681 34087
1925 28658
-2289 25899
-1449 -24564
2765 -38626
-1785 6586
-1001 20203
-3388 -2047
3437 3026
-1876 30438
791 7120
-2114 -1691
2716 -30349
-154 -5607
1708 41741
-2317 -5963
-3304 41830
3402 -13884
294 3471
105 712
1162 -31773
-2709 -34888
315 11036
-1330 26878
-3087 18423
1624 7654
-2177 13439
-1491 -17088
-1680 -42097
2205 14418
2170 23407
-1057 -34443
882 -2670
371 -1157
-1813 32307
-2149 43254
735 2225
-1295 -9523
3423 -40495
2779 16910
2121 -4628
1477 2047
1253 -40584
-168 -9078
-2366 -24119
1610 -32129
-3003 42097
-105 9434
847 11570
119 -5340
1631 37558
-532 18067
511 25988
1995 7031
2268 -5607
2226 -16465
-1792 20381
-966 -7476
644 -35867
-1407 28480
-1281 -21182
1099 39160
-1582 30349
-3059 -44500
-2191 -31684
966 -38537
2716 -9879
-903 11214
-931 -16910
1043 26878
357 29459
-392 -21360
2632 -15842
-1596 -8544
1687 -12371
2317 -33375
-3493 -89
714 23763
896 9167
-3500 16999
-1883 -31061
-1883 -31061
-1883 -31061
-1883 -31061
-1883 -31061
-1883 -31061
-1883 -31061
-1883 -31061
-1883 -31061
-1883 -31061
-1883 -31061
-1883 -31061
-1883 -31061
-1883 -31061
-1883 -31061
-1883 -31061
-1883 -31061
-1883 -31061
-1883 -31061
-1883 -31061
2121 -4628
2121 -4628
2121 -4628
2121 -4628
2121 -4628
2121 -4628
2121 -4628
2121 -4628
2121 -4628
2121 -4628
2121 -4628
2121 -4628
2121 -4628
2121 -4628
2121 -4628
2121 -4628
2121 -4628
2121 -4628
2121 -4628
2121 -4628
2618 43432
4893 46369
7168 49306
9443 52243
11718 55180
13993 58117
16268 61054
18543 63991
20818 66928
23093 69865
25368 72802
27643 75739
29918 78676
32193 81613
34468 84550
36743 87487
39018 90424
41293 93361
43568 96298
45843 99235
6615 -22962
9870 -18156
13125 -13350
16380 -8544
19635 -3738
22890 1068
26145 5874
29400 10680
32655 15486
35910 20292
39165 25098
42420 29904
45675 34710
48930 39516
52185 44322
55440 49128
58695 53934
61950 58740
65205 63546
68460 68352
