1000
-8 -46
9030 2562
12986 3332
-27735 1337
27391 966
20511 2247
10535 -2660
-18060 3444
13717 -2142
-25628 -490
8213 3969
27047 4270
24123 2436
-14577 2226
24080 2800
3225 -4613
14233 -2702
-16469 3241
15222 -266
-26574 1568
21586 -1799
12728 -609
27649 4361
28079 301
5590 -2702
29627 4284
215 -1197
-12083 3983
1634 4795
19307 3850
21629 -1974
-19135 -1421
26445 -868
23478 3423
28552 4480
24338 -2107
8643 3325
23349 -4536
28939 -4144
-215 -2072
-13588 -3626
15996 4109
-19823 -3878
11266 4277
-26789 -1106
19307 1036
-6235 -2037
24940 -4312
-28079 1316
19866 -4536
-18017 490
-4773 -917
1247 -2163
3225 847
20167 -1932
7568 -14
5547 -2590
-6364 -854
19479 -4809
-21930 350
-21930 -2443
-10234 -4074
-13760 4620
-20210 -1057
9331 3955
-19479 175
5719 -1477
27778 -2821
12771 -371
27649 1393
8084 -2632
3139 1722
-10707 -2023
21715 -2114
-27950 -1960
-13631 -4340
16942 532
-13760 3080
13072 3290
-26617 -3983
-13803 -602
4429 -1393
-20984 -1484
-28337 -2744
11008 -4655
3612 4242
27391 -1435
14448 3647
-12298 -854
-29326 -1652
-12427 2177
13932 -567
23435 2324
7009 -1512
8772 -4403
25112 -4536
-1548 -3304
-27520 1078
-301 -4361
23650 1148
24166 -2247
27735 2863
-10320 -3269
2924 -4172
602 -3913
-14104 -2163
11610 -945
6622 -3374
-19221 3472
1075 3318
-8815 -2961
22962 -4060
17286 903
-18275 -574
-11954 -1274
23736 2569
15222 3164
-516 -2282
21715 -903
-28466 -3766
-3741 -420
24940 4704
5848 672
-11567 -3423
-17587 2268
-5117 -2450
-11094 4067
-9933 -2569
-22188 1190
-12986 -3367
-6106 4634
14577 3654
9374 2681
3827 -3927
-6923 -1673
28208 4753
6063 -1078
10019 2261
-25499 3766
-4859 3038
43 -336
-14706 -1218
-12513 504
24209 -3626
27477 -238
-1462 -994
-86 3577
129 560
7568 896
-19694 2996
-17716 -3073
-22016 3297
5547 -3850
3483 -525
-1204 -4277
24037 4732
18920 -3759
21371 -4823
-11051 -3066
-2193 -3591
17888 -2079
6364 -756
-19221 -504
10277 -882
7740 4767
24209 1813
-15953 2800
-1376 -3521
-7869 3570
3870 -2471
-4859 3360
27477 -1183
-26660 1477
15953 -588
23478 -2128
-25886 -3990
-22231 98
25198 1624
9933 -3997
4558 2030
6708 -140
-23564 -378
-12126 -875
-18533 -3913
25757 -4074
-10836 4081
-14233 -1204
-22575 882
-7654 -4466
-12427 35
6493 -2520
24639 -3220
-15437 2086
19694 -2331
-15824 -679
25886 -2870
26101 2702
16383 3696
-14147 847
-10621 2436
-21070 1813
-28380 4571
3784 -2457
-817 -357
18963 2030
-22876 -588
-7009 -4431
5848 -1736
-18490 -4487
15265 4249
28208 -2597
7138 -4648
27778 -1589
-7740 -4655
-5203 -707
21672 1050
-22016 -1512
3569 -3577
9245 -3836
25843 -4620
8256 1141
2107 1106
-13115 462
-26144 -1876
-15179 -3360
-6665 -1029
13889 1750
-27950 3990
2021 -2870
26316 -1736
6923 2569
-19049 -2625
-5203 2310
-16555 1204
-23177 -336
-23392 3682
-1419 -4753
23220 -2828
1376 3024
11180 -2478
25370 3633
5031 4018
18576 1337
19952 -2947
13631 -406
-26832 1281
-22704 -4053
1247 -3325
-20081 -2667
29799 -1575
-19995 2765
19909 -1288
-29928 -2884
9116 3360
25284 -3283
-9933 -4809
11524 672
-23091 1981
8944 -3962
-18490 2870
10320 -1687
28122 707
22618 532
19393 4690
4343 4046
16512 -4144
13072 -2933
22790 3892
6837 -4004
2666 126
-19694 -1617
-20855 -2618
8256 651
-9116 3857
-29713 2499
5504 2975
3655 756
-20984 -2702
-13459 1638
12384 2884
11438 -2877
-21887 4473
-8557 3248
-29369 2464
29283 -1176
-3569 3031
29154 4095
21199 -3507
14749 3297
-11911 2065
24424 -518
-11524 -1638
15781 4760
-5719 -56
21113 2569
1204 -2632
387 1386
-7267 4893
21586 1232
-15781 -1232
-28423 2520
-9245 3703
-29240 3136
1376 -3647
-14147 -4263
-30100 1603
-16469 -616
-27348 3885
14620 308
-24596 3563
860 3325
-28165 -2002
29455 2184
-7267 -1736
1720 441
1892 2240
-25327 3682
25972 -4473
-26789 -4025
-18361 -1876
-19221 -3094
18361 3738
-2623 2625
-11395 -3654
28251 2324
-23650 -4760
25800 350
9718 4284
-16125 546
-19307 -21
-10105 98
19264 -3360
1462 -553
13244 707
19694 -4263
12212 -2149
-22059 1239
3225 -7
-12212 763
-17759 -3626
3139 -721
-258 1246
10019 2226
-25370 4851
-16426 2555
22360 4655
-29971 -3598
-2150 -945
23951 812
-23994 -4263
13674 1554
-10535 -1869
-4042 1008
14405 217
-20726 -3325
-12556 1232
18963 2044
-20941 4088
29412 2975
-23908 -1134
-15824 798
19780 -840
28509 2562
-4558 4627
-9073 -833
-17802 -4473
-21500 3997
-18834 -3556
9890 -1631
13330 -546
26101 679
-9030 -2625
-860 -4753
-2580 -3577
12857 1085
-24166 -721
-3483 4046
2408 1078
4343 -1820
22790 -3738
-14018 -1953
946 -1505
-12685 -1190
13932 -4613
29799 -2835
-18017 -2520
-26402 -154
-30014 3003
4816 -490
-24295 -959
-13803 -679
-2193 1029
17458 3633
29713 2968
16856 -2527
3956 4137
24252 2646
2021 -3668
0 -2856
15609 -3017
-3311 2310
15222 -1064
14706 -2128
-20296 3430
-9804 -413
-19479 3479
27305 3892
9116 2345
-23349 1988
-10922 -3927
17372 -1400
-28122 1029
28939 1953
-18490 -1155
27004 161
-23564 -2149
18103 3906
-8213 -2618
-1591 3640
14448 -2954
3827 -1855
-20511 350
-1720 -2366
-12212 -3052
29068 546
-8557 -1554
-6794 -686
18834 -4333
-18404 945
-5117 -399
-2279 -3115
26445 -4711
-4902 -3514
-19823 -833
16211 3920
-12857 4074
-2494 2492
-28767 -238
23650 4557
11782 -3619
1333 4319
10406 4697
-4343 2975
-13588 581
14749 3570
19651 2660
5461 4501
-17888 -1946
-29584 -1694
1849 -735
12857 1624
6278 -1694
1505 -1274
-25241 4214
-10105 -4802
12298 1281
-8342 -805
-11008 4431
1462 -1827
-23435 -2100
-15996 -2611
21586 -273
-20941 1827
-16727 -2534
23306 3080
-13846 3563
19608 1680
-28939 -3346
-2279 3129
-26058 -63
-3956 126
27692 4886
16813 3682
17716 -1232
19221 1575
2021 -1568
-20124 -196
-18318 2254
-25284 -1162
6665 -3094
-13115 4214
14663 -875
11954 -4165
4773 4116
516 1974
-18705 -105
-3139 -728
3913 -966
-2279 -2065
22016 -4536
17759 504
8170 2751
26230 3927
-22661 4774
0 -3948
9847 -945
22231 -2317
21199 1225
-18103 -539
903 -4291
-19479 -1302
19307 3185
-903 4123
-22188 -4347
-24080 4256
-5934 -4823
3870 -3710
-26832 -4319
8772 441
4171 3038
27606 3948
-172 -3325
2064 -1708
27907 4529
6923 1960
13072 3682
10578 56
-17673 1043
0 -679
18619 1379
27692 -4564
-28294 -4599
-4558 2919
-8686 112
-5719 3213
3956 3192
-15566 2604
29799 -3381
-19608 1932
6149 2422
-22016 3248
21328 973
-9589 -840
27692 -1582
-172 -2352
-17028 1876
-3354 224
-20296 28
-18920 -1428
29111 2744
-6278 2156
-30057 4095
-14491 -1078
-29971 -2198
5590 861
-27176 1155
-23435 3633
19049 -3752
24381 -4620
-8944 -1904
15265 -763
-6020 -3542
3397 -2485
-10621 1211
1161 -756
24123 -952
2494 -3983
-20124 1918
16469 -1785
-28294 -833
-8729 1981
-23392 1526
-9245 1771
1161 2303
-21758 -3220
20253 -1645
-11997 -3423
-15394 -2905
10406 2891
20253 -4312
731 -2184
-9890 4662
5977 -4599
23607 -4242
11696 2233
14405 -1988
-24037 1729
-6880 4095
-16340 -4809
-24209 -2800
8471 -1463
-1591 -2240
21328 -539
-28939 1036
6493 -3661
23048 -3276
-24424 -707
-6278 -2912
-2236 616
11180 1183
-20640 1547
25886 -665
8686 -3955
-22919 -2716
27907 -2044
26402 -1400
-11524 1568
1290 2352
-17114 -4221
5117 1512
14319 -2681
-27477 4263
17630 2387
-3010 -616
-10492 -1680
-9288 -3815
26574 -1960
-903 -1785
22747 -2513
29928 777
-26617 2058
-14061 1855
29971 -2667
-27305 847
4988 -1211
-12685 -3549
-24811 -4683
22145 2653
-8471 -3962
-22833 1337
15136 756
-16512 -1344
-6063 -2597
12599 -1967
11008 3472
-5074 -959
4429 -1106
6966 -525
-10406 3521
9073 -406
29584 -2289
10062 -3129
-20554 -4844
-29799 2989
-26187 245
24252 -644
14147 3724
-9976 -3227
-8600 3003
-29412 -4697
10965 3087
22661 875
10879 1785
-14319 196
17630 1645
-21887 -1918
20898 3115
18963 4011
-6106 -4627
-18834 4130
8514 1239
14534 1645
-5504 -980
-10234 -2632
19651 -3549
-19651 -1505
-26617 -4242
10922 -4270
14835 2674
15222 4158
-20554 3276
8901 945
14749 -840
43 2723
-27219 -2492
22747 -1624
14276 812
-30100 2590
-9675 -2240
6364 4270
7095 1939
18662 -3472
-13201 -504
8557 -1162
731 -4340
-17630 -4312
17243 2275
-22962 2030
17888 4102
28638 -623
6192 -2303
19393 -21
-3010 2695
-9202 -3122
26316 -2793
22919 -658
-20296 217
18318 -4529
-19135 1883
11782 -4151
10277 -154
-12470 2709
-13330 -1057
1204 1799
28380 -2149
-25370 -1001
24381 -4242
22059 3080
-12298 -574
8428 4298
7912 -3794
-16512 651
-28896 -1344
-1333 -4508
-8471 4634
-20339 -1981
13029 2534
-5934 -2135
16684 -2226
3526 3738
-21715 2184
4171 4326
11782 -4578
28165 21
-2279 4634
6106 -1687
-6794 1799
-2236 -4053
129 -3899
25456 -3682
21930 -2793
-16813 4585
-21801 -2933
-3096 -2401
-23134 -3276
3870 -3220
10621 -2009
-24983 3108
26660 -805
-21500 -1729
-1075 -3815
-28681 -2520
-19178 364
2838 3850
24080 4137
-8643 -910
13631 -2247
-22274 -3388
12040 4130
-8514 2555
-1591 -4410
1849 -168
-24983 3759
-2494 -1106
-15523 259
-602 -2149
6665 -1694
-22145 742
5891 -1722
12900 3521
23091 4655
-21156 -924
-5203 3374
-19307 3598
-13072 4599
-1075 -1260
-2623 637
11395 3325
24897 1743
-2107 -3220
23005 -3304
-16598 -2534
25843 -3367
23908 -2520
12599 4032
-20124 4592
9460 -742
4171 -3815
16512 3682
1075 -119
-29369 -2135
14362 3423
-4601 -518
5676 2800
-731 3010
-8041 4480
-21758 4774
-8385 -2989
-12814 -1428
14921 1603
-20812 -4508
-11395 546
-13459 -3374
6493 1036
-2279 -3080
-516 2681
-8643 -2814
-18490 4417
-2709 3003
8643 -1092
-26101 2835
11868 2660
-20339 -4851
17157 1113
-15910 1778
26746 4340
-14878 -4431
17157 -2926
-10664 1498
-28982 -1239
-26273 -4270
18490 1666
-22747 -2877
17888 -1491
-27907 693
25370 539
-18490 168
-2150 -2485
23736 4893
4730 1631
5203 -2569
1333 -4676
473 231
28294 2793
20425 2429
14147 2037
5891 4473
28767 3143
11094 -1456
-25456 3668
-23779 1099
23134 -4004
-3784 903
24080 -3094
-6450 -2030
-22876 -1176
-16512 1015
-387 4753
19393 4137
-11997 -4277
5676 -2618
-15394 -2268
-28509 420
-17458 3836
-24338 4256
19479 -2016
-26230 280
22876 -3815
-11223 2898
8213 1799
6493 490
17544 -4480
2924 2051
-28380 -3794
-27993 3836
-21199 1932
-29541 -2254
-23134 3199
11524 2891
24553 -4438
86 4529
-17544 -490
-28380 -3528
774 259
-9718 4746
19952 2359
29541 -273
-23349 3255
29756 -3360
16512 -637
-20941 4627
29111 -2555
-11309 2317
27004 -3668
27563 1204
-6020 525
4386 -567
5762 -336
-27047 2009
9675 1715
3913 -4123
5246 -3626
-20984 4774
-17028 980
-19995 3878
23650 2233
14964 -2576
5934 -2135
28724 1932
26746 4578
-13588 -2499
-2967 -4228
6106 -3710
11653 -1477
-13717 -4669
-21672 -4809
-1677 3451
-15222 -980
14878 3108
25499 -2667
-4558 -945
-8170 1561
29369 -1533
-16340 -1932
30100 3332
-13760 -2912
22016 -4466
-8084 3325
12126 -1764
2451 3906
-15351 -2660
1419 -2065
30014 -1680
3526 1365
-20898 2793
11223 1008
2150 -4459
-16426 2387
-24338 1407
-22833 -3290
4644 4207
13889 539
-13545 4613
-27520 -3990
-10449 -784
8041 3017
-17415 1092
-26918 1071
-12986 4865
-20124 1232
-10578 3836
10578 -3416
11395 -1141
23392 2009
-645 -3640
22833 238
2838 -2247
-5031 -420
-15695 1883
20941 -2660
16641 868
18920 -3759
18920 -3759
18920 -3759
18920 -3759
18920 -3759
18920 -3759
18920 -3759
18920 -3759
18920 -3759
18920 -3759
-28380 -3794
-28380 -3794
-28380 -3794
-28380 -3794
-28380 -3794
-28380 -3794
-28380 -3794
-28380 -3794
-28380 -3794
-28380 -3794
24080 -3094
24080 -3094
24080 -3094
24080 -3094
24080 -3094
24080 -3094
24080 -3094
24080 -3094
24080 -3094
24080 -3094
16985 2765
18017 6118
19049 9471
20081 12824
21113 16177
22145 19530
23177 22883
24209 26236
25241 29589
26273 32942
27305 36295
28337 39648
29369 43001
30401 46354
31433 49707
32465 53060
33497 56413
34529 59766
35561 63119
36593 66472
-14964 3556
-8987 5285
-3010 7014
2967 8743
8944 10472
14921 12201
20898 13930
26875 15659
32852 17388
38829 19117
44806 20846
50783 22575
56760 24304
62737 26033
68714 27762
74691 29491
80668 31220
86645 32949
92622 34678
98599 36407
