1000
13 -49
3536 -3520
-949 -4026
1924 4840
-1274 -858
5577 143
5044 -1309
7358 638
2379 3135
-2457 6567
-6838 -3322
6162 -5368
-429 803
-1755 -5896
-1365 -2904
-6266 1936
1027 3168
-4667 -4565
884 -5544
-5629 5038
494 3938
5694 6391
-754 -4631
-7306 2651
7332 -4257
-1404 -5445
923 -3102
-1053 297
5486 -2134
-1235 528
-3068 6028
585 -3267
6851 -2431
-897 5830
-2184 6457
6864 -2530
-2327 -935
4927 1848
-7709 -1595
1898 3608
-6773 3762
-871 3597
-6474 -1804
-4381 1914
-2418 -4422
-663 5786
-6318 4455
4615 -704
65 -484
6292 1331
1547 5500
728 -6358
-546 -5258
-1755 5632
7371 -2860
-5213 4158
-1807 -2497
-117 -22
1170 -3102
3991 -121
-247 5379
-7254 -4213
5330 -2959
-1651 572
4953 1694
5395 -6402
4615 -2860
-1846 451
7787 3421
3276 -4565
845 -3014
1040 6446
1079 1683
5096 1617
5577 -2596
-2808 1133
-3757 253
4238 2453
-416 -6105
-2093 5896
2886 979
-3692 4642
4004 -3586
2028 517
5538 -5324
-260 1331
4576 -473
-3770 4444
2002 -6325
-7644 -418
-1040 1155
7592 -1463
-5954 3190
6149 -3267
4667 2288
1118 -2838
7371 -6479
-1287 -2299
806 5698
-7241 2684
6435 6006
-3913 -2233
377 6094
5434 297
-5343 4389
2990 -3652
-689 -3135
1274 -4224
7605 2123
-806 -6270
-6916 -5555
6318 -3872
2743 -5533
-4927 -1804
-7722 -693
-1209 3784
104 286
-1573 -6556
-1300 -4851
-299 264
-728 -3729
1560 -3707
4862 319
-7332 -5225
-2808 -2079
-2327 1705
884 759
-4641 2717
6175 3828
-5694 3168
2860 2970
2886 -3157
-2990 6138
-3679 -1364
-7358 1034
7501 1100
871 -5544
6825 -4334
-3601 3641
4966 -4114
143 -462
5902 4862
-7111 5841
-6838 5610
6929 5005
2457 6314
-6734 198
-3809 -3487
-559 4565
-2535 -5830
1118 -3443
-6578 2211
2795 -4741
6084 -693
1391 4587
-4602 1243
4524 -2596
7553 -2882
6617 -5951
4147 -4895
-2015 -3982
2782 -462
-7774 -825
2067 1716
5551 -3718
-3705 3212
6006 5357
143 -3476
-7670 -5676
1950 -44
7579 4708
-1833 -1782
-637 -5940
1638 1639
1365 -5071
3588 -4356
442 -2024
-4758 -2332
-4212 -6094
1495 -231
-7163 -5137
3120 -2563
-4667 2706
-3133 781
-3939 -121
1612 -1375
-3250 -4818
2964 2937
6474 5346
3523 -4598
2795 4763
-4498 -2970
-3354 4114
-676 3883
-4251 517
-5109 5577
3250 -5907
-7527 4169
-5252 6094
3367 -3828
1768 -5357
-221 -1474
-1001 6171
-4043 869
-5980 1727
-3510 -605
5460 6248
-5382 -693
403 4829
5083 6127
1235 2299
7241 770
1599 -5060
4316 759
702 3201
-7072 2849
1911 -6171
832 6270
-6500 -550
7644 -4939
-1521 3564
-5772 88
5694 -4125
1846 4114
-3445 -1595
4173 -1375
4108 2233
-3991 -5225
-3757 33
611 5137
4914 -5962
2132 -6523
-4355 -4114
-6370 -2189
-442 5500
1144 1573
-4953 2002
234 5126
4927 -3025
975 5247
6279 -6336
6630 -5698
6279 5357
-5694 -2189
-3133 5588
6825 3773
-5915 2354
-6318 1980
7722 -1078
7618 2453
3705 -6545
-6890 -506
-2249 -1958
3042 6281
3653 -4532
-5005 -4752
-2171 3256
6461 2299
611 -6248
3952 -1144
-416 6182
2535 -2860
-6058 -3685
455 -2024
-4186 -3872
-923 -6270
5499 -3883
4888 -4499
5642 -3740
-325 6017
3302 -6347
-1729 -5049
-7176 803
-3003 924
-7657 -2640
-1261 -5170
-858 253
-2678 5544
4901 726
-6084 6050
-6812 -792
-7488 473
-7358 -5698
-5590 -3454
-4836 -6391
-4134 -792
-5122 3080
2379 2640
-3497 -6171
-2938 -4334
1404 6138
4784 4081
4849 -5071
6123 -4851
741 -4785
6825 -363
4810 -352
-3887 -671
-1911 -3718
-4108 -132
494 -660
-689 -33
5733 2904
1729 308
-78 -1386
5993 2145
-6032 1606
1963 3531
2457 -6094
-325 -66
-5798 -4477
5772 -1342
3497 -286
-260 3762
-2587 2354
7618 759
2444 1683
-1209 3652
-6695 -33
-2431 -4290
-1027 1199
6955 -1199
-3029 -2794
-7631 -3454
-6318 -704
4303 -4400
1534 -1045
2171 -2046
-3211 -1430
4446 5852
-1911 -5874
-6799 -5335
-2457 3366
4966 4400
975 -2959
-26 -1320
-78 2684
-4745 -3938
-2132 -1848
663 682
-1625 -6523
-4615 -759
-1430 -1639
6864 -5170
-5889 -2233
-3042 3080
1053 6479
5486 6545
2860 957
3068 1892
-4927 3179
5395 4301
-2522 -4543
-6448 3080
-6981 -6556
-4511 -814
-949 5896
-962 5159
-1326 -1485
6851 -693
390 -3509
6890 5269
5330 4631
6253 4004
-4004 5445
-2249 2695
793 4312
1768 2387
-845 -1100
7319 2090
3562 -1430
-5798 -682
-5967 2486
-4199 -4378
3575 -2134
1430 -4873
3159 -902
-2990 2211
-3549 2288
-4316 -880
-7059 -4818
-5915 -2970
-884 5170
-26 -5709
-754 803
-2548 -4048
-4914 4389
4277 5830
1313 1683
-5031 1485
4433 1353
1456 -319
-26 -1210
7449 6127
1352 3399
6396 6149
-1313 -4048
5135 -2376
2197 3421
-3588 -264
-6695 1023
6617 -1628
4004 3399
6201 3377
4264 4323
6825 5544
-5486 -3443
2080 -3762
-7436 -6281
2366 1287
-6552 3223
-4004 -3784
-3471 -3696
-2548 3685
-5928 -594
7163 2464
104 -3025
6968 1078
1573 -3146
3107 3025
-3952 -5335
-728 -165
-3341 3333
2197 -1540
6786 -4169
2626 5841
-1729 5819
-104 -3201
6487 -5984
1573 6501
-910 -4565
1924 1793
-5616 -2024
-2457 2079
7007 -4840
5785 3399
1287 -5258
2002 660
3302 2266
1170 -2772
3393 -6083
4277 -4059
6994 -2915
-1482 -3311
-4212 5104
5213 1089
-988 2926
-6500 -1386
5018 5170
-4381 -4235
5460 297
-2041 -1705
-5109 -22
-1001 -4565
2418 1430
5707 726
-1677 -44
-5447 4642
7540 5500
-7410 -4477
4706 5137
-429 6556
-2496 748
-4537 -1221
-6487 4928
65 -913
-5486 -66
-1508 -4125
-5109 -6545
1118 -3850
-5928 5467
3549 -5214
-7306 -462
2054 -4433
-741 -5357
4836 2805
6253 5137
-6669 -2376
-2782 -5764
3185 3410
468 -5016
7761 4620
1196 5742
-4290 3091
2041 3377
5369 -5467
-6006 2750
4407 5401
910 -5434
-117 2750
7553 -6545
1352 -1111
611 5621
6071 -5544
-6838 -2882
1365 -1617
-2145 -297
-7462 4917
-416 2134
-5590 -1991
4459 -1474
5642 -5599
5005 726
4979 -1639
3432 -2904
3744 -2695
-4784 -4213
2847 5973
5772 -4697
6890 1496
-52 6534
-5746 2431
6019 2068
1339 -2112
-4654 -3707
3887 3916
6162 2024
7462 374
7410 -1287
3029 6061
702 -4543
-7033 759
-5642 -2827
1599 3113
-2340 -1023
-3549 -561
-6344 -4664
-3757 4510
-4719 4983
-1456 1793
-3237 -5027
6695 5104
78 3465
-7215 -2651
-2015 4928
2366 -2288
5083 -4224
-2184 -5973
3419 22
-221 2948
-3393 4631
2782 5258
4576 1991
2093 -1518
7189 -3905
-1820 -3597
-5044 4499
4771 -4785
-2938 -374
7150 5456
6032 -3509
2288 77
-5850 -3850
-6734 -5764
2951 -880
-1768 935
-2288 -4466
-546 1925
-2522 3146
4576 -5654
6344 -3234
2119 -1199
7150 3003
1482 -6457
-7735 198
-6929 2167
-5356 5137
5005 -4620
-312 -1485
-5070 -1925
5057 6545
-1014 -4345
-7605 4895
-6890 -693
5460 -2750
-5213 4356
3796 4092
4940 484
7046 -5236
-7267 -2794
390 -1430
-1755 1837
-7436 -583
5733 3388
4979 -1133
-7683 -1364
6760 -1595
-1300 -2079
1196 473
1781 -770
-2639 -5467
-4108 6314
4355 4642
-2223 814
949 2266
-5785 -341
-4732 -1694
-1690 4400
3068 -1507
3783 -2585
1248 -1529
-2353 -242
-5928 3872
2054 -4147
-7202 -2530
7605 5027
6721 5907
3848 -2090
988 -2904
-4368 -2167
2392 -6105
-39 5049
2574 2585
-2314 -6039
3744 -2486
2535 880
-6266 -3223
2782 -4763
-3289 1716
1703 -3289
7098 2464
-182 -165
-7345 1826
7085 -407
6383 -418
2483 -616
-4238 -4015
-4641 3322
2834 -5291
-6643 132
-7306 -5060
4615 5830
-4810 -4631
-5369 -4565
3341 6116
3302 5731
6110 -1529
-5954 5291
1573 -1661
-1612 1243
2379 1166
-3653 5973
7683 1034
7683 -5181
-6734 4444
-2418 -2640
-6695 3157
1508 2849
6279 -286
3744 -6171
3523 1837
2418 -1364
5005 -4433
3783 583
2080 -6292
-5993 4169
5746 451
3146 4587
-2405 1529
6942 3047
-7176 4334
3874 -6292
3497 -2123
7800 1639
7631 -4653
6617 2618
1274 -6512
-2106 3025
5369 5379
-1456 -2035
1846 -4059
4004 -2640
1222 -5764
7605 -6237
-208 -3872
2054 -11
-1300 -594
-2002 -4763
5863 6314
6682 5698
-1872 -3245
169 -3256
1079 2475
-4537 605
-7553 -3124
1677 -6149
2340 -5896
1482 -2189
2262 -1903
-754 -3234
-6851 -2343
585 -6072
-2106 3179
4381 -143
-3419 -517
1261 4202
-1729 -6028
7163 4334
-4121 -2849
-5720 33
4888 4796
3328 -5577
4043 6402
-2678 6248
-1833 198
-806 5984
-7787 -5038
-4355 3894
6604 -4510
6175 2838
-1066 5522
6383 3729
819 -1947
7124 -2255
-7397 418
-871 4411
-3055 2541
-1235 -330
988 4004
-2015 902
4810 2178
7514 3355
7111 -3135
-1937 3179
78 -2024
5902 -1716
325 6435
1690 473
4121 -5126
3510 3685
4693 -1958
4108 -165
-5707 -3487
-7397 2893
5148 -2981
2496 -2860
-429 -2068
3692 -2288
-3081 4785
-2938 3564
-3263 3520
2912 3729
1183 4499
5369 3784
-4160 -3531
-6331 -4356
-4160 -6270
7293 -3289
7397 2937
4277 55
2392 -4598
7475 -4378
5460 -4609
-637 5544
3484 748
-7475 4686
5083 -770
4264 5005
-1482 1254
5655 3883
-2873 -2222
3367 4345
3302 -924
1209 -3971
-689 -1705
6838 -1199
-5031 3762
-312 5874
-1742 1188
-520 -6138
6136 -198
6656 -3025
-7124 5082
1079 5192
-2418 693
611 -3267
1014 -5467
-1755 6347
6890 -3575
4823 -4686
6058 -4862
2444 -2772
7202 1683
-7384 3113
1560 3157
-3445 -4059
299 -6468
2314 -4180
-6331 671
-4186 803
-585 4708
1495 4983
6799 -1298
-4108 3091
-533 3146
-1014 5027
832 3157
1937 -4147
-5135 3047
4238 6138
-5655 -1936
-104 4554
2756 4719
3107 5335
7696 -5698
5018 -847
-5382 -1265
7202 -5544
2392 -1320
-6006 5291
-624 -3344
-5148 -1892
6695 -5060
-4641 -5225
26 2068
5356 1089
4862 -1859
1729 1287
-6058 6259
6786 -2255
351 1573
-2158 5313
1937 4125
1820 4598
507 -6435
-5980 1144
4576 5984
-481 803
143 1727
-4914 2233
-1248 -4169
-2613 -3916
-6188 682
7254 -3982
3965 6017
-5226 5071
-1157 -5863
-6851 -3773
2964 -5775
3536 -1430
-5629 -4587
-3692 1419
-1612 5412
-1963 1771
-6201 4433
7007 5159
5421 -6358
-2392 -1023
-3783 3740
-7345 -2255
-1300 1727
-1430 6094
2977 -3729
-6383 -6281
-1339 -418
7215 2288
-3653 -1133
-5551 1551
364 6578
273 4411
2613 -1177
780 -6105
-5499 429
4381 5995
-2457 -1848
-5785 5401
-6656 -1177
-1794 -5258
-3406 6479
-3835 -5159
-2795 -5335
624 -902
7293 -3223
2938 5016
2353 638
2938 5225
-5317 3234
-2366 -5280
-7189 1485
7020 1023
-3406 -6578
1144 3333
-6396 -2475
-2184 -5764
-7202 -1430
1807 -396
273 -2882
6500 5929
1677 -5786
-3055 -1694
-4251 5126
4368 -3476
-4368 -5159
-5798 -2398
-7475 -3443
-1482 -3168
-3276 5643
4589 -2673
-4160 187
832 -4037
3575 3993
-26 5203
6006 -858
7761 -4521
-3536 -6567
637 649
-7163 2431
4251 -6127
-4680 -1958
-2938 -176
-6799 -1254
-3081 -4422
-4030 3630
3562 -5500
5577 5621
1859 -2222
5304 1837
676 5291
-6357 -6116
3627 -5632
-2977 -473
-6955 -5302
-4940 -2519
-1846 -5214
-2834 1056
-520 4939
-7046 2398
2860 5467
-1547 -5632
234 5489
7787 -132
-689 -3135
-689 -3135
-689 -3135
-689 -3135
-689 -3135
-689 -3135
-689 -3135
-689 -3135
-689 -3135
-689 -3135
-7176 803
-7176 803
-7176 803
-7176 803
-7176 803
-7176 803
-7176 803
-7176 803
-7176 803
-7176 803
5135 -2376
5135 -2376
5135 -2376
5135 -2376
5135 -2376
5135 -2376
5135 -2376
5135 -2376
5135 -2376
5135 -2376
7436 9768
11570 13805
15704 17842
19838 21879
23972 25916
28106 29953
32240 33990
36374 38027
40508 42064
44642 46101
48776 50138
52910 54175
57044 58212
61178 62249
65312 66286
69446 70323
73580 74360
77714 78397
81848 82434
85982 86471
7761 8800
11141 11605
14521 14410
17901 17215
21281 20020
24661 22825
28041 25630
31421 28435
34801 31240
38181 34045
41561 36850
44941 39655
48321 42460
51701 45265
55081 48070
58461 50875
61841 53680
65221 56485
68601 59290
71981 62095
