200
773112266 40178 168632 54187703 167479357 73937
273020619 124749 142514 637523914 725310543 156103
459789256 64975 7263 209070368 532858824 38880
111079484 71293 68332 590661764 837083851 135164
866176231 47066 111316 120692846 639288497 158822
27396903 170303 159848 57222426 300417523 53839
782532969 79511 9941 175272451 242322225 172175
384342819 91455 11054 347938658 432969911 190731
122570115 144254 52984 219319505 988746347 148795
340012351 98425 34705 219925609 421397923 135532
478620349 24003 116460 261153318 641711721 190118
816984173 70695 162292 53843345 958171939 97086
243658204 34000 14906 366228319 855587531 89982
74907035 159279 38776 267435741 617387879 153915
38785802 68034 16535 517406151 557499823 72668
51727898 186485 62785 680387670 721228425 62896
491075963 179691 159983 248219930 734734167 74073
956323815 169868 164056 320457837 883747205 99281
937845716 3402 53195 846480667 976631518 147292
256496843 129814 19959 32643550 160741095 165111
713031221 162000 155097 204107183 463071094 153748
711291025 144146 27820 316120592 520131193 71379
636578429 48886 170660 426940498 989257234 87090
688254254 147763 34381 34804839 944751097 81667
67448390 118353 173867 780479611 890489804 176873
206077251 171131 57709 59725572 917368276 14373
228362518 131584 85752 443987688 717457301 192079
285761275 134445 79168 512611860 974015529 79123
547416699 149157 87879 243468727 614865089 137724
133958530 117798 41685 192552135 364817842 109864
277059768 112013 51326 505422287 923375302 195565
219879343 47668 187643 310510755 505640618 48749
823122615 34537 54961 370539313 469391040 194478
712859767 131676 59290 25854601 699334651 77328
390672443 54548 114281 118377150 667732212 65725
894268806 29774 61289 114148148 511007086 180669
821517841 169921 156507 644640455 974614330 91785
296521723 154309 13351 142696695 861897844 146780
21067650 27795 151197 141283050 264256448 179002
112176554 158174 171816 6445360 729923685 182908
93447125 9125 90666 583309052 914964966 119715
410439735 185730 11499 193473093 706961458 173549
188686142 24580 120328 62270147 886461807 124963
27744856 64091 31053 139921410 682552767 78131
264992805 163062 188129 358439930 622102387 198531
205411438 180145 118245 120093564 615851173 123109
313566657 8772 96657 285161867 354769154 37216
24140027 15597 162179 51884883 135890366 112429
670959487 196100 117649 313287816 935952292 185752
935390203 38749 111371 140801640 952423656 161123
72517219 13537 11320 238600230 432029468 166418
717191335 179140 3633 648202977 741331363 124373
636609697 86132 163891 89409767 160085537 32349
402697584 41495 145190 148680988 338087786 199126
101104643 13264 87337 26138216 397833789 137123
682379611 133724 103541 252087300 886922297 8697
387641627 75 60159 876767678 936095886 48031
25505653 159769 80380 188607205 280719591 199285
337288193 9219 125499 290909190 513230049 45821
763580192 38583 182945 247300632 445959803 38614
134222928 120748 174401 374380909 488450354 64422
277062594 112788 112453 155084601 805003670 2013
993610876 72582 1297 98409382 183415422 117243
611639431 193812 163064 36637576 227735977 87413
283938208 159582 53116 270677491 679010814 172267
167461167 116254 36689 136361812 444523761 365
941365482 196154 2378 74479105 787492711 20371
25404842 111741 64703 637044273 663108867 170928
699746443 27953 185430 685395960 836201005 67963
216923127 120240 167320 384384295 449965833 21003
586327645 80239 148459 372683255 380209480 13445
299678714 8691 33816 321449128 325083556 40111
984557995 53374 138128 536820791 807890365 14932
345802679 16281 9984 331743179 562725806 22457
781709012 108401 43461 220553010 352595402 76578
577795011 69845 90023 452612888 877473725 68361
774062016 76536 108472 611136365 656660283 151417
317067001 24335 93438 272841981 662869680 106451
604585160 7815 128908 47926454 238810525 78330
253038210 18466 154908 167016236 830833221 15496
619629124 22948 10946 129427221 246207493 134573
786087504 20196 13079 103154504 474446903 137447
747288884 137029 43897 137555530 204390397 193708
37998338 126442 72037 143552902 169150752 98343
336166988 126055 40928 724757625 808312466 109689
854184846 98382 171351 344125297 492788703 135230
818572201 18036 199766 348283895 418377438 164723
338355779 70645 158430 228870471 533804754 16512
555471861 111591 41944 362766548 891638849 64907
87524172 134748 101685 794225373 900042628 129732
96684279 111644 64961 109657317 767772834 144342
457941212 35477 109064 314234783 796296992 162338
848039537 79229 105940 152323669 256027751 182954
515090217 30756 47860 455130743 594773476 66961
347332458 149669 196694 296533091 639669509 100604
749326826 180560 172035 59784392 903025550 77104
69776686 2771 39441 597812078 917816224 160197
750135747 20354 143150 117742317 879855509 187288
327145339 140554 54249 532419974 674477797 1034
24605836 166775 28727 773932663 934957007 107888
690498911 8949 112081 99539307 760275597 522
697351385 151082 160720 300003485 545774164 138715
425629672 21968 126003 606570553 752775011 162764
138990526 85372 90887 16112717 147184970 36431
934658332 47465 71408 477673596 589664361 65094
689203669 189189 65617 239071407 407142305 72198
952916469 184384 10912 231062495 481808760 27588
88379313 98434 117442 79886193 424513017 188433
571697988 55032 151953 358872673 750033336 142087
192214050 61027 7180 85655643 881417719 78526
492797948 153312 77813 298230771 897747183 90620
232072296 79819 45297 172967963 554308113 169985
978821131 98157 85506 403035472 469287623 104336
71837312 114998 46422 264051362 650784278 58356
588956275 180579 63971 62261290 81754222 100185
960008473 84687 190805 44597123 630894749 163999
185202862 125930 133983 15434161 16540346 173721
337238138 184038 78056 409075450 734102705 118449
237403336 32258 103894 789021780 826359611 26385
851283071 163827 126570 663807897 782179513 196480
413074262 80566 160479 196612477 450793478 131488
64562993 41039 105208 254317485 500027576 184621
234130281 161920 30158 471533617 563801995 8830
205340129 83184 35215 184975024 909139554 61677
967154537 6248 58157 99014398 232745152 135213
295626876 167275 66700 212706223 344537126 21373
844564702 82260 5993 78694982 364573091 137942
928375087 24381 146772 91918022 986231570 161648
129409400 197950 150414 96563937 585012122 102444
684026520 81384 37657 832169750 938385439 70749
135438918 130444 92123 717743381 980003620 10401
82316472 115536 75432 256468288 863207913 30236
200902665 131279 118973 109739774 330312065 68869
547268250 5046 98403 83811124 855022793 171296
645924585 94595 169135 249353374 781363503 80408
967096756 13551 90809 44456398 49413227 133669
300924687 115533 90994 152579662 501827352 135257
114835790 6441 131216 470545928 514620395 23528
178085075 92767 121913 537117136 676526014 4319
786470511 6482 84727 753567266 883229449 88571
927685847 68865 149329 81126887 109717034 151325
114813050 177378 86582 197311894 229648840 60515
667857823 174505 11132 293673738 698459252 178392
830790874 78271 182711 469777738 658088044 60978
393833846 97151 149549 174036046 610096155 161659
719813189 66288 112983 254449936 834626239 186851
451761831 144451 174455 731727612 972136008 186908
877917704 45722 92388 423453199 561224932 197516
81541242 196715 58494 475375088 662302176 2889
124914684 161099 164548 145033110 844727874 62808
251999401 131274 176748 185803742 703761232 10951
917531355 63879 124948 352038450 647965412 184299
775491649 19523 108904 136344009 857032892 118410
798646185 102529 48388 290592169 923560869 196994
435625280 144645 186892 687624681 740084617 96048
925888359 114841 106999 349707557 695936067 16851
701746007 176371 1149 11605950 477237656 180969
466313 4539 26467 293235624 799112498 181846
583827793 14880 105929 19453072 246687847 186311
986772464 183548 9447 186231408 765177177 23030
535938965 75481 39881 90201326 583181857 31146
447304161 5262 139204 447770474 669413149 198829
962648773 40526 180674 546476565 949587244 38901
196275090 33600 152301 35563908 694425619 54173
733173381 5283 77203 121628699 724616476 28966
160314686 12294 60112 69144991 607618847 184045
738558140 92076 182873 664063011 701206912 194332
613650254 104327 160322 662441699 739346622 197119
286288594 1459 178381 19461974 160734636 79971
885351112 26846 36026 45665797 302772742 198470
371917734 149633 182514 110475873 145247433 190821
809310445 183110 112241 275477052 360416327 109063
99762949 112273 33270 238567897 583116648 140675
743851284 194324 147735 481718749 920552861 99001
75841957 6988 97470 222562733 447759691 144866
220326520 99547 62775 29636964 118293245 24584
331225927 174667 60736 283505230 427289076 65518
10405723 32746 133282 549161903 754257007 91667
322231118 191867 190668 398073075 898208344 23538
973287431 95209 95493 193613951 373923714 161892
344733313 60373 113565 675959240 818444131 59673
98249560 195398 52281 108655283 156761015 25067
558439273 193669 116734 12390595 880670391 137073
763115293 122627 87700 132428495 736402724 129117
358868563 68550 91008 261262318 703601876 154220
932222803 105964 140982 6228481 30472362 116952
162989496 178826 69108 605780521 721428769 13240
470687470 20331 150313 114748530 233802762 117727
99693379 75384 46843 329472670 458561942 80098
590734988 196604 34317 375474144 943512283 139478
949740764 168562 183519 308681018 965246614 189042
766977893 165557 2281 103996405 237665362 182860
71261289 44785 100586 23471022 644328389 25555
973801060 139460 105654 417052401 885867581 117585
681896217 169449 184152 145665828 484153334 192702
454346846 74475 181743 73841093 726448663 99899
682961422 190798 82758 409764720 606739066 6937
54093109 184953 32493 12256561 880410523 173529
898124142 59385 18202 239230030 432536712 85463
384895858 97114 5253 257899967 839242704 74233
