300
205575275 124383 195735 181177724 555658474 122327
881658807 87038 78756 348848526 667229547 96343
452629673 48880 5092 200829004 845333378 60703
657105422 188827 20014 236736867 781617151 198669
71556941 39677 73838 277132216 995574037 3929
29268114 101176 5489 535795891 910926921 130864
884644417 37129 106706 189790443 958695801 34697
656545533 31989 194654 166167308 427027949 157177
516281170 73503 94959 436720363 587838112 63421
284810753 92549 186714 91399180 314078867 177245
479711425 130627 187424 216872195 405701872 196247
216914027 60105 190194 725975914 960096894 134623
239641196 53693 157665 290933649 755922367 35940
580170366 75600 158946 144773871 864981119 211652
88689405 192041 87938 568400830 663853075 89456
69554947 23668 51795 138985328 947293508 12766
759906756 81014 12770 979944605 999547952 82340
123394607 77238 137393 703564974 996357819 75988
141131689 96176 153615 82337448 997698203 195321
514067632 171092 4123 436138933 522929462 137103
322739323 24996 195395 82646078 718714602 146137
551175560 32778 94343 115315591 527086522 7471
111673409 182254 22775 105321452 952088188 135072
802302745 145031 110078 168886730 665251536 22913
40697351 97210 66114 215953029 339650993 194775
58365595 196762 20417 462057509 694360101 114991
809675692 73586 101520 773865456 892987393 75392
697591934 154864 69659 19632081 352411032 115393
537399971 148117 117794 578097323 754654098 162199
94305091 172505 156089 5187040 269297702 194906
963657803 145446 15482 192547083 625849848 110511
85534475 22565 125002 458784722 783126409 207737
330933157 28575 149011 70904136 868333128 185446
825558234 177802 186693 772379679 983955226 95665
253252927 100556 156320 69427083 991250957 73771
183798039 142982 103852 121848868 270371898 206620
581672974 4781 19608 20960550 912606131 31164
91864686 162514 75665 390269355 917422921 111944
374224580 186407 113257 247815290 479993861 78447
239066246 168467 91653 275380639 398640530 127702
669012428 78536 120365 73488683 103201755 63269
94449233 162771 60252 45735510 186313920 128849
288521220 179542 86746 80693441 662745800 149924
328508731 196668 74236 551894982 567574978 7241
950535513 88482 101015 472064294 515296683 183436
588785366 88441 65981 302852726 535750954 117048
201104590 116328 31768 134101539 489625810 47942
214794980 45606 143979 166248103 543303711 10664
718143086 111193 63720 20809776 521194952 174732
388622814 186114 117454 146680286 977408180 33825
449533012 163847 129924 650637603 779489071 93686
766106964 7295 140653 463460217 980901944 175752
482224674 29935 32442 52884113 729344774 96456
602670904 60896 130476 454576371 991293718 174520
601256657 85543 87805 903306024 957981269 118133
589986693 33599 37750 356093656 803772002 186548
119748572 117213 148222 601973247 937351834 134384
666696607 76825 130282 121883865 918469402 192524
373045772 162865 186164 490182947 826818784 36944
300680569 145877 174106 551714322 890667262 56820
208002678 44437 182782 179967549 327751250 271
117319382 38756 173936 634323751 636532344 168218
405309507 19152 106525 778355279 804513128 88336
147212428 20836 131375 438300992 447892997 74175
842531668 171515 30341 50534345 203021965 199333
235505868 198305 125644 205341605 310638613 25578
944962364 57974 199249 202788224 578485017 34500
235514499 52640 148817 25283600 382726927 116150
316100946 112761 96428 11148968 778888169 178489
981910135 66981 83801 30392526 69932356 52710
341031139 36113 137326 138509857 314295659 76530
892780676 96526 157064 128295174 992359126 96804
870159081 186073 152411 38776380 159104627 80577
937992797 102697 198107 419098863 772419285 63268
449491389 18441 15016 760258356 790522529 188164
74554014 70184 124116 666697132 819851044 78934
511572611 187061 195209 234248045 562103032 98641
721207659 123546 65251 511716809 954636015 127282
226251231 199444 116286 105823412 675742620 178485
866081768 64911 12648 103745611 793152136 175850
622959097 145034 180776 134531708 580062083 153533
142165114 50691 118062 715889127 920505928 41926
727658296 173760 168655 205579229 953909527 104741
163918996 70420 28907 30000763 443942550 46183
400204515 105410 188082 23163612 382857356 187084
962919439 144840 106624 331529276 957600907 162428
104551557 7999 3556 57509135 832209854 151263
263088365 111330 81540 426188880 427007361 78527
722647784 79093 183808 122852298 832393663 43182
67767372 67834 55987 76540145 883203165 55705
408069421 187298 3624 66727718 512620979 6289
124236853 33571 56650 239841572 372073850 121358
798262730 102817 85622 291510456 373426867 93935
123904118 95497 43139 31768488 44187844 182250
108308634 188828 103331 368894409 824985248 66837
744229320 168315 52181 461336280 868466173 38164
833410131 28290 64895 45141330 484189214 147640
189168140 74125 127661 165588612 621177726 210959
505462568 69926 78871 326265383 613771202 16601
3766984 143335 88771 747996304 968443581 32155
282296214 31052 195783 115706344 139587129 185313
37244813 65373 138537 47266823 226412953 179784
668444549 36996 170014 26423470 652637275 87219
978902658 85264 169263 62355999 835185997 96674
30799579 180254 67963 313095794 960621107 32669
100208235 178602 43828 137453048 168576905 121372
215843728 175651 180879 155540514 736804631 44632
808177789 53954 137848 413546284 639596800 116094
475902284 19322 71900 173605442 359218217 86411
986742904 184877 144828 656693850 939467493 152672
825270755 98110 13522 816482841 893630837 8057
972023355 72382 178691 176054306 632717497 48515
589600590 150738 10449 714373631 918019228 131641
887979074 76391 63800 589991306 727238331 198249
246685155 124373 56829 846831715 924472264 14837
515830909 191843 48416 340370618 870595666 119148
46649971 143645 113277 135305057 488766916 99750
702195042 133165 137260 442690469 942946358 183483
385454017 136777 147532 632139172 652469410 145930
351817478 1801 146844 720164742 786002572 5995
509114592 149456 130399 555764563 682423601 62187
670245012 21581 27458 299283331 372440054 122274
94746043 92867 171490 480200060 830838797 109633
335824560 50470 181506 101857780 540158393 157407
740376706 123609 168982 249491297 467602491 189226
150026092 197235 17273 135229489 820271104 2761
287029175 136539 70825 381775218 435558672 11360
118913822 88424 26730 446746126 454738383 147710
401120260 136586 130726 141496966 341593990 183511
809196482 53265 72326 646780823 811738928 84183
634526666 61420 146250 571327904 921555841 45135
6886576 186478 22601 125800398 427804129 93167
874550255 57567 66862 128186869 552529003 58065
746639348 24383 180888 408352183 420006838 185566
66787660 69903 8973 701314326 742862126 184361
314190030 26475 108687 173592960 680143442 67453
107947570 107709 39833 391694323 835014180 36671
944223327 31372 810 543379028 627985984 6885
47992821 162001 138553 114780481 441166197 123579
36544677 156928 186965 350734707 850392653 160740
383052449 81118 33998 491000019 917998415 109741
162209091 34705 125893 106432417 380272977 65516
8258960 35490 51740 396326561 908768137 20990
837492759 64908 190502 728230475 874037436 163601
431139481 54385 130247 445742730 814191930 63042
216257498 165166 32175 378466589 518207460 29283
750996791 11860 133963 88374881 611772105 113331
484701443 30174 120322 174710555 537102766 98680
117849594 15378 147949 61475069 401505430 13403
359734153 169529 115888 575991651 807143728 10926
177867541 160311 179235 155300036 928864332 11004
243674918 80169 83465 312716905 728376361 202812
702336026 41699 147239 701665584 820185620 67066
615657007 100471 20405 483677416 975391160 197329
143337498 11445 67704 173721393 380700748 36170
536000785 141405 53129 732430234 779675703 165210
897663493 194560 54014 599999518 791440215 215709
345622152 23528 102162 771532855 961279159 1516
107726624 185950 84870 103580476 345726212 100610
726426961 53691 2787 262427745 361201900 54167
946148488 119599 64852 824918282 843811981 81961
616358496 47207 143591 290277185 961980648 52634
914326394 95409 160007 22053017 820490459 203835
18733025 124540 50441 478780624 745159986 78607
839982525 109144 198023 638647366 763637559 134178
441072195 35918 95398 57430690 263089439 159186
405882978 11830 17705 320209371 636637512 173313
309644324 22588 122727 328377349 837756315 152456
169053293 26395 36751 9035817 837266814 137264
453420727 151826 171063 374516705 894492922 116310
637606144 159627 81368 43489121 898180947 49319
387334812 76786 108626 696979136 770035312 151826
460307981 131610 83327 486087524 629361274 186670
323354338 9030 103028 271694303 776775065 181960
646211008 194729 17665 136333506 222160465 94290
972857766 125197 69677 360192577 685532499 162364
308084164 9654 39877 370870207 768392145 4090
856957732 97462 96603 32828423 197439567 95264
321650224 127900 103252 113933196 967861233 146745
188610015 147040 40130 13984134 962482047 50466
500530899 15198 58359 108235392 808615064 81610
331621953 75620 184938 188579684 581903080 182557
779342647 135350 123532 100992871 679471646 101726
645921196 74790 194252 659830127 687047565 108513
474828528 198368 198036 822017675 975359427 27951
782769421 8809 9077 93411985 114391374 166706
675315065 129733 88637 287671520 307174066 202107
819659520 166042 169930 318097069 618448922 180066
130795402 125651 167803 458140284 852133277 14765
526667306 3499 102297 309436726 981022213 23198
74434197 159567 29708 163695117 602265617 175550
303882991 57602 117124 123542510 956555515 193028
427520790 51233 99070 159709770 558316193 147313
864359402 86888 188121 42417688 391026707 117274
23439900 128881 120096 357895236 950390453 150582
374106707 195238 5533 677989698 696583411 164021
653138926 136799 82663 80659715 364321941 105484
376548065 175694 58292 240907466 597392657 8325
639810345 63919 25128 363999619 515766600 111958
574411209 22116 42210 902826866 948517916 40221
451926630 24578 149773 105065555 770170226 152363
987008521 141257 43331 363556585 729247685 38329
326640341 75125 26226 408668176 966450686 112118
772667795 123667 3778 199595357 531075527 148055
286418746 20820 134104 496452879 738345377 64123
119139458 43400 82332 106147978 612719808 14909
194483846 81465 192430 379885578 521124187 65137
788553755 124189 16493 102658366 413737903 190474
486250248 193350 37727 678744653 772668994 47503
27713885 109886 57713 137763973 146853344 12652
603000135 192798 53547 797483982 884278684 59200
264164261 118811 130285 52718015 889647447 190824
844822167 21229 100873 331072414 629822726 91848
161083732 164610 64797 188797618 788678439 24892
778958766 189645 83524 234475254 492984906 30001
377263589 110137 194836 493944205 971033802 96760
860681248 198988 147257 382227126 558019769 163598
864566207 40908 140720 25649938 836609700 42037
625288138 182206 12859 256763257 569774698 196280
62759604 33455 112223 292539547 756152371 200178
579702527 159268 56399 13568320 292900128 176030
248311801 178875 125472 112878007 456027061 159796
145153114 125887 7920 770441253 999918091 115297
422209142 117163 157521 279679105 484968746 120216
35831476 103891 106317 468050357 733666826 187027
599751501 93461 62324 617802513 848063302 209422
73829573 108165 15031 71499041 802843065 91923
655277509 43731 52551 77486650 185088908 145321
464768014 6904 191175 353115844 722314407 122469
455981232 187297 108776 55732732 127208482 44406
745010995 13073 79294 450728491 671356922 132587
106087909 44366 110425 613881772 822497208 42304
7586116 100136 46734 324870484 648437372 163247
370751778 189579 145034 86582306 679249364 95781
213790788 79088 126211 936223931 958801783 212865
239468775 26920 124894 49798624 345556684 109551
872295833 125383 37807 630960762 732398303 39437
131914487 176629 168530 193972175 502666265 111826
133070835 21550 127324 346861623 706031257 94496
642255188 186130 46614 839822247 881723963 32094
889620871 61005 147353 614433057 908595929 122263
392073044 196791 127309 290901962 523987531 46154
484874137 136490 197566 362086940 617944972 19234
68118196 105513 92832 495694120 562889738 128705
188032720 92221 120173 77653591 274554598 195983
35666881 179775 64088 427739925 636106834 140156
927008796 14324 5544 264399286 743881622 15703
105968561 55088 180800 26603112 43887909 110171
539582030 67255 18472 727614750 889368921 201706
16439873 60349 103777 52106754 606048152 119954
94671339 86350 6160 21680134 464507995 173576
60905971 68993 134928 107134614 166874532 192221
3538878 116447 161582 543120908 654919064 9882
396804338 172878 110712 413244211 875437603 144306
334002108 109442 110011 428673447 696799275 106990
13823624 54965 146411 74729595 728927603 138485
688578571 124154 196689 692117449 841371896 152743
348807313 192502 88576 83370794 745611651 27620
958808397 140865 37889 145326858 462779709 17696
159578983 64071 143766 173402607 520648728 66530
249576330 98603 50973 938154902 963754664 106510
805126559 133020 18472 6450225 998130511 193915
81501305 160514 147368 44028687 892826056 63652
506808396 133157 67250 666387379 985934245 183195
359099326 155371 28842 608675657 735584741 140553
699339404 54565 126207 317994173 356982317 86346
168641038 105905 5933 102658697 450273668 75684
494302355 65647 144592 1110750 306327424 27576
144778022 77037 36854 352239167 503877348 103404
87823907 72601 9449 639679666 758058045 194478
76052218 61603 126907 97209610 785976437 107399
88766458 13230 69174 435585168 851283133 130958
157610556 152698 17711 302388578 534759497 57718
886998664 47351 126430 724855664 827338926 188949
335430062 125715 29529 263998634 344116127 186603
130092563 89276 73746 71375376 589110451 173696
292909937 83776 163837 385365489 450520494 202675
920124986 90292 6385 659640003 768868576 33739
346240593 122874 21933 681670656 816179758 104992
160295884 7898 71001 142904802 738627956 136229
180254760 14756 149209 473164698 724902156 216450
110267644 75861 25063 30392629 717374739 26521
338759668 91354 39859 410221277 685000262 24706
78917388 40344 55736 239213272 692983795 113362
284128105 198574 29453 464382865 521620936 123302
99039446 145886 145540 209307090 483029160 131111
52920252 2052 156889 127621133 391679921 90745
537842410 112719 60975 616759798 689283599 86204
234783747 170538 119138 518911852 977178995 110249
351316284 54342 32677 450355730 922409838 16847
257955351 75910 187229 163391958 176210931 104812
303832064 195043 60995 76435233 694190828 6236
765718832 165770 152044 502578 730867050 87526
560562398 146862 23726 884410624 911878683 125246
659336815 88799 121308 50692051 769808520 176237
226902982 33920 187007 383251400 589036907 97331
665472140 24149 103003 256118289 283707325 64067
986985339 53317 137408 545129993 547547737 76811
282056970 144627 7997 755642202 941393785 76097
806334254 92020 111653 270532292 885753590 39223
