500
989864977 53766 60273 434750437 909824601 287604
652950046 77975 14016 105761953 893193556 342398
377098265 96902 39658 379094737 405410961 320778
12632812 103058 34627 75064163 607063465 5967
248712485 111811 125614 91093815 809896715 242938
572237670 173202 125867 77704069 313257741 263065
58967650 112419 2004 9941458 436065916 358616
415352420 64365 199672 138178111 427985232 243611
65758628 88579 170714 314471114 767331315 363916
577228029 9302 4525 1982052 231988662 85922
397762757 124454 145830 4763985 456730408 394093
14705443 43674 148438 282574217 712438690 155175
703133155 109498 116511 768891783 852529428 160189
619860742 110641 120383 49605124 490449485 384550
722438147 109478 67643 120200904 935243606 246593
940007591 15484 37379 715067732 807229389 200882
280022775 188105 76145 361426498 983155930 43334
213955925 6970 123524 227250835 686333021 333808
717700320 22992 38477 228738613 292654821 168917
16498572 46682 11272 616792339 809022518 247867
184376425 88646 169073 464399200 624806964 351513
986233462 164964 113937 52705741 103104537 236915
182871726 8456 91624 71641804 900572047 140608
152896771 163311 30836 21911698 462139392 132139
78931730 144938 100977 185361599 263308155 103038
810168563 115267 173702 237213504 796402025 303145
192834395 52187 60678 294394203 375706122 394201
218552362 82403 131872 179573700 223965487 276571
641713092 131905 6017 629684989 720644823 67241
815046588 104133 90958 9546536 477731505 249567
246760041 79386 147772 439594436 901863172 96021
48773728 87841 85361 267326090 625300460 87851
804874160 34118 160079 210972076 446587252 145880
693173419 179 8480 130314961 360736361 65770
139861498 91187 112924 239137893 799301659 47355
701164830 123323 64600 99421659 749938558 178829
577238473 21372 187867 128661132 382112632 14535
192149563 168220 156163 365297315 885322982 56228
348128630 118261 116787 340506482 957541324 40427
756842982 144584 82506 310524165 610398048 176796
562336061 151245 151168 124978240 139574533 202584
106155727 14067 14481 121909986 298305290 25313
487207301 189466 2557 406241845 835335931 239475
216299523 3233 102 669478253 973142505 180185
279876300 83892 151858 842212361 892039597 301163
17017836 96237 100726 123173563 185443319 394523
307353305 140029 16192 596459566 794560606 11685
2701410 65182 47014 71517287 933000169 254683
602478422 183904 154005 424074914 734871076 398718
168630864 190155 96720 5296415 38165055 254938
43256088 166831 48741 166712692 203125748 81361
763172258 10771 13935 149408788 618390022 303087
82408957 35155 75522 537403733 652349409 390851
76424322 189567 188182 97571541 879989119 136257
737801888 9436 190821 437105542 633574330 297987
603818234 31583 99352 219506845 373249219 11495
375174362 101326 35720 310099673 825067695 298789
477417103 194947 84708 406357779 553392278 325562
285897750 11970 57719 45748724 876215992 186549
482854266 15190 5758 86672499 114647347 292803
487896566 18397 99676 620849916 863070928 86890
445917610 173728 180996 775851067 899778171 325113
305686803 192773 46828 127215376 444100907 313600
25480454 7265 20162 508334721 751826215 322456
866473562 131031 11243 206886481 525484143 352237
146334058 100493 33887 444768022 849205555 335260
601500080 61855 60102 301588223 907186883 203634
281319953 65656 113423 202478932 306800407 330592
954305147 86595 174481 560947519 673295062 179344
86431661 150821 51294 85282073 124061931 162994
825783841 81332 94614 427283920 796552168 184190
950656745 188736 184347 84493051 592462352 89982
647457638 85533 139647 454279139 767580964 371383
181044836 26939 145707 119992851 629785907 191134
606364193 136361 150527 284664387 838426883 344029
487495405 54035 48060 227248905 290668503 360618
672227611 184355 46183 319685248 588877831 359954
208975148 27046 51172 390019985 452583337 9062
82369244 48058 196278 541249791 543514225 309615
234457461 46123 171888 721952866 773909026 216340
853674285 179443 98077 525901895 751294643 101752
192688827 184268 182616 241739611 401663975 198704
694322949 157755 129471 629208547 822737015 174634
366251239 126730 79626 600708701 896982336 374984
523407715 125639 110443 75237545 229598353 295861
826532188 79868 118569 19221014 677072520 198162
918812131 134971 192072 254826087 465651433 57243
77563102 174379 29082 296330695 639109303 353877
388607992 14399 124049 764532062 849671375 127930
924908921 170101 144007 90582509 603957462 91143
620171383 163759 9521 100831321 391499868 349159
208173762 177314 1522 138253218 499959190 180329
991584847 193492 55834 232709193 505142504 38762
207330233 68553 161714 132239153 582168653 308999
672751162 95384 119570 145438899 745789960 137425
846621281 57773 83098 38845278 54795043 364502
391320822 169404 141130 235422023 715098558 130046
72757415 103936 165145 280087648 962182298 39994
396867304 86757 68949 69618466 962114040 373551
707904000 44699 109464 407041634 736833245 349747
628194877 131361 110849 19515698 23232968 253807
590847880 103121 182414 392614019 663605295 207308
207312670 128595 42149 604179975 810546493 310981
772660532 153796 80546 89203939 333080885 237393
826037184 109660 182372 306748414 951772868 380020
975005836 199378 33111 418370069 873911866 370162
119042238 90172 97363 178871263 958028555 246782
621091401 104789 76578 246268286 359065378 145225
300785671 1311 104277 126822854 561240866 86907
513013734 34047 65764 340535923 567963353 101597
294391572 114400 189246 220732764 413433811 301095
31277672 80298 66527 37312362 652369073 235113
396377740 154407 101232 509763265 697163411 98429
71004130 19246 180430 42458504 436534218 384923
610421857 72158 7637 496516129 904813429 360668
717248893 137669 181944 748526565 984422888 92136
21735250 118664 48590 270629344 788804103 187838
151083721 155331 4245 74604206 976579459 334648
19037962 85048 114218 475486672 481976173 102858
972002802 172916 184591 84711007 689251694 293888
69133895 142094 181796 90869145 512390408 14308
301194511 107297 123781 15867705 452278232 78622
992447164 166881 132765 139979717 864001480 91011
615466389 23016 114864 139201626 587469190 34416
223912634 65988 124755 5218105 145562883 148160
370124867 191115 161711 671319378 837302597 111525
853170302 13518 110979 416509570 698133819 248117
556489287 17815 59684 100373421 171955675 339691
92091401 74002 169754 316004035 592470041 363266
450204500 55236 107549 487975879 820329367 164239
325278475 81841 72463 30965130 911704916 13849
180730839 154275 56975 737220126 756702962 371030
857076383 18296 31506 231820546 949167784 85380
824290587 149946 169287 274495086 809536319 19217
297512197 73185 104448 475307027 731563682 268393
495784951 87442 77023 676515790 914451287 251604
523670602 31925 144284 174056090 233263338 147388
405876636 104139 29886 82683576 349460831 375271
11513503 3098 112947 309025700 960008172 328268
544088207 121395 115524 39873157 52936190 101380
967387477 107812 148396 343574432 976344618 36328
2917061 195559 182188 408793697 486102128 273546
835562959 138336 168784 473070888 847076462 215995
433079059 26215 64370 367076534 977167266 352105
420012725 26618 171978 239916555 597342415 289530
426203387 67231 122957 429120448 811466846 309553
297568973 44307 101864 442911946 985648286 39388
915982835 79468 51149 48038011 201578247 61789
415114545 22501 9141 557578996 835127270 238640
7437764 155671 48612 433641151 569752839 359444
381219685 3802 189334 531305012 537577886 149507
980489832 88934 110479 64500812 896472666 45670
112538823 4235 102136 380169723 773362691 210678
183458040 73664 168550 190895805 654959699 135395
224712537 115820 91120 178847605 458448576 151115
716425491 98740 21444 696915322 951319519 300729
15820331 20640 64628 955434651 980875509 358553
581313696 59308 90617 764771736 892942436 62653
400418488 3417 118688 518526828 625131025 374395
697374433 17350 44915 266316277 293649646 26692
97485518 198282 45987 113305849 714027490 292848
521978495 131557 170589 854922229 955808545 295202
600381018 47461 78623 799505 616653961 45688
135180788 134207 140767 252079906 685071575 182975
545729552 179130 126970 29504648 643215071 233253
743532138 137751 44300 118026986 133402063 230348
988324292 3183 46022 441221663 548658386 17564
17828700 121955 58451 5525842 133783919 193192
385863826 111989 94151 5901146 931593378 121235
35405794 48257 73987 239919295 631454286 396123
225837712 187355 146870 66678357 843399754 298751
244574493 117536 111440 262403194 455773857 325868
589557777 23288 38753 290868819 975421603 326937
149286319 8203 167295 37208467 120189149 377806
212624799 86657 171120 353602869 438462511 339607
49518976 37970 35824 292884059 294093469 211995
748657917 98424 133671 153849570 190732047 267458
444718389 159506 114538 446521063 770776562 125822
743482065 50202 98615 381270854 956106864 165890
734873723 41902 100747 16484953 784392699 200195
309369012 138014 8840 910543283 971646294 70078
125495863 169113 56825 422730607 708537159 46998
331830074 180285 91527 75312139 429159722 333148
810430576 114055 20430 380684949 397820652 327119
397169902 111927 122399 81777438 559055269 394879
53423732 127928 183120 31435949 90229579 279645
651283093 138397 45792 829849920 983113167 136884
259009641 181641 190135 45428010 921956571 293146
426112960 58831 17246 310177307 675799216 51398
391954745 52152 166606 63790396 297894831 244182
6536330 43847 44694 657819423 932791907 245211
615158180 154896 100674 457865914 874167821 239124
503293924 28461 130217 196893275 781923238 118811
359586936 141286 90567 751541682 941798146 350613
858104897 133986 189585 16182913 864641227 173567
801491174 51855 138696 416649353 955338616 130670
413204529 57266 165314 122413429 769014807 134169
319306704 97171 172548 251644713 678893641 148470
45959213 47376 20709 295787839 904064110 20137
164487106 98752 188714 897960095 965978280 343399
705815064 20957 70622 119019592 134688894 148902
109618677 185644 4431 428925382 834291984 332977
938453052 167183 2927 624817682 984412265 71654
920605521 161020 12606 85092627 358061561 385003
108538009 182907 125555 180609765 814353073 287055
167815014 86291 32141 277433691 733602691 74030
420411029 140641 3208 358864080 792111783 192209
416929464 29772 58652 190051338 855200066 57501
65777981 126756 37426 174315990 290516113 266593
323642233 13335 149211 491457247 637429902 205739
371032593 72103 76819 204618765 791443622 21549
996730548 140342 10761 266176365 767778951 343286
475495370 194850 197197 541273351 944331325 385055
87363791 178871 171976 411006024 587400141 177738
77346397 156717 180037 13838886 448378990 336236
70974005 191061 152547 920220907 980736305 113528
601031609 13988 55944 76526979 568616679 313010
365464357 141941 17188 151926569 305344502 346238
591843065 37439 44886 669189462 968926089 363160
835281329 8866 18459 906255334 923131632 190897
903867936 115581 102630 143130284 357415899 58516
711746963 138804 167134 658889037 929727674 269089
663331961 27664 135037 255175025 874474474 359678
695916916 131935 39821 531198244 642471103 366708
565602734 83464 152682 321987023 828408185 198725
971538469 140975 52326 159607665 535801785 45017
818496702 185051 110223 170813568 334345016 316069
45288042 152273 194051 17894294 593721312 114246
512881751 146330 199506 78484484 594764855 184731
275689393 61677 103214 85735168 99744215 61134
245342833 156269 104136 106341850 916355890 297780
277155418 113798 133838 174959814 758674862 279206
629085510 15938 113307 141967261 800293358 162919
247574567 119178 66424 435710123 523263960 323342
521445291 179358 182067 450137876 619304479 56530
556479726 27651 74433 255269814 833635144 192438
13944675 63248 67200 120806879 495546539 26430
921100237 147497 107532 168674803 196872658 53757
632582781 197773 174549 6544425 681580537 244841
131718412 169907 20556 439731844 688198138 348701
695001658 30349 137681 80303996 561462687 323308
53627229 39565 70828 630595213 974727467 196913
679984225 79405 171040 165083359 229005411 24857
910585949 29292 189794 42304360 854730561 214897
146978759 32429 158704 6472808 841980417 356320
939293160 82532 1302 446729329 992920389 162159
929840896 50490 78753 609825121 904266504 104044
133271914 122470 48624 18278942 896374217 392955
873009503 175858 129005 19988261 135018959 83247
994008122 38270 34640 287527238 785817635 50301
586772921 35161 133421 48695892 516613816 152844
805478750 189056 177094 98317015 791267019 156239
116595957 191225 145865 672575443 989605460 107921
660110756 89666 187227 506635232 676658408 166359
964185646 111987 136809 351553904 403474920 83938
252766151 82403 156624 234199718 910761255 143241
332516733 86524 96744 301629044 322884361 150499
847976159 44567 55905 283867740 360603268 33833
960526149 119176 119752 777228148 927562889 19339
131633146 53879 98394 183864291 384399297 76537
418064009 115824 18022 383731355 750580743 204658
706615716 84464 76756 407108228 764664942 109578
901049036 102881 63913 176355026 714091538 235181
103917914 167315 53577 88067415 976826077 63032
160690367 61166 135519 508106619 578754377 248520
891837974 195397 172182 450970044 899816447 76127
516997742 108688 181641 270563132 531219224 252209
560090604 156308 84068 16133700 516524873 190777
845476132 16704 48616 6166498 481207366 233637
989313985 191856 2697 548922084 881151959 237895
301254885 150907 111415 587862533 670768981 129760
119081756 192789 177155 531688715 804758118 210968
673408173 53046 197613 371400658 405998869 82935
887206235 11631 112404 561733384 876520220 184508
110655468 17069 17915 96178454 264426707 390852
536557342 76564 40510 508155452 697877840 241568
355152312 133065 47315 132113860 881076839 74366
538112730 72424 153595 12894117 425318964 352653
427143856 35278 57338 390315678 397181422 338250
345876231 58762 47215 18062505 882433573 185549
715940346 159568 148131 146103361 923609012 281340
130733575 94552 75152 668846305 697697553 160036
563108024 148924 31656 94311762 990251880 164107
491493184 91337 21857 789481135 837369415 198689
807543641 10976 103552 376000340 738374236 6103
736993951 174217 6771 138801550 867727526 169991
836499103 37758 48039 211119825 252123481 372256
305431587 22868 56895 796924772 989924154 9323
631921642 74914 129586 439465282 752894654 261085
343785243 11908 186490 80779193 589794072 101849
581111977 2272 190217 270127433 607175155 249609
670811334 172130 17453 117600584 976242922 79984
960041092 80189 84026 591962734 854486465 342161
459897472 173838 123587 166591577 803682715 57198
608902004 30426 76554 190013980 792363749 137764
252055257 159205 182418 511660981 922866592 23988
629261566 128397 25118 540676 441819011 176662
855027141 176935 38618 167440966 265157096 321254
284265028 199370 98402 893167032 990639747 375806
635519850 95906 31800 523184815 887575107 37173
34845796 195356 181846 227451978 516623716 40331
227992655 43197 136603 58225421 935536150 174360
175898871 64514 90428 460163899 483871301 127548
327027402 17965 21851 2523881 962547252 236956
378225050 122048 194937 303446010 413070846 89739
530897988 183746 49940 116354613 758890643 141780
174580034 88852 112015 350478905 842562577 238280
178950231 172541 85007 358493987 944595228 357159
799635463 14689 191925 177860513 316065406 246605
619511416 163642 57501 150409404 299080970 214497
415435583 21072 153005 442531971 457117208 206396
152196138 48730 162756 183662723 304022790 155356
248618018 8799 110725 48253480 178629380 227652
494694787 16598 70452 114206202 560710133 329169
859791103 162483 138969 127743040 970788408 271087
280421969 11171 196164 91670357 432618107 276791
248209501 60860 153840 332876322 496827519 393862
364022057 94303 142412 857315188 858716844 234838
418025320 67905 83740 17640473 130332776 191894
840945235 168860 58779 121367203 270713472 100648
214900183 68040 172383 123339514 463109685 51527
308732190 117876 166953 672754247 784016099 383986
641331286 49317 137890 545724950 911872960 200632
415881777 98516 114234 109343366 802876388 307494
926106215 82133 4049 141006397 561557979 228796
537413847 156832 1740 11684764 698662392 332433
648217217 78057 112399 142064856 670130725 335182
68372028 126096 55162 468026951 484253805 393189
123419692 69497 20711 49525906 780555533 246052
194629865 55370 195688 732043713 930343942 21750
794545060 166121 152915 233450343 442762276 23171
903581068 169780 78845 721899484 971953096 319985
189926434 30492 33006 313346127 739103685 187849
519659217 5566 30754 129793673 714289082 45902
60137615 23869 63697 594920053 707199029 77653
828370397 9014 96856 399307880 584467818 133747
121207363 36798 174027 163650152 617475376 192588
209095414 187840 176206 59920794 728754631 356830
189714468 87581 123335 102368437 203439556 362944
798359610 130734 36066 479246360 880076236 109020
131900469 162803 161175 253107833 406528722 354445
24004097 69323 66887 85615866 682065571 365963
741986365 104231 42106 360998615 784217187 180909
564438172 79563 61702 114142955 215314135 158759
846735545 11958 187973 500582262 978636015 259991
907110984 11437 10682 609210895 783631436 42630
143792819 174840 126473 485486497 885779185 111419
699001466 61110 13395 115955991 903872281 69298
18015235 27043 25492 193644969 717267134 298910
546743585 89702 154450 306370923 961433035 397136
570643930 96879 156957 624479840 714436749 328657
962482691 106187 35138 164500207 661484156 235706
68372487 50719 99732 628207992 938904077 286294
821852961 192869 106781 221112900 901292075 282505
715241463 80541 185 56987703 138401746 33865
533983897 94749 81347 348982941 738731719 62072
903231926 19196 15397 824120768 827401141 337161
455609133 21622 18143 129978447 917419077 287971
671227505 113245 165779 386468967 547123610 66903
456627667 177284 19413 670080382 990611564 110378
261328454 71424 94034 17076733 154418481 392900
981819623 78739 48508 289945109 590908314 320008
360843744 45754 128141 32071248 43491304 255893
590614915 114062 118306 47242581 891095800 365776
413692535 92657 70947 198692163 675020989 95993
353110645 1501 9648 334930267 687810768 71315
131235436 178987 110800 5951859 492079180 146620
49443164 59949 198025 283702518 492574433 332388
174798317 35316 19545 294334443 588490853 27905
493026607 109652 121878 745919881 846137252 381290
286247003 116772 173048 417482439 575103632 359346
581055492 49877 26970 483015010 509639463 387005
793341981 195503 115972 552438579 968140298 343983
699289377 153100 168076 44832337 633670918 164863
232107153 148569 65930 121275945 518354156 231757
548895931 49913 111078 330506441 982467777 279124
840145904 90132 187115 148213465 486004238 260124
700652044 165694 199817 252457774 443048097 89368
76719014 112024 175850 161342521 511590239 211701
485382538 80756 164377 34278469 507260295 60427
837766736 13503 60804 530428994 773234590 28192
921448055 151005 9597 12048846 474616453 272410
455096943 31484 159218 116754089 384332312 190192
480860683 176847 199568 841393897 966243221 235912
201170545 166488 92034 38937281 124590611 279076
750341556 127845 25761 237807128 671789610 698
249855974 171863 193015 47813583 557469272 196731
17084027 14387 108162 350461064 403520340 300994
97430591 198763 58571 298601136 348366991 54296
325473957 30531 129342 75815512 749567122 119976
987374250 44641 40898 89746578 284622925 11733
184952862 113233 126581 54553243 595935598 210796
999455939 69561 32075 96886529 835872502 3399
184239492 168340 56601 509713449 700207370 44220
302290845 195225 161602 142181449 732043525 44170
16666449 163501 51574 54135666 742685445 283640
191137396 67075 12741 43109688 121742243 110091
957614745 62551 110390 583033805 994370592 199503
135757528 80022 41737 91402793 438048373 345095
823446318 132927 187972 137307111 692629122 360423
732508910 71878 161513 639347149 776162660 67802
613605746 73248 97953 109141343 423736845 103892
692175148 102422 98958 827932676 869513881 94608
960916674 198212 35824 429738285 784362991 307643
419561750 117520 62874 4587013 149395144 345224
641258647 179909 131115 135658834 254864392 197042
97316531 164500 20281 162599822 789491680 337036
32113702 114113 152262 105517851 845546730 24869
387772490 138972 130482 807334241 935466167 35947
937377665 199012 102147 578636311 645982149 15343
781640983 189419 133563 446288237 878957515 161747
461404413 173 18394 346034470 593644343 378222
699162194 85832 198906 86934684 894756366 380914
682738886 176923 137922 309182478 620116551 66588
955164627 419 77588 589321964 883799255 392532
182603845 92085 74263 568622190 644008259 37755
162266532 190403 135112 713945081 803685251 194486
550957970 117584 96488 233696856 978304396 327996
140003227 74478 190190 242081107 947684208 321552
978396716 133108 109807 13516915 127635828 321032
548774372 3816 76757 321922917 711040904 301645
125608168 64 93803 529082492 846526879 374943
677347628 24700 23854 630429419 669867209 347375
872510526 136001 63908 285997627 703423596 138719
266149809 11963 180904 474350239 814924181 80492
796273157 196618 180498 774397679 913728340 396135
612771572 191681 166281 142635554 175544347 100732
805973766 58357 169121 303800875 531000646 21156
589798502 60923 154997 391606932 855948311 187537
718473526 120649 65775 367263036 724252975 55362
490497668 47661 172842 103269240 620247441 301681
795791788 183436 197267 39041987 454281908 80091
342842863 53595 22787 47724754 785157719 21150
291848040 40772 6144 10321565 664896833 100380
241666161 45280 76902 179020926 732163830 347705
799268367 115955 44550 310300941 447576509 253664
349342929 62382 53626 226444198 692185792 259040
126685306 181286 78131 418533347 594952121 168064
112365307 83284 64666 354031468 793659622 309306
972680548 191312 52943 258635649 624465268 36598
568936590 120578 7416 1115053 918279519 180507
227559252 64544 37565 354244558 918455420 92696
365923894 127061 55994 478289201 773741303 316091
567400924 116406 145558 392597825 821638915 260551
80274563 150173 16516 478600232 649211153 5976
479715286 139154 184276 122131397 559790892 30666
40586817 64626 44104 259027065 306520308 114424
80261610 74936 151180 133119096 500178888 374482
954758011 22327 30258 35032573 516702173 356241
995302405 124885 157325 216192208 327534044 122718
338323606 17619 73471 231426777 365289070 52616
671809378 144762 163971 470949141 604587343 363470
604068237 138977 132958 558826248 696569785 371561
65788311 191258 47432 61090716 640924345 221290
857116554 535 65408 47956513 557825942 182592
775631366 56453 33283 299957097 877332690 142179
348281830 39493 100626 48188708 952350067 89260
597274848 178067 180886 663063159 788178263 268788
281618961 160164 85165 332894451 991251869 5784
743236747 16540 185080 409202128 518868112 20663
286534817 142707 83124 291115743 487333001 198691
191820806 198601 83812 621384772 641612008 391128
262079388 20103 58081 396214703 664915679 263105
850326484 147997 189912 226570668 593563230 145284
635772796 120444 86078 329796887 774823967 153813
473428984 80040 148618 665249790 799487636 177753
273388761 151305 168090 387984503 755502275 197246
272934307 96505 182011 100054999 123260791 138952
179142021 146914 80401 292400907 667431171 251533
474714148 62769 125674 737673586 948143132 308112
389677575 160900 84301 112839857 663066336 245713
868342132 78560 162960 141276439 446909387 253292
399480740 116893 190528 431139115 768994740 167540
61395646 91585 139810 331561010 388626148 365939
69234595 66864 69543 311428524 940637465 89925
53477321 133324 52663 67144308 774335808 7459
366570049 87683 55669 145615301 766050790 106134
767126395 171304 70804 681038395 741066593 61869
72627603 3186 148881 258476341 994378553 323036
51630159 26447 7628 416966854 957623835 355314
336627516 57183 80743 264551187 703197566 163905
262682842 36787 69110 29809236 454137450 162577
195204042 77617 20363 120347999 258287093 40489
369279788 114757 160711 751205 420909947 249558
270234414 9898 199965 606861930 961071886 175443
78139426 198388 138137 340822268 362764077 344802
816901527 74250 102912 12105568 141957575 167461
252761022 146698 3069 622040810 675191919 145651
528459479 186297 116614 720526887 798693893 69032
681598772 51463 40924 759738199 811058904 274439
26339334 113397 140890 841391854 843240861 261015
983349429 21255 24243 88626805 956377733 265839
484086005 172360 131696 12545483 174086615 154071
894613502 91976 18299 428728628 932353099 183078
595928357 92462 55031 565813687 622267691 24111
259721894 166812 82561 95587676 630396217 214021
439290303 188295 77623 201688751 923376308 36175
375775366 184717 186616 270388868 760880496 313250
545749948 45405 91977 141678304 226543999 58310
644874040 70018 77585 152564681 904595934 181110
