16
204609565 204739351 204645555 204596696 204721697 204634071 204752820 204681643 204754619 204591766 204682848 204728511 204666453 204729139 204701235 
204745531 204660731 204695221 204653263 204641803 204669465 204722692 204701419 204639881 204605597 204615059 204606291 204683079 204764297 
204606983 204726286 204632629 204618251 204646653 204656151 204597975 204685919 204606476 204594284 204593995 204735877 204607223 
204764147 204776487 204647403 204781761 204689547 204753971 204636646 204718731 204753481 204730619 204636627 204685051 
204770691 204694796 204730665 204743163 204734471 204634451 204765807 204683507 204748791 204632131 204619426 
204598211 204618209 204676871 204679777 204718956 204678723 204677287 204711095 204668461 204627968 
204752573 204625887 204608067 204723152 204735275 204688674 204584555 204661751 204691220 
204637751 204611771 204675699 204643467 204759215 204615595 204683587 204611053 
204668115 204751499 204744059 204589471 204740291 204639776 204678368 
204624421 204695231 204720434 204761275 204718761 204668415 
204663375 204654995 204641443 204701261 204765059 
204734136 204653427 204620117 204655579 
204610373 204673006 204629571 
204588094 204712727 
204781283 
16
31 500136836 198 69 86 717038122 14 955454522 596164480 85 111 809765192 80 525505700 53 
746291840 24 16 48 541809075 126 923040684 815075004 158 194 901817636 35 673951280 182 
947854395 805021952 620253065 176 789951998 121 189 542507587 546889880 48 509745848 60 663334283 
26 126 502957460 74 791390152 785105516 136 40 665126912 49 501557832 189 
100 569149312 112 985340940 723559184 42 79 512052080 32 708238992 199 
579490800 10 515106592 597293262 3 79 660386568 173 547133180 12 
771940064 140 127 535419140 800359448 86 815759708 115 520500164 
681424753 761532218 13 165 708119975 178 519497540 29 
141 604836251 959143135 49 955059028 4 990283712 
782316325 622981360 96 533216750 58 549391470 
65 824225768 154 793982507 57 
510059678 170 604873760 176 
721416158 199 513035088 
855794190 49 
581013535 
