16
108810631 108779971 108745831 108740623 108860885 108799019 108774802 108823348 108797662 108747309 108740115 108833787 108854330 108712370 108839910 
108734771 108739690 108772447 108817420 108755062 108773070 108844921 108764908 108815387 108750081 108822895 108852642 108742369 108817823 
108708334 108771420 108871935 108864683 108864467 108758786 108868143 108816485 108859763 108697834 108740295 108757011 108891910 
108733161 108861446 108784775 108848947 108853245 108705297 108803635 108816685 108820463 108804295 108858876 108856775 
108855575 108784323 108840385 108780395 108732011 108763513 108759451 108757332 108698051 108811043 108881541 
108777825 108854499 108755287 108712720 108768934 108811897 108817391 108782615 108707587 108739559 
108788583 108721035 108878246 108710075 108822353 108778900 108845307 108695791 108819150 
108763393 108839625 108830515 108750915 108755245 108808601 108783375 108811845 
108869483 108835027 108784809 108716633 108805795 108722971 108889995 
108794045 108757324 108822315 108832136 108768223 108863133 
108770666 108802653 108889203 108854503 108744959 
108824479 108789027 108704193 108775539 
108700105 108731571 108789927 
108750668 108734675 
108746704 
16
160 657810770 570975758 117 916661861 808532672 4 8 152 863883638 102 24 91 841277300 591259851 
819768180 671166342 31 903599040 610277276 165 179 152 529723440 91 103 38 683790944 728616246 
94 500314664 166 180 755203982 598231518 548517378 16 534145145 529555082 813623648 126 13 
632395382 26 106 643908881 892765184 543931196 99 516680952 892068252 636602276 191 90 
561701942 556176210 107 106 192 500796485 84 179 55 897949496 735917576 
167 707981408 688432713 691599708 123 556273984 584574816 706558645 198 148 
724135048 589664868 516678888 106 509674330 781696414 776877936 187 186 
192 171 975060125 109 43 107 623079530 583722320 
142 546754390 53 4 135 860657888 653941013 
511418477 116 88 126 741747163 652282056 
800871650 944204208 504947306 89 132 
186 153 507622166 745900700 
197 603280902 853851950 
832690400 645719630 
44 
