1000 1000
990 547 28 555 857 745 832 65 657 502 983 394 264 479 354 494 994 810 647 12 232 421 492 618 263 604 191 33 777 693 975 956 72 444 467 982 730 258 389 291 832 143 839 238 800 788 610 3 261 34 49 152 60 921 676 165 986 271 545 471 310 945 561 277 671 203 907 253 895 733 545 210 785 687 712 279 375 318 65 531 196 141 43 177 132 222 152 414 902 509 128 392 245 79 662 253 717 93 483 262 357 674 886 402 473 701 699 944 5 656 842 4 866 905 420 73 571 260 885 145 999 653 918 130 600 755 280 108 468 760 588 701 228 895 190 58 331 757 243 855 203 207 923 639 821 984 851 695 612 625 477 429 536 578 913 232 949 320 452 587 157 880 699 235 541 428 157 451 197 849 58 238 515 646 37 453 89 653 743 825 185 65 333 527 127 959 73 890 306 53 905 971 658 852 651 341 66 405 70 461 410 735 32 812 296 609 63 769 840 865 649 690 484 653 137 295 977 882 315 782 976 76 657 181 553 946 847 671 408 391 94 623 854 933 499 585 728 85 43 348 51 989 62 529 167 849 931 175 45 914 394 370 154 630 72 802 406 898 276 708 707 540 829 822 699 761 716 293 486 979 969 464 789 128 887 285 615 56 965 71 65 229 220 771 247 401 540 620 868 614 278 834 484 951 577 14 519 402 795 68 427 371 373 905 683 801 543 62 894 535 126 444 399 692 837 379 579 37 851 921 81 142 88 878 258 21 747 404 392 549 905 478 302 382 25 20 759 21 364 833 216 984 123 699 909 209 697 730 829 417 63 219 97 258 737 685 35 386 584 723 106 333 677 163 827 286 548 582 441 661 601 845 43 800 838 421 445 155 405 469 346 842 744 971 701 493 512 717 34 953 390 285 923 196 522 146 804 220 990 415 493 963 949 615 69 473 664 725 325 70 219 130 893 861 55 503 878 837 204 282 322 84 186 172 68 376 399 539 274 215 406 619 459 838 218 728 856 767 765 823 480 605 929 871 7 419 656 549 747 7 947 81 677 70 435 707 673 84 157 965 305 934 315 90 624 19 143 146 216 805 111 284 628 63 819 899 620 523 559 916 191 876 942 138 820 166 208 17 156 721 776 22 977 504 176 673 263 921 17 718 553 378 632 574 578 641 614 937 464 816 932 779 803 600 57 678 604 472 638 712 389 301 527 156 486 656 513 513 57 47 119 325 206 673 261 605 184 92 982 799 505 810 114 165 820 762 287 668 651 700 861 611 386 974 941 287 8 148 208 571 388 242 70 998 948 49 853 325 868 531 290 843 673 956 930 905 340 582 513 999 24 75 942 561 487 304 901 760 157 397 160 373 926 708 589 540 619 790 825 557 441 155 940 259 786 358 281 585 735 280 16 854 597 212 110 138 378 407 558 46 236 604 578 724 547 664 456 275 611 644 76 82 116 697 210 888 518 855 924 950 595 245 541 609 990 920 623 953 33 88 972 782 984 29 769 448 769 995 961 160 551 190 973 41 586 11 144 785 51 693 897 561 486 318 853 889 571 751 75 456 334 486 814 560 402 245 830 290 601 985 717 485 241 791 504 958 984 127 982 886 639 739 67 364 53 548 440 519 538 536 921 869 179 152 94 163 287 644 225 755 641 252 855 270 286 336 464 428 140 629 203 60 243 9 740 580 295 190 713 87 654 32 829 850 961 608 545 535 560 769 795 257 537 913 408 974 905 864 69 606 252 507 675 753 618 124 349 424 324 249 58 197 954 420 286 481 328 738 765 820 517 963 15 591 845 372 864 560 385 826 18 721 565 717 366 91 583 68 362 184 64 869 157 300 457 902 163 318 476 390 594 316 223 188 221 827 314 802 214 273 652 636 697 169 255 710 91 735 976 410 941 749 643 750 311 897 798 49 449 42 828 651 132 121 559 796 664 786 329 965 839 670 279 687 415 231 844 92 440 466 611 566 386 446 844 222 476 904 869 712 581 687 142 677 27 817 668 756 324 740 831 639 270 591 603 500 568 256 861 466 394 207 392 979 922 360 598 968 918 46 641 739 266 814 992 370 416 862 755 214 680 355 923 254 853 344 178 426 409 419 7 373 184 383 508 541 670 607 691 902 902 947 857 885 69 338 324 560 552 431 643 396 230 472 60 102 751 353 813 721 691 456 241 479 503 518 815 808 602 591 406 750 517 978 307 618 405 600 186 404 432 32 271 620 396 714 954 261 391 920 634 274 124 759 968 596 525 325 800 903 288 151 424 465 992 215 7 861 747 152 
2 96 921 263
1 609 908 577
3 24 789
2 107 403 -53
1 56 642 723
3 193 808
2 92 523 -564
1 69 490 861
3 205 814
2 164 287 -664
1 569 758 68
3 95 760
2 419 568 -795
1 486 599 661
3 268 721
2 682 798 707
1 873 937 631
3 102 845
2 135 288 -841
1 868 884 3
3 164 792
2 380 617 291
1 177 961 275
3 1 823
2 549 681 529
1 873 948 984
3 239 972
2 541 684 368
1 390 415 777
3 177 827
2 74 868 114
1 658 764 854
3 102 934
2 123 818 -814
1 329 987 375
3 297 834
2 381 986 947
1 536 634 314
3 175 950
2 493 836 974
1 288 989 884
3 217 957
2 64 354 -663
1 124 853 929
3 160 865
2 355 417 -196
1 92 662 178
3 95 813
2 400 688 -9
1 397 601 248
3 67 975
2 295 871 983
1 105 164 172
3 159 722
2 40 44 -639
1 605 696 805
3 290 916
2 545 770 810
1 443 503 757
3 264 956
2 670 771 -812
1 554 806 222
3 27 783
2 672 719 -28
1 658 992 215
3 146 711
2 33 749 113
1 193 330 932
3 278 836
2 207 523 109
1 174 418 42
3 74 978
2 405 721 311
1 306 725 808
3 99 881
2 334 689 844
1 133 294 189
3 206 958
2 725 952 129
1 941 971 8
3 101 778
2 332 629 349
1 222 345 819
3 112 738
2 595 783 437
1 655 676 724
3 32 917
2 218 421 258
1 205 932 713
3 292 763
2 125 922 -520
1 476 883 858
3 220 719
2 719 837 -542
1 87 921 288
3 187 860
2 72 768 539
1 46 347 811
3 159 710
2 748 774 650
1 441 941 642
3 132 800
2 559 931 -428
1 519 651 840
3 168 814
2 379 402 624
1 153 475 422
3 91 842
2 129 201 504
1 226 330 757
3 25 919
2 35 91 279
1 292 886 153
3 35 843
2 319 373 557
1 87 539 537
3 221 787
2 228 454 792
1 217 573 781
3 24 791
2 23 965 325
1 388 964 663
3 120 849
2 75 104 214
1 455 515 326
3 19 788
2 318 353 -720
1 531 991 220
3 30 936
2 83 307 -122
1 742 797 389
3 227 861
2 180 608 76
1 348 424 498
3 79 979
2 83 384 -797
1 456 699 82
3 170 893
2 220 560 -731
1 213 369 698
3 240 840
2 246 637 -494
1 355 788 591
3 134 865
2 846 902 -449
1 815 844 839
3 191 724
2 77 121 406
1 680 688 173
3 83 822
2 452 670 -710
1 300 867 50
3 275 813
2 57 413 717
1 525 567 130
3 39 966
2 390 851 -492
1 140 599 893
3 234 901
2 30 450 94
1 260 955 139
3 168 947
2 762 976 -160
1 11 15 687
3 252 998
2 199 652 -506
1 16 95 120
3 40 965
2 747 976 34
1 51 734 182
3 135 774
2 509 912 384
1 131 260 883
3 34 870
2 324 639 998
1 47 239 267
3 223 941
2 27 414 -353
1 634 802 961
3 271 713
2 351 976 -500
1 87 951 42
3 34 773
2 289 641 463
1 102 611 422
3 249 730
2 38 974 -501
1 724 941 874
3 224 741
2 73 326 380
1 696 860 923
3 30 933
2 141 986 -124
1 330 816 461
3 51 816
2 488 823 -498
1 130 623 379
3 118 713
2 148 323 -911
1 21 490 54
3 119 798
2 82 737 -392
1 215 994 467
3 46 905
2 153 874 -347
1 403 495 688
3 37 983
2 210 831 27
1 160 875 739
3 65 770
2 87 813 987
1 60 288 486
3 208 908
2 148 486 773
1 428 800 479
3 52 974
2 229 431 644
1 186 810 651
3 50 759
2 94 502 933
1 165 578 675
3 251 951
2 220 464 670
1 91 157 346
3 250 832
2 694 912 147
1 861 999 306
3 197 969
2 408 693 -27
1 500 755 44
3 49 863
2 16 18 961
1 683 920 931
3 254 930
2 855 858 811
1 587 876 984
3 243 728
2 534 838 -141
1 78 316 137
3 92 949
2 427 931 220
1 465 531 797
3 97 973
2 688 858 -786
1 547 785 92
3 58 752
2 404 843 97
1 706 821 276
3 272 762
2 82 841 -229
1 10 149 561
3 48 935
2 214 354 624
1 242 383 393
3 147 868
2 66 767 -313
1 250 855 629
3 198 774
2 810 988 -358
1 134 444 624
3 137 892
2 68 948 59
1 268 328 397
3 269 974
2 274 464 36
1 346 499 592
3 133 837
2 454 636 -608
1 450 952 165
3 111 923
2 42 652 72
1 4 751 86
3 85 941
2 17 797 -143
1 181 647 739
3 251 774
2 568 699 -493
1 26 737 882
3 67 825
2 467 713 970
1 62 933 810
3 42 830
2 559 996 428
1 135 689 101
3 270 717
2 379 659 886
1 80 571 604
3 119 968
2 293 407 -386
1 525 713 537
3 87 781
2 242 463 -363
1 522 879 926
3 70 991
2 116 955 855
1 61 260 556
3 231 744
2 518 592 -530
1 293 466 183
3 208 870
2 794 979 -222
1 670 826 811
3 180 844
2 225 804 265
1 407 547 555
3 152 954
2 447 698 228
1 285 736 133
3 255 783
2 678 881 896
1 290 883 741
3 201 762
2 253 643 -417
1 612 919 508
3 41 871
2 416 756 532
1 128 852 539
3 291 702
2 649 953 -659
1 42 679 208
3 235 842
2 401 674 934
1 7 91 465
3 299 877
2 425 932 123
1 500 671 113
3 283 831
2 51 829 335
1 454 842 23
3 220 740
2 491 609 327
1 810 863 474
3 166 924
2 181 429 -193
1 359 613 405
3 55 849
2 226 810 -555
1 563 599 527
3 17 726
2 272 516 481
1 473 788 79
3 141 913
2 6 923 294
1 449 848 522
3 90 983
2 252 371 -891
1 355 413 549
3 165 920
2 702 821 176
1 112 839 824
3 221 750
2 498 961 -424
1 510 520 324
3 116 785
2 543 548 -574
1 431 709 159
3 6 974
2 751 900 -486
1 89 522 945
3 99 792
2 34 961 -844
1 663 801 504
3 1 961
2 295 997 -939
1 20 176 425
3 254 868
2 166 446 532
1 96 438 695
3 114 893
2 261 356 290
1 367 937 730
3 283 981
2 62 862 -635
1 474 525 622
3 177 749
2 537 629 65
1 589 674 755
3 61 757
2 99 525 256
1 380 639 987
3 221 872
2 664 899 -962
1 300 547 105
3 226 924
2 104 864 -838
1 359 408 442
3 228 821
2 16 430 272
1 442 615 530
3 278 921
2 152 876 818
1 204 719 752
3 161 852
2 56 878 -846
1 541 628 886
3 192 809
2 386 774 703
1 205 666 128
3 295 703
2 87 591 708
1 400 697 433
3 139 712
2 19 992 734
1 88 878 819
3 71 764
2 133 579 -718
1 675 735 217
3 36 974
2 182 915 298
1 47 59 456
3 131 949
2 123 967 -976
1 193 988 455
3 90 744
2 295 730 -456
1 372 585 828
3 263 758
2 285 638 -973
1 98 993 636
3 143 879
2 290 595 859
1 636 775 540
3 93 878
2 277 837 658
1 182 804 889
3 276 940
2 285 395 875
1 355 781 770
3 125 835
2 69 972 -762
1 564 627 263
3 155 784
2 167 909 475
1 420 606 163
3 21 789
2 611 847 -376
1 493 642 400
3 167 717
2 792 931 440
1 343 996 98
3 156 717
2 223 284 -734
1 116 797 138
3 288 878
2 578 789 277
1 115 970 196
3 238 971
2 174 326 168
1 788 942 688
3 250 710
2 382 603 499
1 2 723 167
3 61 933
2 560 596 -4
1 45 393 541
3 176 790
2 133 372 -637
1 410 827 195
3 174 903
2 620 854 76
1 33 428 189
3 40 996
2 360 534 396
1 38 761 304
3 104 991
2 61 415 -574
1 25 329 450
3 132 894
2 20 683 -95
1 866 943 572
3 255 852
2 39 397 -135
1 735 838 130
3 234 709
2 114 162 923
1 873 929 656
3 153 760
2 543 594 -51
1 406 490 949
3 224 928
2 591 735 -542
1 230 595 173
3 285 944
2 575 685 847
1 202 647 812
3 243 750
2 46 884 602
1 713 872 251
3 95 797
2 469 970 537
1 11 937 698
3 7 796
2 6 384 62
1 807 817 725
3 140 795
2 452 621 -512
1 356 841 5
3 57 702
2 213 682 189
1 33 652 520
3 28 789
2 124 467 703
1 689 976 437
3 31 927
2 957 1000 -437
1 706 900 691
3 233 879
2 291 794 -119
1 246 288 344
3 80 919
2 94 239 468
1 349 908 933
3 272 806
2 289 873 38
1 830 986 26
3 64 706
2 149 379 -475
1 237 741 767
3 285 912
2 404 711 466
1 564 633 237
3 127 958
2 881 903 -76
1 100 437 479
3 189 994
2 675 993 96
1 135 870 224
3 202 930
2 415 727 157
1 350 1000 93
3 112 792
2 194 834 887
1 110 782 17
3 242 844
2 539 917 348
1 913 927 347
3 60 979
2 13 932 -53
1 176 473 878
3 137 965
2 215 482 147
1 483 935 445
3 261 738
2 696 953 -756
1 184 789 1
3 39 874
2 189 270 -825
1 153 763 673
3 121 763
2 491 761 -880
1 344 752 415
3 72 952
2 66 187 -868
1 931 971 228
3 213 996
2 551 835 974
1 385 553 986
3 236 817
2 42 410 -454
1 336 913 273
3 293 857
2 393 708 64
1 16 407 412
3 72 747
2 674 718 215
1 23 475 918
3 115 711
2 717 868 -449
1 285 585 819
3 101 839
2 457 913 495
1 241 610 557
3 29 989
2 124 972 -419
1 296 381 23
3 132 858
2 64 244 -912
1 159 160 639
3 151 706
2 54 712 532
1 625 838 932
3 223 894
2 331 990 -341
1 293 849 48
3 197 818
2 959 971 -242
1 157 657 9
3 56 929
2 83 794 284
1 743 986 530
3 107 795
2 806 943 489
1 755 963 623
3 49 880
2 795 798 986
1 599 820 627
3 273 880
2 115 215 20
1 255 796 989
3 85 806
2 128 311 765
1 553 689 780
3 150 773
2 345 794 334
1 410 526 578
3 18 950
2 148 556 -280
1 180 757 782
3 219 954
2 29 964 288
1 41 924 85
3 39 850
2 661 889 -312
1 118 732 223
3 287 923
2 553 654 50
1 567 571 426
3 176 957
2 420 423 -52
1 97 844 297
3 236 724
2 72 448 -700
1 437 632 498
3 64 991
2 29 935 11
1 267 407 526
3 159 821
2 245 481 -763
1 436 451 794
3 265 911
2 748 823 784
1 383 829 705
3 55 818
2 360 516 -238
1 29 443 194
3 170 978
2 88 251 -504
1 701 933 661
3 275 863
2 345 347 861
1 113 647 909
3 157 981
2 177 393 126
1 220 948 522
3 85 936
2 252 630 -124
1 202 456 515
3 128 873
2 113 999 -278
1 503 504 778
3 285 880
2 250 566 110
1 3 293 922
3 30 776
2 323 999 400
1 475 653 553
3 93 814
2 399 898 -94
1 178 709 62
3 95 731
2 472 840 274
1 292 800 978
3 124 860
2 368 623 307
1 174 995 600
3 69 721
2 413 767 154
1 195 758 51
3 120 833
2 447 612 31
1 247 699 940
3 39 872
2 518 582 292
1 245 834 690
3 205 952
2 22 599 451
1 132 348 987
3 284 810
2 747 851 43
1 1 338 918
3 146 770
2 190 877 -557
1 393 944 758
3 106 727
2 122 427 -692
1 126 949 129
3 97 872
2 386 480 321
1 749 783 359
3 235 743
2 278 600 107
1 262 612 505
3 70 832
2 433 968 -483
1 515 858 403
3 105 930
2 75 853 363
1 112 724 764
3 70 835
2 568 598 553
1 499 864 734
3 221 747
2 178 735 -455
1 305 924 338
3 287 968
2 37 509 734
1 83 357 602
3 27 843
2 203 563 -624
1 141 300 154
3 218 781
2 516 814 -596
1 255 417 969
3 240 840
2 239 878 479
1 263 507 55
3 69 789
2 174 210 -70
1 65 633 159
3 289 957
2 447 815 -712
1 27 815 89
3 144 891
2 291 759 311
1 109 306 976
3 133 773
2 232 914 -70
1 448 679 264
3 157 927
2 316 456 579
1 805 915 370
3 44 825
2 154 428 -938
1 334 788 326
3 56 719
2 48 806 -650
1 18 515 984
3 58 738
2 270 546 -180
1 143 780 892
3 184 720
2 381 544 925
1 130 924 567
3 271 753
2 434 822 -662
1 714 927 646
3 78 755
2 417 577 -215
1 115 756 558
3 17 792
2 153 872 665
1 418 559 959
3 240 834
2 243 420 -611
1 664 930 177
3 219 706
2 467 997 -44
1 842 886 272
3 231 726
2 62 393 -634
1 199 364 781
3 18 844
2 385 903 -336
1 461 562 694
3 5 763
2 651 726 -200
1 279 655 139
3 105 760
2 228 723 209
1 160 918 155
3 69 879
2 204 964 704
1 78 341 114
3 270 865
2 562 569 -440
1 293 752 617
3 290 975
2 696 833 186
1 495 921 937
3 152 816
2 283 540 868
1 228 318 820
3 14 889
2 711 766 -373
1 584 976 879
3 197 719
2 388 938 -189
1 57 384 752
3 70 868
2 91 228 -906
1 172 929 207
3 161 883
2 241 645 721
1 791 894 470
3 168 753
2 238 322 158
1 856 885 274
3 219 712
2 243 772 156
1 455 872 763
3 83 965
2 524 626 783
1 586 998 260
3 78 992
2 660 746 934
1 206 452 575
3 217 742
2 337 835 1
1 585 800 658
3 215 785
2 441 590 -98
1 414 552 616
3 135 756
2 426 542 574
1 135 523 545
3 2 994
2 325 792 749
1 49 652 691
3 71 901
2 567 702 -785
1 140 694 466
3 153 997
2 269 948 93
1 691 995 968
3 247 789
2 46 574 986
1 299 935 648
3 299 850
2 329 602 350
1 149 461 251
3 293 760
2 122 509 -860
1 30 538 56
3 146 781
2 4 402 345
1 1 367 454
3 269 901
2 33 464 32
1 130 216 93
3 218 960
2 861 876 1000
1 828 881 198
3 285 743
2 324 773 234
1 10 849 695
3 166 903
2 279 929 637
1 327 399 968
3 278 715
2 551 892 710
1 188 371 780
3 217 828
2 854 994 -258
1 180 598 660
3 2 977
2 360 463 -151
1 618 673 388
3 71 840
2 240 562 -551
1 507 615 545
3 14 804
2 476 491 -462
1 186 314 328
3 129 968
2 239 470 958
1 377 456 375
3 52 712
2 22 485 -969
1 49 848 965
3 128 876
2 85 973 47
1 248 713 63
3 167 867
2 478 848 166
1 173 998 903
3 132 997
2 156 597 380
1 153 607 119
3 94 744
2 878 960 -979
1 22 487 241
3 112 863
2 620 987 -895
1 281 496 733
3 22 806
2 905 960 386
1 300 644 225
3 283 720
2 52 159 586
1 213 536 122
3 200 785
2 478 776 689
1 508 948 281
3 45 794
2 361 855 -924
1 457 980 54
3 97 742
2 492 738 -687
1 523 640 898
3 110 808
2 549 679 -294
1 887 953 121
3 204 821
2 331 916 -37
1 148 615 982
3 165 841
2 300 740 -667
1 255 299 346
3 121 805
2 540 721 606
1 145 529 330
3 217 806
2 69 993 -283
1 221 974 897
3 149 769
2 256 993 475
1 339 514 883
3 122 834
2 707 936 850
1 624 887 418
3 161 762
2 273 329 -949
1 89 834 313
3 12 1000
2 175 513 -56
1 198 941 243
3 203 945
2 47 527 -804
1 559 835 499
3 135 845
2 255 427 535
1 67 669 683
3 166 905
2 4 338 736
1 964 987 616
3 276 1000
2 103 961 -554
1 447 937 549
3 24 848
2 450 818 452
1 869 1000 419
3 200 940
2 473 726 809
1 374 892 912
3 150 885
2 750 941 -945
1 634 768 198
3 71 768
2 59 856 -93
1 76 945 608
3 221 932
2 98 941 -933
1 369 723 672
3 49 822
2 176 561 45
1 733 918 764
3 266 847
2 84 174 468
1 19 589 509
3 2 938
2 47 388 947
1 18 622 383
3 3 847
2 113 903 727
1 249 462 524
3 10 899
2 322 798 162
1 111 277 148
3 225 980
2 629 830 233
1 67 584 340
3 21 962
2 306 925 675
1 36 129 601
3 195 889
2 174 225 -121
1 669 814 773
3 196 836
2 64 103 417
1 606 623 602
3 76 929
2 22 208 663
1 317 854 732
3 164 972
2 340 500 451
1 783 936 870
3 73 791
2 754 997 -400
1 828 908 128
3 245 921
2 283 955 385
1 493 663 17
3 272 783
2 54 548 -200
1 376 753 487
3 288 826
2 265 613 322
1 734 746 429
3 290 869
2 80 216 -325
